# Hello World! This is dune-eigensolver.
# hardware number of threads is 128 number of threads used is 1
# 8 8
# Smallest eigenvalues convergence test

#  n: 67600 A.N(): 67600 br: 1
# GeneralizedInverseAdaptive:  time_total=5.127385e+01 time_factorization=3.222240e-01 iterations=393 outer_iterations=4

# Arpack: time_total=1.567318e+01 iterations=1

# Eigensolver elapsed time 5.127863e+01

# N=67600 M=144 ACCURACY=5.000000e-01 TOL=2.000000e-02 THRESHOLD=9.200000e-02 ESARERROR=1.075402e-01 ARPERROR=2.863554e-10 ESANERROR=5.412337e-16 TIMERATIO=3.271743e+00 \\

## gen: ftw     ARP-SMALL-TOL  ARPACK-TOL  ES-ARP-SMALL  ES-AR ERROR
00 1.392766e-15 5.507747e-17 5.507747e-17 1.337689e-15 1.337689e-15
01 5.604527e-03 5.604527e-03 5.604527e-03 9.194034e-17 9.107298e-17
02 5.604527e-03 5.604527e-03 5.604527e-03 2.055647e-16 2.020953e-16
03 8.364570e-03 8.364570e-03 8.364570e-03 3.694961e-16 3.747003e-16
04 1.867846e-02 1.867846e-02 1.867846e-02 4.510281e-16 4.996004e-16
05 1.998226e-02 1.998226e-02 1.998226e-02 1.956629e-13 1.956768e-13
06 1.998226e-02 1.998226e-02 1.998226e-02 1.687124e-11 1.687127e-11
07 2.019289e-02 2.019289e-02 2.019289e-02 1.706884e-11 1.706883e-11
08 3.249102e-02 3.249102e-02 3.249102e-02 6.314393e-16 6.106227e-16
09 3.360925e-02 3.360925e-02 3.360925e-02 5.481726e-16 5.273559e-16
10 3.360925e-02 3.360925e-02 3.360925e-02 5.065393e-16 4.857226e-16
11 3.488629e-02 3.488629e-02 3.488629e-02 6.175616e-16 6.522560e-16
12 4.663988e-02 4.663988e-02 4.663988e-02 7.563394e-16 7.702172e-16
13 4.820242e-02 4.820242e-02 4.820242e-02 6.869505e-16 6.245005e-16
14 4.820242e-02 4.820242e-02 4.820242e-02 7.008283e-16 8.465451e-16
15 4.983381e-02 4.983381e-02 4.983381e-02 6.938894e-16 6.938894e-16
16 6.142594e-02 6.142594e-02 6.142594e-02 5.759282e-16 5.759282e-16
17 6.335507e-02 6.335507e-02 6.335507e-02 5.689893e-16 5.412337e-16
18 6.335507e-02 6.335507e-02 6.335507e-02 6.245005e-16 4.579670e-16
19 6.536816e-02 6.536816e-02 6.536816e-02 4.857226e-16 5.134781e-16
20 7.676862e-02 7.676862e-02 7.676862e-02 3.608225e-16 3.330669e-16
21 7.904383e-02 7.904383e-02 7.904383e-02 3.885781e-16 1.804112e-16
22 7.904383e-02 7.904383e-02 7.904383e-02 6.522560e-16 5.273559e-16
23 8.140616e-02 8.140616e-02 8.140616e-02 7.077672e-16 6.661338e-16
24 9.261371e-02 9.261371e-02 9.261371e-02 1.513532e-11 1.513530e-11
25 9.521091e-02 9.521091e-02 9.521091e-02 1.506700e-11 1.506688e-11
26 9.521091e-02 9.521091e-02 9.521091e-02 2.862851e-10 2.862851e-10
27 9.789732e-02 9.789732e-02 9.789732e-02 2.863554e-10 2.863554e-10
28 1.089021e-01 1.089021e-01 1.089021e-01 4.023726e-13 4.018313e-13
29 1.117968e-01 1.117968e-01 1.117968e-01 1.618150e-14 1.595946e-14
30 1.117968e-01 1.117968e-01 1.117968e-01 2.170028e-12 2.169750e-12
31 1.147802e-01 1.147802e-01 1.147802e-01 2.589651e-12 2.589706e-12
