# Hello World! This is dune-eigensolver.
# hardware number of threads is 128 number of threads used is 1
# 8 8
# Smallest eigenvalues convergence test

#  n: 67600 A.N(): 67600 br: 1
# GeneralizedInverseAdaptive:  time_total=3.297472e+01 time_factorization=3.197923e-01 iterations=506 outer_iterations=4

# Arpack: time_total=1.559784e+01 iterations=1

# Eigensolver elapsed time 3.297975e+01

# N=67600 M=144 ACCURACY=2.500000e-01 TOL=1.000000e-01 THRESHOLD=9.200000e-02 ESARERROR=1.075402e-01 ARPERROR=6.482747e-07 ESANERROR=5.412337e-16 TIMERATIO=2.114379e+00 \\

## gen: ftw     ARP-SMALL-TOL  ARPACK-TOL  ES-ARP-SMALL  ES-AR ERROR
00 1.387128e-15 5.507747e-17 5.507747e-17 1.332051e-15 1.332051e-15
01 5.604527e-03 5.604527e-03 5.604527e-03 8.153200e-17 8.066464e-17
02 5.604527e-03 5.604527e-03 5.604527e-03 2.003606e-16 1.968911e-16
03 8.364570e-03 8.364570e-03 8.364570e-03 3.209238e-16 3.261280e-16
04 1.867846e-02 1.867846e-02 1.867846e-02 4.579670e-16 5.065393e-16
05 1.998227e-02 1.998226e-02 1.998226e-02 7.472648e-09 7.472648e-09
06 1.998290e-02 1.998226e-02 1.998226e-02 6.408020e-07 6.408020e-07
07 2.019224e-02 2.019289e-02 2.019289e-02 6.482747e-07 6.482747e-07
08 3.249102e-02 3.249102e-02 3.249102e-02 6.245005e-16 6.036838e-16
09 3.360925e-02 3.360925e-02 3.360925e-02 4.579670e-16 4.371503e-16
10 3.360925e-02 3.360925e-02 3.360925e-02 5.898060e-16 5.689893e-16
11 3.488629e-02 3.488629e-02 3.488629e-02 6.591949e-16 6.938894e-16
12 4.663988e-02 4.663988e-02 4.663988e-02 5.273559e-16 5.412337e-16
13 4.820242e-02 4.820242e-02 4.820242e-02 6.938894e-16 6.314393e-16
14 4.820242e-02 4.820242e-02 4.820242e-02 7.077672e-16 8.534840e-16
15 4.983381e-02 4.983381e-02 4.983381e-02 8.604228e-16 8.604228e-16
16 6.142594e-02 6.142594e-02 6.142594e-02 4.093947e-16 4.093947e-16
17 6.335507e-02 6.335507e-02 6.335507e-02 4.718448e-16 4.440892e-16
18 6.335507e-02 6.335507e-02 6.335507e-02 5.273559e-16 3.608225e-16
19 6.536816e-02 6.536816e-02 6.536816e-02 6.106227e-16 6.383782e-16
20 7.676862e-02 7.676862e-02 7.676862e-02 1.387779e-17 4.163336e-17
21 7.904383e-02 7.904383e-02 7.904383e-02 5.967449e-16 3.885781e-16
22 7.904383e-02 7.904383e-02 7.904383e-02 5.551115e-16 4.302114e-16
23 8.140616e-02 8.140616e-02 8.140616e-02 4.440892e-16 4.024558e-16
24 9.261371e-02 9.261371e-02 9.261371e-02 2.342571e-14 2.339795e-14
25 9.521091e-02 9.521091e-02 9.521091e-02 2.438327e-14 2.425837e-14
26 9.521091e-02 9.521091e-02 9.521091e-02 5.088985e-13 5.089124e-13
27 9.789732e-02 9.789732e-02 9.789732e-02 5.100226e-13 5.100365e-13
28 1.089021e-01 1.089021e-01 1.089021e-01 1.137979e-15 5.967449e-16
29 1.117968e-01 1.117968e-01 1.117968e-01 4.024558e-16 6.245005e-16
30 1.117968e-01 1.117968e-01 1.117968e-01 3.080869e-15 2.803313e-15
31 1.147802e-01 1.147802e-01 1.147802e-01 4.621303e-15 4.676814e-15
