# Hello World! This is dune-eigensolver.
# hardware number of threads is 128 number of threads used is 1
# 8 8
# Smallest eigenvalues convergence test

#  n: 67600 A.N(): 67600 br: 1
# GeneralizedInverseAdaptive:  time_total=8.286534e+00 time_factorization=3.224123e-01 iterations=106 outer_iterations=4

# Arpack: time_total=1.575627e+01 iterations=1

# Eigensolver elapsed time 8.291711e+00

# N=67600 M=144 ACCURACY=1.000000e+00 TOL=2.000000e-01 THRESHOLD=9.200000e-02 ESARERROR=1.075334e-01 ARPERROR=1.216595e-03 ESANERROR=5.412337e-16 TIMERATIO=5.262484e-01 \\

## gen: ftw     ARP-SMALL-TOL  ARPACK-TOL  ES-ARP-SMALL  ES-AR ERROR
00 1.387128e-15 5.507747e-17 5.507747e-17 1.332051e-15 1.332051e-15
01 5.604527e-03 5.604527e-03 5.604527e-03 1.240327e-16 1.231654e-16
02 5.604527e-03 5.604527e-03 5.604527e-03 1.769418e-16 1.734723e-16
03 8.364570e-03 8.364570e-03 8.364570e-03 3.833739e-16 3.885781e-16
04 1.867846e-02 1.867846e-02 1.867846e-02 2.256292e-12 2.256244e-12
05 2.000451e-02 1.998226e-02 1.998226e-02 2.225553e-05 2.225553e-05
06 2.015196e-02 1.998226e-02 1.998226e-02 1.697055e-04 1.697055e-04
07 2.000093e-02 2.019289e-02 2.019289e-02 1.919610e-04 1.919610e-04
08 3.249121e-02 3.249102e-02 3.249102e-02 1.921563e-07 1.921563e-07
09 3.360922e-02 3.360925e-02 3.360925e-02 3.111111e-08 3.111111e-08
10 3.360911e-02 3.360925e-02 3.360925e-02 1.360263e-07 1.360263e-07
11 3.488626e-02 3.488629e-02 3.488629e-02 2.501887e-08 2.501887e-08
12 4.663998e-02 4.663988e-02 4.663988e-02 9.777779e-08 9.777779e-08
13 4.820245e-02 4.820242e-02 4.820242e-02 2.813268e-08 2.813268e-08
14 4.820232e-02 4.820242e-02 4.820242e-02 9.466661e-08 9.466661e-08
15 4.983378e-02 4.983381e-02 4.983381e-02 3.124386e-08 3.124386e-08
16 6.142671e-02 6.142594e-02 6.142594e-02 7.748980e-07 7.748980e-07
17 6.335445e-02 6.335507e-02 6.335507e-02 6.184122e-07 6.184122e-07
18 6.335818e-02 6.335507e-02 6.335507e-02 3.112388e-06 3.112388e-06
19 6.536489e-02 6.536816e-02 6.536816e-02 3.268874e-06 3.268874e-06
20 7.676876e-02 7.676862e-02 7.676862e-02 1.426780e-07 1.426780e-07
21 7.904372e-02 7.904383e-02 7.904383e-02 1.140848e-07 1.140848e-07
22 7.904581e-02 7.904383e-02 7.904383e-02 1.977144e-06 1.977144e-06
23 8.140416e-02 8.140616e-02 8.140616e-02 2.005737e-06 2.005737e-06
24 9.270082e-02 9.261371e-02 9.261371e-02 8.710463e-05 8.710463e-05
25 9.512427e-02 9.521091e-02 9.521091e-02 8.663621e-05 8.663621e-05
26 9.642704e-02 9.521091e-02 9.521091e-02 1.216126e-03 1.216126e-03
27 9.668072e-02 9.789732e-02 9.789732e-02 1.216595e-03 1.216595e-03
28 1.089034e-01 1.089021e-01 1.089021e-01 1.311575e-06 1.311575e-06
29 1.117968e-01 1.117968e-01 1.117968e-01 5.339412e-09 5.339412e-09
30 1.118024e-01 1.117968e-01 1.117968e-01 5.555909e-06 5.555909e-06
31 1.147733e-01 1.147802e-01 1.147802e-01 6.861314e-06 6.861314e-06
