# Hello World! This is dune-eigensolver.
# hardware number of threads is 128 number of threads used is 1
# 8 8
# Smallest eigenvalues convergence test

#  n: 67600 A.N(): 67600 br: 1
# GeneralizedInverseAdaptive:  time_total=2.716943e+01 time_factorization=3.200556e-01 iterations=419 outer_iterations=4

# Arpack: time_total=1.566842e+01 iterations=1

# Eigensolver elapsed time 2.717374e+01

# N=67600 M=144 ACCURACY=2.500000e-01 TOL=2.000000e-01 THRESHOLD=9.200000e-02 ESARERROR=1.075402e-01 ARPERROR=4.507630e-06 ESANERROR=5.412337e-16 TIMERATIO=1.734301e+00 \\

## gen: ftw     ARP-SMALL-TOL  ARPACK-TOL  ES-ARP-SMALL  ES-AR ERROR
00 1.392766e-15 5.507747e-17 5.507747e-17 1.337689e-15 1.337689e-15
01 5.604527e-03 5.604527e-03 5.604527e-03 6.505213e-17 6.418477e-17
02 5.604527e-03 5.604527e-03 5.604527e-03 2.506675e-16 2.471981e-16
03 8.364570e-03 8.364570e-03 8.364570e-03 3.486794e-16 3.538836e-16
04 1.867846e-02 1.867846e-02 1.867846e-02 4.198031e-16 4.683753e-16
05 1.998231e-02 1.998226e-02 1.998226e-02 5.292078e-08 5.292078e-08
06 1.998671e-02 1.998226e-02 1.998226e-02 4.454709e-06 4.454709e-06
07 2.018838e-02 2.019289e-02 2.019289e-02 4.507630e-06 4.507630e-06
08 3.249102e-02 3.249102e-02 3.249102e-02 2.567391e-16 2.359224e-16
09 3.360925e-02 3.360925e-02 3.360925e-02 7.285839e-16 7.077672e-16
10 3.360925e-02 3.360925e-02 3.360925e-02 8.673617e-16 8.465451e-16
11 3.488629e-02 3.488629e-02 3.488629e-02 6.800116e-16 7.147061e-16
12 4.663988e-02 4.663988e-02 4.663988e-02 4.649059e-16 4.787837e-16
13 4.820242e-02 4.820242e-02 4.820242e-02 5.898060e-16 5.273559e-16
14 4.820242e-02 4.820242e-02 4.820242e-02 1.054712e-15 1.200429e-15
15 4.983381e-02 4.983381e-02 4.983381e-02 7.702172e-16 7.702172e-16
16 6.142594e-02 6.142594e-02 6.142594e-02 5.377643e-15 5.377643e-15
17 6.335507e-02 6.335507e-02 6.335507e-02 4.954370e-15 4.926615e-15
18 6.335507e-02 6.335507e-02 6.335507e-02 2.065015e-14 2.081668e-14
19 6.536816e-02 6.536816e-02 6.536816e-02 2.313427e-14 2.316203e-14
20 7.676862e-02 7.676862e-02 7.676862e-02 2.622902e-15 2.650657e-15
21 7.904383e-02 7.904383e-02 7.904383e-02 2.997602e-15 2.789435e-15
22 7.904383e-02 7.904383e-02 7.904383e-02 1.695866e-14 1.708356e-14
23 8.140616e-02 8.140616e-02 8.140616e-02 1.799949e-14 1.795786e-14
24 9.261371e-02 9.261371e-02 9.261371e-02 2.755754e-12 2.755726e-12
25 9.521091e-02 9.521091e-02 9.521091e-02 2.742306e-12 2.742181e-12
26 9.521091e-02 9.521091e-02 9.521091e-02 7.753204e-11 7.753205e-11
27 9.789732e-02 9.789732e-02 9.789732e-02 7.754755e-11 7.754757e-11
28 1.089021e-01 1.089021e-01 1.089021e-01 1.042361e-13 1.036948e-13
29 1.117968e-01 1.117968e-01 1.117968e-01 3.733125e-14 3.755329e-14
30 1.117968e-01 1.117968e-01 1.117968e-01 2.033096e-13 2.030320e-13
31 1.147802e-01 1.147802e-01 1.147802e-01 2.711303e-13 2.711859e-13
