# Hello World! This is dune-eigensolver.
# hardware number of threads is 128 number of threads used is 1
# 8 8
# Smallest eigenvalues convergence test

#  n: 67600 A.N(): 67600 br: 1
# GeneralizedSymmetricStewartAdaptive:  time_total=8.768080e-01 time_factorization=3.204529e-01 time_eigendecomposition=4.095860e-04 time_matmul_dense=4.539855e-02 iterations=6 outer_iterations=3

# Arpack: time_total=1.562539e+01 iterations=1

# Eigensolver elapsed time 8.814423e-01

# N=67600 M=144 ACCURACY=5.000000e-01 TOL=1.000000e-03 THRESHOLD=9.200000e-02 ESARERROR=8.986368e-02 ARPERROR=1.381593e-02 ESANERROR=2.081668e-16 TIMERATIO=5.641089e-02 \\

## gen: stw     ARP-SMALL-TOL  ARPACK-TOL  ES-ARP-SMALL  ES-AR ERROR
00 1.099815e-15 5.507747e-17 5.507747e-17 1.044737e-15 1.044737e-15
01 5.604527e-03 5.604527e-03 5.604527e-03 6.765422e-17 6.678685e-17
02 5.604527e-03 5.604527e-03 5.604527e-03 1.613293e-16 1.578598e-16
03 8.364570e-03 8.364570e-03 8.364570e-03 3.105155e-16 3.157197e-16
04 1.867846e-02 1.867846e-02 1.867846e-02 9.020562e-17 1.387779e-16
05 1.998226e-02 1.998226e-02 1.998226e-02 1.040834e-16 1.179612e-16
06 1.998226e-02 1.998226e-02 1.998226e-02 9.950374e-15 9.981599e-15
07 2.019289e-02 2.019289e-02 2.019289e-02 3.469447e-18 6.938894e-18
08 3.249102e-02 3.249102e-02 3.249102e-02 9.913469e-10 9.913470e-10
09 3.360925e-02 3.360925e-02 3.360925e-02 1.720676e-11 1.720678e-11
10 3.360925e-02 3.360925e-02 3.360925e-02 4.149777e-10 4.149777e-10
11 3.488630e-02 3.488629e-02 3.488629e-02 1.705286e-08 1.705286e-08
12 4.664015e-02 4.663988e-02 4.663988e-02 2.671890e-07 2.671890e-07
13 4.820304e-02 4.820242e-02 4.820242e-02 6.257818e-07 6.257818e-07
14 4.822224e-02 4.820242e-02 4.820242e-02 1.981877e-05 1.981877e-05
15 4.998516e-02 4.983381e-02 4.983381e-02 1.513487e-04 1.513487e-04
16 6.185340e-02 6.142594e-02 6.142594e-02 4.274686e-04 4.274686e-04
17 6.382974e-02 6.335507e-02 6.335507e-02 4.746699e-04 4.746699e-04
18 6.459758e-02 6.335507e-02 6.335507e-02 1.242515e-03 1.242515e-03
19 6.609494e-02 6.536816e-02 6.536816e-02 7.267786e-04 7.267786e-04
20 7.703025e-02 7.676862e-02 7.676862e-02 2.616322e-04 2.616322e-04
21 8.366028e-02 7.904383e-02 7.904383e-02 4.616446e-03 4.616446e-03
22 8.555398e-02 7.904383e-02 7.904383e-02 6.510144e-03 6.510144e-03
23 9.522210e-02 8.140616e-02 8.140616e-02 1.381593e-02 1.381593e-02
