# Hello World! This is dune-eigensolver.
# hardware number of threads is 128 number of threads used is 1
# 8 8
# Smallest eigenvalues convergence test

#  n: 67600 A.N(): 67600 br: 1
# GeneralizedInverseAdaptive:  time_total=3.927411e+01 time_factorization=3.197275e-01 iterations=403 outer_iterations=4

# Arpack: time_total=1.574479e+01 iterations=1

# Eigensolver elapsed time 3.927883e+01

# N=67600 M=144 ACCURACY=7.500000e-01 TOL=2.000000e-02 THRESHOLD=9.200000e-02 ESARERROR=1.075402e-01 ARPERROR=6.976497e-09 ESANERROR=5.412337e-16 TIMERATIO=2.494719e+00 \\

## gen: ftw     ARP-SMALL-TOL  ARPACK-TOL  ES-ARP-SMALL  ES-AR ERROR
00 1.392766e-15 5.507747e-17 5.507747e-17 1.337689e-15 1.337689e-15
01 5.604527e-03 5.604527e-03 5.604527e-03 1.448494e-16 1.439820e-16
02 5.604527e-03 5.604527e-03 5.604527e-03 2.879641e-16 2.844947e-16
03 8.364570e-03 8.364570e-03 8.364570e-03 3.729655e-16 3.781697e-16
04 1.867846e-02 1.867846e-02 1.867846e-02 4.822531e-16 5.308254e-16
05 1.998226e-02 1.998226e-02 1.998226e-02 8.017534e-11 8.017536e-11
06 1.998227e-02 1.998226e-02 1.998226e-02 6.896320e-09 6.896320e-09
07 2.019288e-02 2.019289e-02 2.019289e-02 6.976497e-09 6.976497e-09
08 3.249102e-02 3.249102e-02 3.249102e-02 6.383782e-16 6.175616e-16
09 3.360925e-02 3.360925e-02 3.360925e-02 5.828671e-16 5.620504e-16
10 3.360925e-02 3.360925e-02 3.360925e-02 4.996004e-16 4.787837e-16
11 3.488629e-02 3.488629e-02 3.488629e-02 6.800116e-16 7.147061e-16
12 4.663988e-02 4.663988e-02 4.663988e-02 8.049117e-16 8.187895e-16
13 4.820242e-02 4.820242e-02 4.820242e-02 6.245005e-16 5.620504e-16
14 4.820242e-02 4.820242e-02 4.820242e-02 6.453171e-16 7.910339e-16
15 4.983381e-02 4.983381e-02 4.983381e-02 7.285839e-16 7.285839e-16
16 6.142594e-02 6.142594e-02 6.142594e-02 5.065393e-16 5.065393e-16
17 6.335507e-02 6.335507e-02 6.335507e-02 5.551115e-16 5.273559e-16
18 6.335507e-02 6.335507e-02 6.335507e-02 7.355228e-16 5.689893e-16
19 6.536816e-02 6.536816e-02 6.536816e-02 5.134781e-16 5.412337e-16
20 7.676862e-02 7.676862e-02 7.676862e-02 4.302114e-16 4.024558e-16
21 7.904383e-02 7.904383e-02 7.904383e-02 4.163336e-16 2.081668e-16
22 7.904383e-02 7.904383e-02 7.904383e-02 6.800116e-16 5.551115e-16
23 8.140616e-02 8.140616e-02 8.140616e-02 5.134781e-16 4.718448e-16
24 9.261371e-02 9.261371e-02 9.261371e-02 8.755566e-12 8.755538e-12
25 9.521091e-02 9.521091e-02 9.521091e-02 8.716444e-12 8.716319e-12
26 9.521091e-02 9.521091e-02 9.521091e-02 1.650419e-10 1.650419e-10
27 9.789732e-02 9.789732e-02 9.789732e-02 1.650829e-10 1.650829e-10
28 1.089021e-01 1.089021e-01 1.089021e-01 2.388922e-13 2.383510e-13
29 1.117968e-01 1.117968e-01 1.117968e-01 8.881784e-15 8.659740e-15
30 1.117968e-01 1.117968e-01 1.117968e-01 1.287359e-12 1.287082e-12
31 1.147802e-01 1.147802e-01 1.147802e-01 1.536896e-12 1.536951e-12
