# Hello World! This is dune-eigensolver.
# hardware number of threads is 128 number of threads used is 1
# 8 8
# Smallest eigenvalues convergence test

#  n: 67600 A.N(): 67600 br: 1
# GeneralizedInverseAdaptive:  time_total=1.958233e+01 time_factorization=3.222736e-01 iterations=215 outer_iterations=4

# Arpack: time_total=1.567645e+01 iterations=1

# Eigensolver elapsed time 1.958751e+01

# N=67600 M=144 ACCURACY=1.000000e+00 TOL=2.000000e-02 THRESHOLD=9.200000e-02 ESARERROR=1.075402e-01 ARPERROR=1.982195e-05 ESANERROR=5.412337e-16 TIMERATIO=1.249486e+00 \\

## gen: ftw     ARP-SMALL-TOL  ARPACK-TOL  ES-ARP-SMALL  ES-AR ERROR
00 1.392766e-15 5.507747e-17 5.507747e-17 1.337689e-15 1.337689e-15
01 5.604527e-03 5.604527e-03 5.604527e-03 1.387779e-16 1.379105e-16
02 5.604527e-03 5.604527e-03 5.604527e-03 2.367898e-16 2.333203e-16
03 8.364570e-03 8.364570e-03 8.364570e-03 3.694961e-16 3.747003e-16
04 1.867846e-02 1.867846e-02 1.867846e-02 4.544976e-16 5.030698e-16
05 1.998251e-02 1.998226e-02 1.998226e-02 2.511558e-07 2.511558e-07
06 2.000183e-02 1.998226e-02 1.998226e-02 1.957079e-05 1.957079e-05
07 2.017307e-02 2.019289e-02 2.019289e-02 1.982195e-05 1.982195e-05
08 3.249102e-02 3.249102e-02 3.249102e-02 5.407480e-14 5.409562e-14
09 3.360925e-02 3.360925e-02 3.360925e-02 1.845052e-14 1.842970e-14
10 3.360925e-02 3.360925e-02 3.360925e-02 3.636674e-14 3.634593e-14
11 3.488629e-02 3.488629e-02 3.488629e-02 1.491862e-15 1.526557e-15
12 4.663988e-02 4.663988e-02 4.663988e-02 2.461226e-14 2.459838e-14
13 4.820242e-02 4.820242e-02 4.820242e-02 1.040834e-16 4.163336e-17
14 4.820242e-02 4.820242e-02 4.820242e-02 2.404327e-14 2.418898e-14
15 4.983381e-02 4.983381e-02 4.983381e-02 3.365364e-15 3.365364e-15
16 6.142594e-02 6.142594e-02 6.142594e-02 2.942091e-12 2.942091e-12
17 6.335507e-02 6.335507e-02 6.335507e-02 2.174330e-12 2.174302e-12
18 6.335507e-02 6.335507e-02 6.335507e-02 2.284956e-11 2.284972e-11
19 6.536816e-02 6.536816e-02 6.536816e-02 2.361977e-11 2.361980e-11
20 7.676862e-02 7.676862e-02 7.676862e-02 1.517994e-12 1.518022e-12
21 7.904383e-02 7.904383e-02 7.904383e-02 1.764977e-13 1.762895e-13
22 7.904383e-02 7.904383e-02 7.904383e-02 3.943114e-11 3.943126e-11
23 8.140616e-02 8.140616e-02 8.140616e-02 4.077451e-11 4.077447e-11
24 9.261397e-02 9.261371e-02 9.261371e-02 2.576196e-07 2.576196e-07
25 9.521065e-02 9.521091e-02 9.521091e-02 2.563965e-07 2.563965e-07
26 9.521608e-02 9.521091e-02 9.521091e-02 5.173555e-06 5.173555e-06
27 9.789214e-02 9.789732e-02 9.789732e-02 5.174778e-06 5.174778e-06
28 1.089021e-01 1.089021e-01 1.089021e-01 4.213911e-09 4.213910e-09
29 1.117968e-01 1.117968e-01 1.117968e-01 3.378270e-10 3.378268e-10
30 1.117968e-01 1.117968e-01 1.117968e-01 2.358907e-08 2.358907e-08
31 1.147802e-01 1.147802e-01 1.147802e-01 2.814081e-08 2.814081e-08
