# Hello World! This is dune-eigensolver.
# hardware number of threads is 128 number of threads used is 1
# 8 8
# Smallest eigenvalues convergence test

#  n: 67600 A.N(): 67600 br: 1
# GeneralizedInverseAdaptive:  time_total=3.565406e+01 time_factorization=3.203115e-01 iterations=295 outer_iterations=4

# Arpack: time_total=1.565811e+01 iterations=1

# Eigensolver elapsed time 3.565959e+01

# N=67600 M=144 ACCURACY=1.000000e+00 TOL=2.000000e-03 THRESHOLD=9.200000e-02 ESARERROR=1.075402e-01 ARPERROR=6.325427e-08 ESANERROR=5.412337e-16 TIMERATIO=2.277388e+00 \\

## gen: ftw     ARP-SMALL-TOL  ARPACK-TOL  ES-ARP-SMALL  ES-AR ERROR
00 1.392766e-15 5.507747e-17 5.507747e-17 1.337689e-15 1.337689e-15
01 5.604527e-03 5.604527e-03 5.604527e-03 1.101549e-16 1.092876e-16
02 5.604527e-03 5.604527e-03 5.604527e-03 1.517883e-16 1.483189e-16
03 8.364570e-03 8.364570e-03 8.364570e-03 4.041906e-16 4.093947e-16
04 1.867846e-02 1.867846e-02 1.867846e-02 5.065393e-16 5.551115e-16
05 1.998226e-02 1.998226e-02 1.998226e-02 1.941042e-11 1.941043e-11
06 1.998226e-02 1.998226e-02 1.998226e-02 1.669683e-09 1.669683e-09
07 2.019289e-02 2.019289e-02 2.019289e-02 1.689096e-09 1.689096e-09
08 3.249102e-02 3.249102e-02 3.249102e-02 5.620504e-16 5.412337e-16
09 3.360925e-02 3.360925e-02 3.360925e-02 5.898060e-16 5.689893e-16
10 3.360925e-02 3.360925e-02 3.360925e-02 6.800116e-16 6.591949e-16
11 3.488629e-02 3.488629e-02 3.488629e-02 6.730727e-16 7.077672e-16
12 4.663988e-02 4.663988e-02 4.663988e-02 8.673617e-16 8.812395e-16
13 4.820242e-02 4.820242e-02 4.820242e-02 5.065393e-16 4.440892e-16
14 4.820242e-02 4.820242e-02 4.820242e-02 5.412337e-16 6.869505e-16
15 4.983381e-02 4.983381e-02 4.983381e-02 7.494005e-16 7.494005e-16
16 6.142594e-02 6.142594e-02 6.142594e-02 1.804112e-16 1.804112e-16
17 6.335507e-02 6.335507e-02 6.335507e-02 5.412337e-16 5.134781e-16
18 6.335507e-02 6.335507e-02 6.335507e-02 5.551115e-16 7.216450e-16
19 6.536816e-02 6.536816e-02 6.536816e-02 1.929013e-15 1.956768e-15
20 7.676862e-02 7.676862e-02 7.676862e-02 2.220446e-16 1.942890e-16
21 7.904383e-02 7.904383e-02 7.904383e-02 2.775558e-16 6.938894e-17
22 7.904383e-02 7.904383e-02 7.904383e-02 3.497203e-15 3.622103e-15
23 8.140616e-02 8.140616e-02 8.140616e-02 4.773959e-15 4.732326e-15
24 9.261371e-02 9.261371e-02 9.261371e-02 3.231783e-09 3.231783e-09
25 9.521091e-02 9.521091e-02 9.521091e-02 3.216687e-09 3.216687e-09
26 9.521097e-02 9.521091e-02 9.521091e-02 6.323918e-08 6.323918e-08
27 9.789725e-02 9.789732e-02 9.789732e-02 6.325427e-08 6.325427e-08
28 1.089021e-01 1.089021e-01 1.089021e-01 6.576616e-11 6.576562e-11
29 1.117968e-01 1.117968e-01 1.117968e-01 4.082470e-12 4.082248e-12
30 1.117968e-01 1.117968e-01 1.117968e-01 3.620008e-10 3.620005e-10
31 1.147802e-01 1.147802e-01 1.147802e-01 4.318510e-10 4.318510e-10
