# Hello World! This is dune-eigensolver.
# hardware number of threads is 128 number of threads used is 1
# 8 8
# Smallest eigenvalues convergence test

#  n: 67600 A.N(): 67600 br: 1
# GeneralizedInverseAdaptive:  time_total=3.216335e+01 time_factorization=3.199426e-01 iterations=448 outer_iterations=4

# Arpack: time_total=1.582093e+01 iterations=1

# Eigensolver elapsed time 3.216858e+01

# N=67600 M=144 ACCURACY=5.000000e-01 TOL=1.000000e-01 THRESHOLD=9.200000e-02 ESARERROR=1.075402e-01 ARPERROR=5.527754e-07 ESANERROR=5.412337e-16 TIMERATIO=2.033293e+00 \\

## gen: ftw     ARP-SMALL-TOL  ARPACK-TOL  ES-ARP-SMALL  ES-AR ERROR
00 1.387128e-15 5.507747e-17 5.507747e-17 1.332051e-15 1.332051e-15
01 5.604527e-03 5.604527e-03 5.604527e-03 8.933826e-17 8.847090e-17
02 5.604527e-03 5.604527e-03 5.604527e-03 1.335737e-16 1.301043e-16
03 8.364570e-03 8.364570e-03 8.364570e-03 3.625572e-16 3.677614e-16
04 1.867846e-02 1.867846e-02 1.867846e-02 4.718448e-16 5.204170e-16
05 1.998226e-02 1.998226e-02 1.998226e-02 6.368967e-09 6.368967e-09
06 1.998280e-02 1.998226e-02 1.998226e-02 5.464065e-07 5.464065e-07
07 2.019234e-02 2.019289e-02 2.019289e-02 5.527754e-07 5.527754e-07
08 3.249102e-02 3.249102e-02 3.249102e-02 7.147061e-16 6.938894e-16
09 3.360925e-02 3.360925e-02 3.360925e-02 5.759282e-16 5.551115e-16
10 3.360925e-02 3.360925e-02 3.360925e-02 6.383782e-16 6.175616e-16
11 3.488629e-02 3.488629e-02 3.488629e-02 7.632783e-16 7.979728e-16
12 4.663988e-02 4.663988e-02 4.663988e-02 7.910339e-16 8.049117e-16
13 4.820242e-02 4.820242e-02 4.820242e-02 6.938894e-16 6.314393e-16
14 4.820242e-02 4.820242e-02 4.820242e-02 7.077672e-16 8.534840e-16
15 4.983381e-02 4.983381e-02 4.983381e-02 7.147061e-16 7.147061e-16
16 6.142594e-02 6.142594e-02 6.142594e-02 2.220446e-16 2.220446e-16
17 6.335507e-02 6.335507e-02 6.335507e-02 4.718448e-16 4.440892e-16
18 6.335507e-02 6.335507e-02 6.335507e-02 6.800116e-16 5.134781e-16
19 6.536816e-02 6.536816e-02 6.536816e-02 6.245005e-16 6.522560e-16
20 7.676862e-02 7.676862e-02 7.676862e-02 2.636780e-16 2.359224e-16
21 7.904383e-02 7.904383e-02 7.904383e-02 3.191891e-16 1.110223e-16
22 7.904383e-02 7.904383e-02 7.904383e-02 7.216450e-16 5.967449e-16
23 8.140616e-02 8.140616e-02 8.140616e-02 5.551115e-16 5.134781e-16
24 9.261371e-02 9.261371e-02 9.261371e-02 7.456535e-13 7.456258e-13
25 9.521091e-02 9.521091e-02 9.521091e-02 7.432804e-13 7.431555e-13
26 9.521091e-02 9.521091e-02 9.521091e-02 1.383912e-11 1.383914e-11
27 9.789732e-02 9.789732e-02 9.789732e-02 1.384338e-11 1.384340e-11
28 1.089021e-01 1.089021e-01 1.089021e-01 2.269018e-14 2.214895e-14
29 1.117968e-01 1.117968e-01 1.117968e-01 5.828671e-16 3.608225e-16
30 1.117968e-01 1.117968e-01 1.117968e-01 1.226658e-13 1.223882e-13
31 1.147802e-01 1.147802e-01 1.147802e-01 1.468686e-13 1.469241e-13
