# Hello World! This is dune-eigensolver.
# hardware number of threads is 128 number of threads used is 1
# 8 8
# Smallest eigenvalues convergence test

#  n: 67600 A.N(): 67600 br: 1
# GeneralizedSymmetricStewartAdaptive:  time_total=1.018533e+00 time_factorization=3.233685e-01 time_eigendecomposition=5.221590e-04 time_matmul_dense=5.750692e-02 iterations=8 outer_iterations=3

# Arpack: time_total=1.556520e+01 iterations=1

# Eigensolver elapsed time 1.023705e+00

# N=67600 M=144 ACCURACY=5.000000e-01 TOL=1.000000e-04 THRESHOLD=9.200000e-02 ESARERROR=8.829596e-02 ARPERROR=1.224821e-02 ESANERROR=2.081668e-16 TIMERATIO=6.576886e-02 \\

## gen: stw     ARP-SMALL-TOL  ARPACK-TOL  ES-ARP-SMALL  ES-AR ERROR
00 1.050158e-15 5.507747e-17 5.507747e-17 9.950808e-16 9.950808e-16
01 5.604527e-03 5.604527e-03 5.604527e-03 1.092876e-16 1.084202e-16
02 5.604527e-03 5.604527e-03 5.604527e-03 2.315856e-16 2.281161e-16
03 8.364570e-03 8.364570e-03 8.364570e-03 3.105155e-16 3.157197e-16
04 1.867846e-02 1.867846e-02 1.867846e-02 3.747003e-16 4.232725e-16
05 1.998226e-02 1.998226e-02 1.998226e-02 1.977585e-16 1.838807e-16
06 1.998226e-02 1.998226e-02 1.998226e-02 2.151057e-16 1.838807e-16
07 2.019289e-02 2.019289e-02 2.019289e-02 7.632783e-16 7.528700e-16
08 3.249102e-02 3.249102e-02 3.249102e-02 1.007933e-11 1.007935e-11
09 3.360925e-02 3.360925e-02 3.360925e-02 7.268491e-14 7.270573e-14
10 3.360925e-02 3.360925e-02 3.360925e-02 5.413558e-12 5.413579e-12
11 3.488629e-02 3.488629e-02 3.488629e-02 2.838217e-10 2.838217e-10
12 4.663990e-02 4.663988e-02 4.663988e-02 2.115629e-08 2.115629e-08
13 4.820244e-02 4.820242e-02 4.820242e-02 2.608575e-08 2.608575e-08
14 4.820437e-02 4.820242e-02 4.820242e-02 1.953526e-06 1.953526e-06
15 4.985131e-02 4.983381e-02 4.983381e-02 1.749905e-05 1.749905e-05
16 6.151885e-02 6.142594e-02 6.142594e-02 9.291581e-05 9.291581e-05
17 6.345969e-02 6.335507e-02 6.335507e-02 1.046212e-04 1.046212e-04
18 6.375818e-02 6.335507e-02 6.335507e-02 4.031138e-04 4.031138e-04
19 6.549932e-02 6.536816e-02 6.536816e-02 1.311519e-04 1.311519e-04
20 7.685975e-02 7.676862e-02 7.676862e-02 9.113223e-05 9.113223e-05
21 8.143599e-02 7.904383e-02 7.904383e-02 2.392161e-03 2.392161e-03
22 8.195093e-02 7.904383e-02 7.904383e-02 2.907099e-03 2.907099e-03
23 9.365437e-02 8.140616e-02 8.140616e-02 1.224821e-02 1.224821e-02
