# Hello World! This is dune-eigensolver.
# hardware number of threads is 128 number of threads used is 1
# 8 8
# Smallest eigenvalues convergence test

#  n: 67600 A.N(): 67600 br: 1
# GeneralizedInverseAdaptive:  time_total=4.698926e+00 time_factorization=3.185985e-01 iterations=56 outer_iterations=4

# Arpack: time_total=1.539122e+01 iterations=1

# Eigensolver elapsed time 4.703950e+00

# N=67600 M=144 ACCURACY=5.000000e-01 TOL=2.000000e-01 THRESHOLD=9.200000e-02 ESARERROR=1.074895e-01 ARPERROR=2.673987e-03 ESANERROR=5.412337e-16 TIMERATIO=3.056255e-01 \\

## gen: ftw     ARP-SMALL-TOL  ARPACK-TOL  ES-ARP-SMALL  ES-AR ERROR
00 1.387996e-15 5.507747e-17 5.507747e-17 1.332918e-15 1.332918e-15
01 5.604527e-03 5.604527e-03 5.604527e-03 1.127570e-16 1.118897e-16
02 5.604527e-03 5.604527e-03 5.604527e-03 2.662801e-16 2.628106e-16
03 8.364570e-03 8.364570e-03 8.364570e-03 1.994932e-16 2.046974e-16
04 1.867848e-02 1.867846e-02 1.867846e-02 2.054052e-08 2.054052e-08
05 2.004767e-02 1.998226e-02 1.998226e-02 6.540931e-05 6.540931e-05
06 2.012223e-02 1.998226e-02 1.998226e-02 1.399727e-04 1.399727e-04
07 1.998749e-02 2.019289e-02 2.019289e-02 2.054025e-04 2.054025e-04
08 3.250647e-02 3.249102e-02 3.249102e-02 1.545423e-05 1.545423e-05
09 3.360678e-02 3.360925e-02 3.360925e-02 2.470019e-06 2.470019e-06
10 3.359954e-02 3.360925e-02 3.360925e-02 9.713008e-06 9.713008e-06
11 3.488302e-02 3.488629e-02 3.488629e-02 3.271199e-06 3.271199e-06
12 4.664724e-02 4.663988e-02 4.663988e-02 7.363123e-06 7.363123e-06
13 4.820464e-02 4.820242e-02 4.820242e-02 2.222444e-06 2.222444e-06
14 4.819530e-02 4.820242e-02 4.820242e-02 7.113467e-06 7.113467e-06
15 4.983134e-02 4.983381e-02 4.983381e-02 2.472100e-06 2.472100e-06
16 6.147000e-02 6.142594e-02 6.142594e-02 4.406027e-05 4.406027e-05
17 6.331856e-02 6.335507e-02 6.335507e-02 3.650843e-05 3.650843e-05
18 6.342326e-02 6.335507e-02 6.335507e-02 6.819538e-05 6.819538e-05
19 6.529242e-02 6.536816e-02 6.536816e-02 7.574721e-05 7.574721e-05
20 7.677448e-02 7.676862e-02 7.676862e-02 5.857742e-06 5.857742e-06
21 7.904347e-02 7.904383e-02 7.904383e-02 3.637731e-07 3.637731e-07
22 7.989506e-02 7.904383e-02 7.904383e-02 8.512270e-04 8.512270e-04
23 8.054944e-02 8.140616e-02 8.140616e-02 8.567209e-04 8.567209e-04
24 9.340709e-02 9.261371e-02 9.261371e-02 7.933831e-04 7.933831e-04
25 9.442311e-02 9.521091e-02 9.521091e-02 7.877985e-04 7.877985e-04
26 9.787934e-02 9.521091e-02 9.521091e-02 2.668432e-03 2.668432e-03
27 9.522333e-02 9.789732e-02 9.789732e-02 2.673987e-03 2.673987e-03
28 1.089323e-01 1.089021e-01 1.089021e-01 3.020867e-05 3.020867e-05
29 1.117905e-01 1.117968e-01 1.117968e-01 6.326905e-06 6.326905e-06
30 1.118309e-01 1.117968e-01 1.117968e-01 3.408950e-05 3.408950e-05
31 1.147295e-01 1.147802e-01 1.147802e-01 5.068540e-05 5.068540e-05
