# Hello World! This is dune-eigensolver.
# hardware number of threads is 128 number of threads used is 1
# 8 8
# Smallest eigenvalues convergence test

#  n: 67600 A.N(): 67600 br: 1
# GeneralizedSymmetricStewartAdaptive:  time_total=7.869349e-01 time_factorization=3.203940e-01 time_eigendecomposition=5.375010e-04 time_matmul_dense=3.991997e-02 iterations=5 outer_iterations=3

# Arpack: time_total=1.564100e+01 iterations=1

# Eigensolver elapsed time 7.921488e-01

# N=67600 M=144 ACCURACY=5.000000e-01 TOL=1.000000e-02 THRESHOLD=9.200000e-02 ESARERROR=9.116028e-02 ARPERROR=1.511254e-02 ESANERROR=2.081668e-16 TIMERATIO=5.064566e-02 \\

## gen: stw     ARP-SMALL-TOL  ARPACK-TOL  ES-ARP-SMALL  ES-AR ERROR
00 1.051893e-15 5.507747e-17 5.507747e-17 9.968155e-16 9.968155e-16
01 5.604527e-03 5.604527e-03 5.604527e-03 1.569925e-16 1.561251e-16
02 5.604527e-03 5.604527e-03 5.604527e-03 2.151057e-16 2.116363e-16
03 8.364570e-03 8.364570e-03 8.364570e-03 1.734723e-18 6.938894e-18
04 1.867846e-02 1.867846e-02 1.867846e-02 4.899553e-14 4.894696e-14
05 1.998226e-02 1.998226e-02 1.998226e-02 7.549517e-15 7.563394e-15
06 1.998226e-02 1.998226e-02 1.998226e-02 2.203831e-12 2.203862e-12
07 2.019289e-02 2.019289e-02 2.019289e-02 3.538489e-14 3.539530e-14
08 3.249103e-02 3.249102e-02 3.249102e-02 1.596901e-08 1.596901e-08
09 3.360925e-02 3.360925e-02 3.360925e-02 6.475344e-10 6.475345e-10
10 3.360925e-02 3.360925e-02 3.360925e-02 6.097519e-09 6.097519e-09
11 3.488647e-02 3.488629e-02 3.488629e-02 1.873465e-07 1.873465e-07
12 4.664106e-02 4.663988e-02 4.663988e-02 1.184771e-06 1.184771e-06
13 4.820681e-02 4.820242e-02 4.820242e-02 4.388395e-06 4.388395e-06
14 4.826883e-02 4.820242e-02 4.820242e-02 6.640859e-05 6.640859e-05
15 5.034482e-02 4.983381e-02 4.983381e-02 5.110086e-04 5.110086e-04
16 6.232199e-02 6.142594e-02 6.142594e-02 8.960572e-04 8.960572e-04
17 6.436080e-02 6.335507e-02 6.335507e-02 1.005733e-03 1.005733e-03
18 6.530823e-02 6.335507e-02 6.335507e-02 1.953161e-03 1.953161e-03
19 6.795267e-02 6.536816e-02 6.536816e-02 2.584509e-03 2.584509e-03
20 7.735282e-02 7.676862e-02 7.676862e-02 5.841969e-04 5.841969e-04
21 8.511930e-02 7.904383e-02 7.904383e-02 6.075467e-03 6.075467e-03
22 9.114597e-02 7.904383e-02 7.904383e-02 1.210214e-02 1.210214e-02
23 9.651870e-02 8.140616e-02 8.140616e-02 1.511254e-02 1.511254e-02
