# Hello World! This is dune-eigensolver.
# hardware number of threads is 128 number of threads used is 1
# 8 8
# Smallest eigenvalues convergence test

#  n: 67600 A.N(): 67600 br: 1
# GeneralizedInverseAdaptive:  time_total=7.008145e+01 time_factorization=3.237574e-01 iterations=1058 outer_iterations=4

# Arpack: time_total=1.560397e+01 iterations=1

# Eigensolver elapsed time 7.008698e+01

# N=67600 M=144 ACCURACY=2.500000e-01 TOL=2.000000e-04 THRESHOLD=9.200000e-02 ESARERROR=1.075402e-01 ARPERROR=1.378064e-12 ESANERROR=5.412337e-16 TIMERATIO=4.491613e+00 \\

## gen: ftw     ARP-SMALL-TOL  ARPACK-TOL  ES-ARP-SMALL  ES-AR ERROR
00 1.387128e-15 5.507747e-17 5.507747e-17 1.332051e-15 1.332051e-15
01 5.604527e-03 5.604527e-03 5.604527e-03 8.153200e-17 8.066464e-17
02 5.604527e-03 5.604527e-03 5.604527e-03 2.350550e-16 2.315856e-16
03 8.364570e-03 8.364570e-03 8.364570e-03 3.313322e-16 3.365364e-16
04 1.867846e-02 1.867846e-02 1.867846e-02 4.614364e-16 5.100087e-16
05 1.998226e-02 1.998226e-02 1.998226e-02 1.527944e-14 1.529332e-14
06 1.998226e-02 1.998226e-02 1.998226e-02 1.360807e-12 1.360839e-12
07 2.019289e-02 2.019289e-02 2.019289e-02 1.378075e-12 1.378064e-12
08 3.249102e-02 3.249102e-02 3.249102e-02 5.689893e-16 5.481726e-16
09 3.360925e-02 3.360925e-02 3.360925e-02 5.551115e-16 5.342948e-16
10 3.360925e-02 3.360925e-02 3.360925e-02 5.898060e-16 5.689893e-16
11 3.488629e-02 3.488629e-02 3.488629e-02 6.938894e-16 7.285839e-16
12 4.663988e-02 4.663988e-02 4.663988e-02 7.147061e-16 7.285839e-16
13 4.820242e-02 4.820242e-02 4.820242e-02 7.077672e-16 6.453171e-16
14 4.820242e-02 4.820242e-02 4.820242e-02 7.771561e-16 9.228729e-16
15 4.983381e-02 4.983381e-02 4.983381e-02 7.563394e-16 7.563394e-16
16 6.142594e-02 6.142594e-02 6.142594e-02 5.134781e-16 5.134781e-16
17 6.335507e-02 6.335507e-02 6.335507e-02 6.661338e-16 6.383782e-16
18 6.335507e-02 6.335507e-02 6.335507e-02 7.494005e-16 5.828671e-16
19 6.536816e-02 6.536816e-02 6.536816e-02 5.412337e-16 5.689893e-16
20 7.676862e-02 7.676862e-02 7.676862e-02 3.330669e-16 3.053113e-16
21 7.904383e-02 7.904383e-02 7.904383e-02 2.081668e-16 0.000000e+00
22 7.904383e-02 7.904383e-02 7.904383e-02 7.771561e-16 6.522560e-16
23 8.140616e-02 8.140616e-02 8.140616e-02 3.747003e-16 3.330669e-16
24 9.261371e-02 9.261371e-02 9.261371e-02 5.828671e-16 6.106227e-16
25 9.521091e-02 9.521091e-02 9.521091e-02 5.273559e-16 4.024558e-16
26 9.521091e-02 9.521091e-02 9.521091e-02 3.885781e-16 3.747003e-16
27 9.789732e-02 9.789732e-02 9.789732e-02 4.302114e-16 4.440892e-16
28 1.089021e-01 1.089021e-01 1.089021e-01 1.804112e-16 7.216450e-16
29 1.117968e-01 1.117968e-01 1.117968e-01 6.938894e-17 2.914335e-16
30 1.117968e-01 1.117968e-01 1.117968e-01 2.220446e-16 4.996004e-16
31 1.147802e-01 1.147802e-01 1.147802e-01 7.632783e-16 8.187895e-16
