# Hello World! This is dune-eigensolver.
# hardware number of threads is 128 number of threads used is 1
# 8 8
# Smallest eigenvalues convergence test

#  n: 67600 A.N(): 67600 br: 1
# GeneralizedSymmetricStewartAdaptive:  time_total=5.603140e+00 time_factorization=3.188253e-01 time_eigendecomposition=4.137610e-03 time_matmul_dense=5.882831e-01 iterations=40 outer_iterations=4

# Arpack: time_total=1.573235e+01 iterations=1

# Eigensolver elapsed time 5.606900e+00

# N=67600 M=144 ACCURACY=1.000000e+00 TOL=2.000000e-03 THRESHOLD=9.200000e-02 ESARERROR=1.076646e-01 ARPERROR=1.243792e-04 ESANERROR=5.412337e-16 TIMERATIO=3.563930e-01 \\

## gen: stw     ARP-SMALL-TOL  ARPACK-TOL  ES-ARP-SMALL  ES-AR ERROR
00 1.096562e-15 5.507747e-17 5.507747e-17 1.041485e-15 1.041485e-15
01 5.604527e-03 5.604527e-03 5.604527e-03 1.092876e-16 1.084202e-16
02 5.604527e-03 5.604527e-03 5.604527e-03 2.038300e-16 2.003606e-16
03 8.364570e-03 8.364570e-03 8.364570e-03 2.723516e-16 2.775558e-16
04 1.867846e-02 1.867846e-02 1.867846e-02 4.128642e-16 4.614364e-16
05 1.998226e-02 1.998226e-02 1.998226e-02 5.828671e-16 5.689893e-16
06 1.998226e-02 1.998226e-02 1.998226e-02 5.134781e-16 4.822531e-16
07 2.019289e-02 2.019289e-02 2.019289e-02 8.187895e-16 8.083811e-16
08 3.249102e-02 3.249102e-02 3.249102e-02 4.232725e-16 4.024558e-16
09 3.360925e-02 3.360925e-02 3.360925e-02 3.469447e-16 3.261280e-16
10 3.360925e-02 3.360925e-02 3.360925e-02 2.983724e-16 2.775558e-16
11 3.488629e-02 3.488629e-02 3.488629e-02 4.579670e-16 4.926615e-16
12 4.663988e-02 4.663988e-02 4.663988e-02 7.910339e-16 8.049117e-16
13 4.820242e-02 4.820242e-02 4.820242e-02 5.828671e-16 5.204170e-16
14 4.820242e-02 4.820242e-02 4.820242e-02 5.481726e-16 6.938894e-16
15 4.983381e-02 4.983381e-02 4.983381e-02 6.591949e-16 6.591949e-16
16 6.142594e-02 6.142594e-02 6.142594e-02 5.342948e-16 5.342948e-16
17 6.335507e-02 6.335507e-02 6.335507e-02 3.469447e-16 3.191891e-16
18 6.335507e-02 6.335507e-02 6.335507e-02 5.134781e-16 3.469447e-16
19 6.536816e-02 6.536816e-02 6.536816e-02 3.330669e-16 3.608225e-16
20 7.676862e-02 7.676862e-02 7.676862e-02 3.469447e-16 3.191891e-16
21 7.904383e-02 7.904383e-02 7.904383e-02 1.804112e-16 2.775558e-17
22 7.904383e-02 7.904383e-02 7.904383e-02 2.914335e-16 1.665335e-16
23 8.140616e-02 8.140616e-02 8.140616e-02 4.302114e-16 3.885781e-16
24 9.261371e-02 9.261371e-02 9.261371e-02 3.895273e-12 3.895245e-12
25 9.521091e-02 9.521091e-02 9.521091e-02 2.973732e-13 2.974981e-13
26 9.521091e-02 9.521091e-02 9.521091e-02 4.946535e-10 4.946535e-10
27 9.789732e-02 9.789732e-02 9.789732e-02 1.355516e-09 1.355516e-09
28 1.089046e-01 1.089021e-01 1.089021e-01 2.507868e-06 2.507868e-06
29 1.117971e-01 1.117968e-01 1.117968e-01 3.052286e-07 3.052286e-07
30 1.118210e-01 1.117968e-01 1.117968e-01 2.422443e-05 2.422443e-05
31 1.149046e-01 1.147802e-01 1.147802e-01 1.243792e-04 1.243792e-04
