# Hello World! This is dune-eigensolver.
# hardware number of threads is 128 number of threads used is 1
# 8 8
# Smallest eigenvalues convergence test

#  n: 67600 A.N(): 67600 br: 1
# GeneralizedInverseAdaptive:  time_total=4.594063e+00 time_factorization=3.204099e-01 iterations=54 outer_iterations=4

# Arpack: time_total=1.555836e+01 iterations=1

# Eigensolver elapsed time 4.599153e+00

# N=67600 M=144 ACCURACY=7.500000e-01 TOL=2.000000e-01 THRESHOLD=9.200000e-02 ESARERROR=1.075076e-01 ARPERROR=2.678773e-03 ESANERROR=5.412337e-16 TIMERATIO=2.956066e-01 \\

## gen: ftw     ARP-SMALL-TOL  ARPACK-TOL  ES-ARP-SMALL  ES-AR ERROR
00 1.387996e-15 5.507747e-17 5.507747e-17 1.332918e-15 1.332918e-15
01 5.604527e-03 5.604527e-03 5.604527e-03 1.136244e-16 1.127570e-16
02 5.604527e-03 5.604527e-03 5.604527e-03 1.569925e-16 1.535230e-16
03 8.364570e-03 8.364570e-03 8.364570e-03 2.411266e-16 2.463307e-16
04 1.867849e-02 1.867846e-02 1.867846e-02 2.361138e-08 2.361138e-08
05 2.004857e-02 1.998226e-02 1.998226e-02 6.631211e-05 6.631211e-05
06 2.012143e-02 1.998226e-02 1.998226e-02 1.391691e-04 1.391691e-04
07 1.998739e-02 2.019289e-02 2.019289e-02 2.055048e-04 2.055048e-04
08 3.250750e-02 3.249102e-02 3.249102e-02 1.648800e-05 1.648800e-05
09 3.360662e-02 3.360925e-02 3.360925e-02 2.633095e-06 2.633095e-06
10 3.359891e-02 3.360925e-02 3.360925e-02 1.033364e-05 1.033364e-05
11 3.488277e-02 3.488629e-02 3.488629e-02 3.521263e-06 3.521263e-06
12 4.664773e-02 4.663988e-02 4.663988e-02 7.852479e-06 7.852479e-06
13 4.820479e-02 4.820242e-02 4.820242e-02 2.372016e-06 2.372016e-06
14 4.819483e-02 4.820242e-02 4.820242e-02 7.585736e-06 7.585736e-06
15 4.983117e-02 4.983381e-02 4.983381e-02 2.638760e-06 2.638760e-06
16 6.147142e-02 6.142594e-02 6.142594e-02 4.548393e-05 4.548393e-05
17 6.331828e-02 6.335507e-02 6.335507e-02 3.678461e-05 3.678461e-05
18 6.347897e-02 6.335507e-02 6.335507e-02 1.239088e-04 1.239088e-04
19 6.523556e-02 6.536816e-02 6.536816e-02 1.326080e-04 1.326080e-04
20 7.677536e-02 7.676862e-02 7.676862e-02 6.737273e-06 6.737273e-06
21 7.904150e-02 7.904383e-02 7.904383e-02 2.329592e-06 2.329592e-06
22 7.936613e-02 7.904383e-02 7.904383e-02 3.223001e-04 3.223001e-04
23 8.107945e-02 8.140616e-02 8.140616e-02 3.267077e-04 3.267077e-04
24 9.342709e-02 9.261371e-02 9.261371e-02 8.133833e-04 8.133833e-04
25 9.440311e-02 9.521091e-02 9.521091e-02 8.077993e-04 8.077993e-04
26 9.788415e-02 9.521091e-02 9.521091e-02 2.673240e-03 2.673240e-03
27 9.521854e-02 9.789732e-02 9.789732e-02 2.678773e-03 2.678773e-03
28 1.089374e-01 1.089021e-01 1.089021e-01 3.534245e-05 3.534245e-05
29 1.117870e-01 1.117968e-01 1.117968e-01 9.850713e-06 9.850713e-06
30 1.118132e-01 1.117968e-01 1.117968e-01 1.633160e-05 1.633160e-05
31 1.147476e-01 1.147802e-01 1.147802e-01 3.259945e-05 3.259945e-05
