# Hello World! This is dune-eigensolver.
# hardware number of threads is 128 number of threads used is 1
# 8 8
# Smallest eigenvalues convergence test

#  n: 67600 A.N(): 67600 br: 1
# GeneralizedInverseAdaptive:  time_total=4.451986e+01 time_factorization=3.210628e-01 iterations=378 outer_iterations=4

# Arpack: time_total=1.570808e+01 iterations=1

# Eigensolver elapsed time 4.452490e+01

# N=67600 M=144 ACCURACY=1.000000e+00 TOL=2.000000e-04 THRESHOLD=9.200000e-02 ESARERROR=1.075402e-01 ARPERROR=6.541995e-10 ESANERROR=5.412337e-16 TIMERATIO=2.834522e+00 \\

## gen: ftw     ARP-SMALL-TOL  ARPACK-TOL  ES-ARP-SMALL  ES-AR ERROR
00 1.387128e-15 5.507747e-17 5.507747e-17 1.332051e-15 1.332051e-15
01 5.604527e-03 5.604527e-03 5.604527e-03 5.030698e-17 4.943962e-17
02 5.604527e-03 5.604527e-03 5.604527e-03 1.890849e-16 1.856154e-16
03 8.364570e-03 8.364570e-03 8.364570e-03 3.556183e-16 3.608225e-16
04 1.867846e-02 1.867846e-02 1.867846e-02 5.412337e-16 5.898060e-16
05 1.998226e-02 1.998226e-02 1.998226e-02 5.287437e-15 5.301315e-15
06 1.998226e-02 1.998226e-02 1.998226e-02 5.007765e-13 5.008077e-13
07 2.019289e-02 2.019289e-02 2.019289e-02 5.080034e-13 5.079930e-13
08 3.249102e-02 3.249102e-02 3.249102e-02 6.869505e-16 6.661338e-16
09 3.360925e-02 3.360925e-02 3.360925e-02 6.314393e-16 6.106227e-16
10 3.360925e-02 3.360925e-02 3.360925e-02 5.204170e-16 4.996004e-16
11 3.488629e-02 3.488629e-02 3.488629e-02 6.175616e-16 6.522560e-16
12 4.663988e-02 4.663988e-02 4.663988e-02 6.661338e-16 6.800116e-16
13 4.820242e-02 4.820242e-02 4.820242e-02 4.649059e-16 4.024558e-16
14 4.820242e-02 4.820242e-02 4.820242e-02 5.551115e-16 7.008283e-16
15 4.983381e-02 4.983381e-02 4.983381e-02 8.743006e-16 8.743006e-16
16 6.142594e-02 6.142594e-02 6.142594e-02 4.718448e-16 4.718448e-16
17 6.335507e-02 6.335507e-02 6.335507e-02 5.967449e-16 5.689893e-16
18 6.335507e-02 6.335507e-02 6.335507e-02 9.298118e-16 7.632783e-16
19 6.536816e-02 6.536816e-02 6.536816e-02 7.494005e-16 7.771561e-16
20 7.676862e-02 7.676862e-02 7.676862e-02 2.636780e-16 2.359224e-16
21 7.904383e-02 7.904383e-02 7.904383e-02 3.330669e-16 1.249001e-16
22 7.904383e-02 7.904383e-02 7.904383e-02 6.938894e-16 5.689893e-16
23 8.140616e-02 8.140616e-02 8.140616e-02 4.440892e-16 4.024558e-16
24 9.261371e-02 9.261371e-02 9.261371e-02 3.439922e-11 3.439919e-11
25 9.521091e-02 9.521091e-02 9.521091e-02 3.424211e-11 3.424198e-11
26 9.521091e-02 9.521091e-02 9.521091e-02 6.540403e-10 6.540403e-10
27 9.789732e-02 9.789732e-02 9.789732e-02 6.541995e-10 6.541995e-10
28 1.089021e-01 1.089021e-01 1.089021e-01 8.780060e-13 8.774648e-13
29 1.117968e-01 1.117968e-01 1.117968e-01 3.802514e-14 3.780309e-14
30 1.117968e-01 1.117968e-01 1.117968e-01 4.749479e-12 4.749201e-12
31 1.147802e-01 1.147802e-01 1.147802e-01 5.666953e-12 5.667009e-12
