# Hello World! This is dune-eigensolver.
# hardware number of threads is 128 number of threads used is 1
# 8 8
# Smallest eigenvalues convergence test

#  n: 67600 A.N(): 67600 br: 1
# GeneralizedSymmetricStewartAdaptive:  time_total=9.605759e-01 time_factorization=3.205939e-01 time_eigendecomposition=4.774110e-04 time_matmul_dense=6.435275e-02 iterations=7 outer_iterations=3

# Arpack: time_total=1.556867e+01 iterations=1

# Eigensolver elapsed time 9.651173e-01

# N=67600 M=144 ACCURACY=5.000000e-01 TOL=2.000000e-04 THRESHOLD=9.200000e-02 ESARERROR=8.901186e-02 ARPERROR=1.296412e-02 ESANERROR=2.081668e-16 TIMERATIO=6.199100e-02 \\

## gen: stw     ARP-SMALL-TOL  ARPACK-TOL  ES-ARP-SMALL  ES-AR ERROR
00 1.105669e-15 5.507747e-17 5.507747e-17 1.050592e-15 1.050592e-15
01 5.604527e-03 5.604527e-03 5.604527e-03 9.801188e-17 9.714451e-17
02 5.604527e-03 5.604527e-03 5.604527e-03 1.769418e-16 1.734723e-16
03 8.364570e-03 8.364570e-03 8.364570e-03 2.480655e-16 2.532696e-16
04 1.867846e-02 1.867846e-02 1.867846e-02 7.285839e-17 1.214306e-16
05 1.998226e-02 1.998226e-02 1.998226e-02 3.018419e-16 2.879641e-16
06 1.998226e-02 1.998226e-02 1.998226e-02 1.908196e-16 2.220446e-16
07 2.019289e-02 2.019289e-02 2.019289e-02 1.006140e-16 9.020562e-17
08 3.249102e-02 3.249102e-02 3.249102e-02 6.295597e-11 6.295599e-11
09 3.360925e-02 3.360925e-02 3.360925e-02 7.289377e-13 7.289586e-13
10 3.360925e-02 3.360925e-02 3.360925e-02 2.823642e-11 2.823644e-11
11 3.488629e-02 3.488629e-02 3.488629e-02 1.529907e-09 1.529907e-09
12 4.663994e-02 4.663988e-02 4.663988e-02 6.041308e-08 6.041308e-08
13 4.820252e-02 4.820242e-02 4.820242e-02 9.834748e-08 9.834748e-08
14 4.820859e-02 4.820242e-02 4.820242e-02 6.168786e-06 6.168786e-06
15 4.988360e-02 4.983381e-02 4.983381e-02 4.979096e-05 4.979096e-05
16 6.163980e-02 6.142594e-02 6.142594e-02 2.138588e-04 2.138588e-04
17 6.357209e-02 6.335507e-02 6.335507e-02 2.170266e-04 2.170266e-04
18 6.424418e-02 6.335507e-02 6.335507e-02 8.891161e-04 8.891161e-04
19 6.567121e-02 6.536816e-02 6.536816e-02 3.030454e-04 3.030454e-04
20 7.690063e-02 7.676862e-02 7.676862e-02 1.320112e-04 1.320112e-04
21 8.269483e-02 7.904383e-02 7.904383e-02 3.650993e-03 3.650993e-03
22 8.317510e-02 7.904383e-02 7.904383e-02 4.131268e-03 4.131268e-03
23 9.437028e-02 8.140616e-02 8.140616e-02 1.296412e-02 1.296412e-02
