# Hello World! This is dune-eigensolver.
# hardware number of threads is 128 number of threads used is 1
# 8 8
# Smallest eigenvalues convergence test

#  n: 67600 A.N(): 67600 br: 1
# GeneralizedSymmetricStewartAdaptive:  time_total=5.961460e+00 time_factorization=3.200860e-01 time_eigendecomposition=4.459596e-03 time_matmul_dense=6.106383e-01 iterations=43 outer_iterations=4

# Arpack: time_total=1.569734e+01 iterations=1

# Eigensolver elapsed time 5.966504e+00

# N=67600 M=144 ACCURACY=1.000000e+00 TOL=1.000000e-03 THRESHOLD=9.200000e-02 ESARERROR=1.076110e-01 ARPERROR=7.081641e-05 ESANERROR=5.412337e-16 TIMERATIO=3.800964e-01 \\

## gen: stw     ARP-SMALL-TOL  ARPACK-TOL  ES-ARP-SMALL  ES-AR ERROR
00 1.072493e-15 5.507747e-17 5.507747e-17 1.017415e-15 1.017415e-15
01 5.604527e-03 5.604527e-03 5.604527e-03 1.257675e-16 1.249001e-16
02 5.604527e-03 5.604527e-03 5.604527e-03 2.359224e-16 2.324529e-16
03 8.364570e-03 8.364570e-03 8.364570e-03 2.099015e-16 2.151057e-16
04 1.867846e-02 1.867846e-02 1.867846e-02 3.955170e-16 4.440892e-16
05 1.998226e-02 1.998226e-02 1.998226e-02 4.961309e-16 4.822531e-16
06 1.998226e-02 1.998226e-02 1.998226e-02 4.891920e-16 4.579670e-16
07 2.019289e-02 2.019289e-02 2.019289e-02 6.140921e-16 6.036838e-16
08 3.249102e-02 3.249102e-02 3.249102e-02 4.579670e-16 4.371503e-16
09 3.360925e-02 3.360925e-02 3.360925e-02 4.093947e-16 3.885781e-16
10 3.360925e-02 3.360925e-02 3.360925e-02 3.469447e-16 3.261280e-16
11 3.488629e-02 3.488629e-02 3.488629e-02 5.481726e-16 5.828671e-16
12 4.663988e-02 4.663988e-02 4.663988e-02 6.522560e-16 6.661338e-16
13 4.820242e-02 4.820242e-02 4.820242e-02 7.008283e-16 6.383782e-16
14 4.820242e-02 4.820242e-02 4.820242e-02 3.955170e-16 5.412337e-16
15 4.983381e-02 4.983381e-02 4.983381e-02 6.522560e-16 6.522560e-16
16 6.142594e-02 6.142594e-02 6.142594e-02 4.371503e-16 4.371503e-16
17 6.335507e-02 6.335507e-02 6.335507e-02 4.579670e-16 4.302114e-16
18 6.335507e-02 6.335507e-02 6.335507e-02 4.440892e-16 2.775558e-16
19 6.536816e-02 6.536816e-02 6.536816e-02 5.273559e-16 5.551115e-16
20 7.676862e-02 7.676862e-02 7.676862e-02 2.636780e-16 2.359224e-16
21 7.904383e-02 7.904383e-02 7.904383e-02 4.024558e-16 1.942890e-16
22 7.904383e-02 7.904383e-02 7.904383e-02 3.885781e-16 2.636780e-16
23 8.140616e-02 8.140616e-02 8.140616e-02 2.914335e-16 2.498002e-16
24 9.261371e-02 9.261371e-02 9.261371e-02 6.237788e-13 6.237511e-13
25 9.521091e-02 9.521091e-02 9.521091e-02 4.901635e-14 4.914125e-14
26 9.521091e-02 9.521091e-02 9.521091e-02 9.394631e-11 9.394632e-11
27 9.789732e-02 9.789732e-02 9.789732e-02 2.995871e-10 2.995871e-10
28 1.089031e-01 1.089021e-01 1.089021e-01 1.067458e-06 1.067458e-06
29 1.117970e-01 1.117968e-01 1.117968e-01 1.318699e-07 1.318699e-07
30 1.118083e-01 1.117968e-01 1.117968e-01 1.148497e-05 1.148497e-05
31 1.148510e-01 1.147802e-01 1.147802e-01 7.081641e-05 7.081641e-05
