# Hello World! This is dune-eigensolver.
# hardware number of threads is 128 number of threads used is 1
# 8 8
# Smallest eigenvalues convergence test

#  n: 67600 A.N(): 67600 br: 1
# GeneralizedInverseAdaptive:  time_total=4.764874e+01 time_factorization=3.222985e-01 iterations=452 outer_iterations=4

# Arpack: time_total=1.573534e+01 iterations=1

# Eigensolver elapsed time 4.765390e+01

# N=67600 M=144 ACCURACY=7.500000e-01 TOL=2.000000e-03 THRESHOLD=9.200000e-02 ESARERROR=1.075402e-01 ARPERROR=1.110782e-11 ESANERROR=5.412337e-16 TIMERATIO=3.028464e+00 \\

## gen: ftw     ARP-SMALL-TOL  ARPACK-TOL  ES-ARP-SMALL  ES-AR ERROR
00 1.387128e-15 5.507747e-17 5.507747e-17 1.332051e-15 1.332051e-15
01 5.604527e-03 5.604527e-03 5.604527e-03 1.552578e-16 1.543904e-16
02 5.604527e-03 5.604527e-03 5.604527e-03 2.255141e-16 2.220446e-16
03 8.364570e-03 8.364570e-03 8.364570e-03 3.694961e-16 3.747003e-16
04 1.867846e-02 1.867846e-02 1.867846e-02 3.955170e-16 4.440892e-16
05 1.998226e-02 1.998226e-02 1.998226e-02 1.116503e-13 1.116642e-13
06 1.998226e-02 1.998226e-02 1.998226e-02 9.642929e-12 9.642960e-12
07 2.019289e-02 2.019289e-02 2.019289e-02 9.756397e-12 9.756387e-12
08 3.249102e-02 3.249102e-02 3.249102e-02 5.342948e-16 5.134781e-16
09 3.360925e-02 3.360925e-02 3.360925e-02 5.967449e-16 5.759282e-16
10 3.360925e-02 3.360925e-02 3.360925e-02 4.787837e-16 4.579670e-16
11 3.488629e-02 3.488629e-02 3.488629e-02 6.245005e-16 6.591949e-16
12 4.663988e-02 4.663988e-02 4.663988e-02 7.424616e-16 7.563394e-16
13 4.820242e-02 4.820242e-02 4.820242e-02 6.245005e-16 5.620504e-16
14 4.820242e-02 4.820242e-02 4.820242e-02 6.036838e-16 7.494005e-16
15 4.983381e-02 4.983381e-02 4.983381e-02 6.314393e-16 6.314393e-16
16 6.142594e-02 6.142594e-02 6.142594e-02 4.440892e-16 4.440892e-16
17 6.335507e-02 6.335507e-02 6.335507e-02 4.579670e-16 4.302114e-16
18 6.335507e-02 6.335507e-02 6.335507e-02 8.187895e-16 6.522560e-16
19 6.536816e-02 6.536816e-02 6.536816e-02 5.551115e-16 5.828671e-16
20 7.676862e-02 7.676862e-02 7.676862e-02 5.551115e-16 5.273559e-16
21 7.904383e-02 7.904383e-02 7.904383e-02 3.469447e-16 1.387779e-16
22 7.904383e-02 7.904383e-02 7.904383e-02 6.522560e-16 5.273559e-16
23 8.140616e-02 8.140616e-02 8.140616e-02 4.718448e-16 4.302114e-16
24 9.261371e-02 9.261371e-02 9.261371e-02 5.986600e-13 5.986323e-13
25 9.521091e-02 9.521091e-02 9.521091e-02 5.971473e-13 5.970224e-13
26 9.521091e-02 9.521091e-02 9.521091e-02 1.110396e-11 1.110398e-11
27 9.789732e-02 9.789732e-02 9.789732e-02 1.110781e-11 1.110782e-11
28 1.089021e-01 1.089021e-01 1.089021e-01 1.841582e-14 1.787459e-14
29 1.117968e-01 1.117968e-01 1.117968e-01 5.551115e-17 1.665335e-16
30 1.117968e-01 1.117968e-01 1.117968e-01 9.935108e-14 9.907353e-14
31 1.147802e-01 1.147802e-01 1.147802e-01 1.196404e-13 1.196959e-13
