# Hello World! This is dune-eigensolver.
# hardware number of threads is 128 number of threads used is 1
# 8 8
# Smallest eigenvalues convergence test

#  n: 67600 A.N(): 67600 br: 1
# GeneralizedSymmetricStewartAdaptive:  time_total=6.838040e-01 time_factorization=3.218571e-01 time_eigendecomposition=2.684480e-04 time_matmul_dense=2.956249e-02 iterations=4 outer_iterations=3

# Arpack: time_total=1.540274e+01 iterations=1

# Eigensolver elapsed time 6.881815e-01

# N=67600 M=144 ACCURACY=2.500000e-01 TOL=2.000000e-04 THRESHOLD=9.200000e-02 ESARERROR=9.844271e-02 ARPERROR=2.239497e-02 ESANERROR=2.081668e-16 TIMERATIO=4.467917e-02 \\

## gen: stw     ARP-SMALL-TOL  ARPACK-TOL  ES-ARP-SMALL  ES-AR ERROR
00 1.106754e-15 5.507747e-17 5.507747e-17 1.051676e-15 1.051676e-15
01 5.604527e-03 5.604527e-03 5.604527e-03 9.020562e-17 8.933826e-17
02 5.604527e-03 5.604527e-03 5.604527e-03 1.743397e-16 1.708703e-16
03 8.364570e-03 8.364570e-03 8.364570e-03 7.112366e-17 6.591949e-17
04 1.867846e-02 1.867846e-02 1.867846e-02 9.155724e-11 9.155719e-11
05 1.998226e-02 1.998226e-02 1.998226e-02 2.058333e-11 2.058334e-11
06 1.998226e-02 1.998226e-02 1.998226e-02 1.450887e-09 1.450887e-09
07 2.019289e-02 2.019289e-02 2.019289e-02 3.050936e-11 3.050937e-11
08 3.249175e-02 3.249102e-02 3.249102e-02 7.333245e-07 7.333245e-07
09 3.360929e-02 3.360925e-02 3.360925e-02 4.636816e-08 4.636816e-08
10 3.360965e-02 3.360925e-02 3.360925e-02 3.991582e-07 3.991582e-07
11 3.489126e-02 3.488629e-02 3.488629e-02 4.971939e-06 4.971939e-06
12 4.664985e-02 4.663988e-02 4.663988e-02 9.971761e-06 9.971761e-06
13 4.825096e-02 4.820242e-02 4.820242e-02 4.854292e-05 4.854292e-05
14 4.839119e-02 4.820242e-02 4.820242e-02 1.887745e-04 1.887745e-04
15 5.231935e-02 4.983381e-02 4.983381e-02 2.485538e-03 2.485538e-03
16 6.342304e-02 6.142594e-02 6.142594e-02 1.997100e-03 1.997100e-03
17 6.577092e-02 6.335507e-02 6.335507e-02 2.415852e-03 2.415852e-03
18 6.654859e-02 6.335507e-02 6.335507e-02 3.193527e-03 3.193527e-03
19 7.473140e-02 6.536816e-02 6.536816e-02 9.363233e-03 9.363233e-03
20 7.955912e-02 7.676862e-02 7.676862e-02 2.790498e-03 2.790498e-03
21 8.891458e-02 7.904383e-02 7.904383e-02 9.870750e-03 9.870750e-03
22 9.960816e-02 7.904383e-02 7.904383e-02 2.056432e-02 2.056432e-02
23 1.038011e-01 8.140616e-02 8.140616e-02 2.239497e-02 2.239497e-02
