# Hello World! This is dune-eigensolver.
# hardware number of threads is 128 number of threads used is 1
# 8 8
# Smallest eigenvalues convergence test

#  n: 67600 A.N(): 67600 br: 1
# GeneralizedSymmetricStewartAdaptive:  time_total=1.005809e+00 time_factorization=3.204855e-01 time_eigendecomposition=5.501980e-04 time_matmul_dense=5.673729e-02 iterations=9 outer_iterations=3

# Arpack: time_total=1.560376e+01 iterations=1

# Eigensolver elapsed time 1.010011e+00

# N=67600 M=144 ACCURACY=7.500000e-01 TOL=1.000000e-02 THRESHOLD=9.200000e-02 ESARERROR=8.689506e-02 ARPERROR=1.084732e-02 ESANERROR=2.081668e-16 TIMERATIO=6.472867e-02 \\

## gen: stw     ARP-SMALL-TOL  ARPACK-TOL  ES-ARP-SMALL  ES-AR ERROR
00 1.137979e-15 5.507747e-17 5.507747e-17 1.082901e-15 1.082901e-15
01 5.604527e-03 5.604527e-03 5.604527e-03 1.500536e-16 1.491862e-16
02 5.604527e-03 5.604527e-03 5.604527e-03 2.272488e-16 2.237793e-16
03 8.364570e-03 8.364570e-03 8.364570e-03 1.439820e-16 1.491862e-16
04 1.867846e-02 1.867846e-02 1.867846e-02 4.163336e-16 4.649059e-16
05 1.998226e-02 1.998226e-02 1.998226e-02 6.245005e-16 6.106227e-16
06 1.998226e-02 1.998226e-02 1.998226e-02 5.447032e-16 5.134781e-16
07 2.019289e-02 2.019289e-02 2.019289e-02 8.118506e-16 8.014422e-16
08 3.249102e-02 3.249102e-02 3.249102e-02 3.426627e-12 3.426648e-12
09 3.360925e-02 3.360925e-02 3.360925e-02 6.499662e-14 6.501744e-14
10 3.360925e-02 3.360925e-02 3.360925e-02 9.616891e-13 9.617099e-13
11 3.488629e-02 3.488629e-02 3.488629e-02 8.170258e-11 8.170255e-11
12 4.663989e-02 4.663988e-02 4.663988e-02 9.213876e-09 9.213876e-09
13 4.820243e-02 4.820242e-02 4.820242e-02 1.280681e-08 1.280681e-08
14 4.820327e-02 4.820242e-02 4.820242e-02 8.497783e-07 8.497783e-07
15 4.984048e-02 4.983381e-02 4.983381e-02 6.667533e-06 6.667533e-06
16 6.147527e-02 6.142594e-02 6.142594e-02 4.933816e-05 4.933816e-05
17 6.340182e-02 6.335507e-02 6.335507e-02 4.675675e-05 4.675675e-05
18 6.354510e-02 6.335507e-02 6.335507e-02 1.900368e-04 1.900368e-04
19 6.544205e-02 6.536816e-02 6.536816e-02 7.388171e-05 7.388171e-05
20 7.684393e-02 7.676862e-02 7.676862e-02 7.530595e-05 7.530595e-05
21 8.057900e-02 7.904383e-02 7.904383e-02 1.535169e-03 1.535169e-03
22 8.168218e-02 7.904383e-02 7.904383e-02 2.638345e-03 2.638345e-03
23 9.225348e-02 8.140616e-02 8.140616e-02 1.084732e-02 1.084732e-02
