# Hello World! This is dune-eigensolver.
# hardware number of threads is 128 number of threads used is 1
# 8 8
# Smallest eigenvalues convergence test

#  n: 67600 A.N(): 67600 br: 1
# GeneralizedSymmetricStewartAdaptive:  time_total=9.456111e-01 time_factorization=3.344091e-01 time_eigendecomposition=4.850490e-04 time_matmul_dense=5.239314e-02 iterations=8 outer_iterations=3

# Arpack: time_total=1.554826e+01 iterations=1

# Eigensolver elapsed time 9.508717e-01

# N=67600 M=144 ACCURACY=7.500000e-01 TOL=2.000000e-02 THRESHOLD=9.200000e-02 ESARERROR=8.778467e-02 ARPERROR=1.173693e-02 ESANERROR=2.081668e-16 TIMERATIO=6.115615e-02 \\

## gen: stw     ARP-SMALL-TOL  ARPACK-TOL  ES-ARP-SMALL  ES-AR ERROR
00 1.094177e-15 5.507747e-17 5.507747e-17 1.039099e-15 1.039099e-15
01 5.604527e-03 5.604527e-03 5.604527e-03 1.335737e-16 1.327063e-16
02 5.604527e-03 5.604527e-03 5.604527e-03 2.090342e-16 2.055647e-16
03 8.364570e-03 8.364570e-03 8.364570e-03 2.515349e-16 2.567391e-16
04 1.867846e-02 1.867846e-02 1.867846e-02 1.040834e-16 1.526557e-16
05 1.998226e-02 1.998226e-02 1.998226e-02 1.387779e-16 1.249001e-16
06 1.998226e-02 1.998226e-02 1.998226e-02 2.116363e-16 2.428613e-16
07 2.019289e-02 2.019289e-02 2.019289e-02 3.816392e-17 2.775558e-17
08 3.249102e-02 3.249102e-02 3.249102e-02 5.054856e-11 5.054858e-11
09 3.360925e-02 3.360925e-02 3.360925e-02 1.447398e-12 1.447419e-12
10 3.360925e-02 3.360925e-02 3.360925e-02 1.308783e-11 1.308785e-11
11 3.488629e-02 3.488629e-02 3.488629e-02 8.491819e-10 8.491819e-10
12 4.663992e-02 4.663988e-02 4.663988e-02 4.166738e-08 4.166738e-08
13 4.820250e-02 4.820242e-02 4.820242e-02 8.389054e-08 8.389054e-08
14 4.820516e-02 4.820242e-02 4.820242e-02 2.742189e-06 2.742189e-06
15 4.985300e-02 4.983381e-02 4.983381e-02 1.918818e-05 1.918818e-05
16 6.153700e-02 6.142594e-02 6.142594e-02 1.110632e-04 1.110632e-04
17 6.346312e-02 6.335507e-02 6.335507e-02 1.080588e-04 1.080588e-04
18 6.363846e-02 6.335507e-02 6.335507e-02 2.833965e-04 2.833965e-04
19 6.553027e-02 6.536816e-02 6.536816e-02 1.621109e-04 1.621109e-04
20 7.688686e-02 7.676862e-02 7.676862e-02 1.182347e-04 1.182347e-04
21 8.126521e-02 7.904383e-02 7.904383e-02 2.221376e-03 2.221376e-03
22 8.222779e-02 7.904383e-02 7.904383e-02 3.183954e-03 3.183954e-03
23 9.314309e-02 8.140616e-02 8.140616e-02 1.173693e-02 1.173693e-02
