# Hello World! This is dune-eigensolver.
# hardware number of threads is 128 number of threads used is 1
# 8 8
# Smallest eigenvalues convergence test

#  n: 67600 A.N(): 67600 br: 1
# GeneralizedInverseAdaptive:  time_total=5.786118e+01 time_factorization=3.207889e-01 iterations=463 outer_iterations=4

# Arpack: time_total=1.565458e+01 iterations=1

# Eigensolver elapsed time 5.786636e+01

# N=67600 M=144 ACCURACY=5.000000e-01 TOL=1.000000e-02 THRESHOLD=9.200000e-02 ESARERROR=1.075402e-01 ARPERROR=6.060666e-12 ESANERROR=5.412337e-16 TIMERATIO=3.696450e+00 \\

## gen: ftw     ARP-SMALL-TOL  ARPACK-TOL  ES-ARP-SMALL  ES-AR ERROR
00 1.392766e-15 5.507747e-17 5.507747e-17 1.337689e-15 1.337689e-15
01 5.604527e-03 5.604527e-03 5.604527e-03 1.127570e-16 1.118897e-16
02 5.604527e-03 5.604527e-03 5.604527e-03 1.500536e-16 1.465841e-16
03 8.364570e-03 8.364570e-03 8.364570e-03 3.070461e-16 3.122502e-16
04 1.867846e-02 1.867846e-02 1.867846e-02 5.100087e-16 5.585810e-16
05 1.998226e-02 1.998226e-02 1.998226e-02 7.771561e-16 7.910339e-16
06 1.998226e-02 1.998226e-02 1.998226e-02 1.070949e-13 1.071261e-13
07 2.019289e-02 2.019289e-02 2.019289e-02 1.096970e-13 1.096866e-13
08 3.249102e-02 3.249102e-02 3.249102e-02 5.898060e-16 5.689893e-16
09 3.360925e-02 3.360925e-02 3.360925e-02 5.481726e-16 5.273559e-16
10 3.360925e-02 3.360925e-02 3.360925e-02 5.759282e-16 5.551115e-16
11 3.488629e-02 3.488629e-02 3.488629e-02 6.245005e-16 6.591949e-16
12 4.663988e-02 4.663988e-02 4.663988e-02 7.216450e-16 7.355228e-16
13 4.820242e-02 4.820242e-02 4.820242e-02 8.118506e-16 7.494005e-16
14 4.820242e-02 4.820242e-02 4.820242e-02 6.800116e-16 8.257284e-16
15 4.983381e-02 4.983381e-02 4.983381e-02 7.285839e-16 7.285839e-16
16 6.142594e-02 6.142594e-02 6.142594e-02 5.412337e-16 5.412337e-16
17 6.335507e-02 6.335507e-02 6.335507e-02 5.412337e-16 5.134781e-16
18 6.335507e-02 6.335507e-02 6.335507e-02 6.522560e-16 4.857226e-16
19 6.536816e-02 6.536816e-02 6.536816e-02 6.383782e-16 6.661338e-16
20 7.676862e-02 7.676862e-02 7.676862e-02 2.914335e-16 2.636780e-16
21 7.904383e-02 7.904383e-02 7.904383e-02 8.326673e-17 1.249001e-16
22 7.904383e-02 7.904383e-02 7.904383e-02 5.828671e-16 4.579670e-16
23 8.140616e-02 8.140616e-02 8.140616e-02 4.440892e-16 4.024558e-16
24 9.261371e-02 9.261371e-02 9.261371e-02 3.275158e-13 3.274880e-13
25 9.521091e-02 9.521091e-02 9.521091e-02 3.271550e-13 3.270301e-13
26 9.521091e-02 9.521091e-02 9.521091e-02 6.058154e-12 6.058168e-12
27 9.789732e-02 9.789732e-02 9.789732e-02 6.060652e-12 6.060666e-12
28 1.089021e-01 1.089021e-01 1.089021e-01 1.029732e-14 9.756085e-15
29 1.117968e-01 1.117968e-01 1.117968e-01 4.302114e-16 2.081668e-16
30 1.117968e-01 1.117968e-01 1.117968e-01 5.578871e-14 5.551115e-14
31 1.147802e-01 1.147802e-01 1.147802e-01 6.747380e-14 6.752932e-14
