# Hello World! This is dune-eigensolver.
# hardware number of threads is 128 number of threads used is 1
# 8 8
# Smallest eigenvalues convergence test

#  n: 67600 A.N(): 67600 br: 1
# GeneralizedInverseAdaptive:  time_total=5.715133e+01 time_factorization=3.207612e-01 iterations=860 outer_iterations=4

# Arpack: time_total=1.557117e+01 iterations=1

# Eigensolver elapsed time 5.715632e+01

# N=67600 M=144 ACCURACY=2.500000e-01 TOL=2.000000e-03 THRESHOLD=9.200000e-02 ESARERROR=1.075402e-01 ARPERROR=1.599170e-10 ESANERROR=5.412337e-16 TIMERATIO=3.670651e+00 \\

## gen: ftw     ARP-SMALL-TOL  ARPACK-TOL  ES-ARP-SMALL  ES-AR ERROR
00 1.387128e-15 5.507747e-17 5.507747e-17 1.332051e-15 1.332051e-15
01 5.604527e-03 5.604527e-03 5.604527e-03 8.066464e-17 7.979728e-17
02 5.604527e-03 5.604527e-03 5.604527e-03 2.229120e-16 2.194425e-16
03 8.364570e-03 8.364570e-03 8.364570e-03 3.070461e-16 3.122502e-16
04 1.867846e-02 1.867846e-02 1.867846e-02 4.891920e-16 5.377643e-16
05 1.998226e-02 1.998226e-02 1.998226e-02 1.837190e-12 1.837204e-12
06 1.998226e-02 1.998226e-02 1.998226e-02 1.580778e-10 1.580778e-10
07 2.019289e-02 2.019289e-02 2.019289e-02 1.599170e-10 1.599170e-10
08 3.249102e-02 3.249102e-02 3.249102e-02 6.036838e-16 5.828671e-16
09 3.360925e-02 3.360925e-02 3.360925e-02 5.481726e-16 5.273559e-16
10 3.360925e-02 3.360925e-02 3.360925e-02 3.955170e-16 3.747003e-16
11 3.488629e-02 3.488629e-02 3.488629e-02 6.036838e-16 6.383782e-16
12 4.663988e-02 4.663988e-02 4.663988e-02 8.326673e-16 8.465451e-16
13 4.820242e-02 4.820242e-02 4.820242e-02 6.869505e-16 6.245005e-16
14 4.820242e-02 4.820242e-02 4.820242e-02 7.702172e-16 9.159340e-16
15 4.983381e-02 4.983381e-02 4.983381e-02 7.563394e-16 7.563394e-16
16 6.142594e-02 6.142594e-02 6.142594e-02 4.649059e-16 4.649059e-16
17 6.335507e-02 6.335507e-02 6.335507e-02 4.718448e-16 4.440892e-16
18 6.335507e-02 6.335507e-02 6.335507e-02 9.853229e-16 8.187895e-16
19 6.536816e-02 6.536816e-02 6.536816e-02 4.024558e-16 4.302114e-16
20 7.676862e-02 7.676862e-02 7.676862e-02 3.469447e-16 3.191891e-16
21 7.904383e-02 7.904383e-02 7.904383e-02 2.081668e-16 0.000000e+00
22 7.904383e-02 7.904383e-02 7.904383e-02 7.910339e-16 6.661338e-16
23 8.140616e-02 8.140616e-02 8.140616e-02 4.579670e-16 4.163336e-16
24 9.261371e-02 9.261371e-02 9.261371e-02 6.106227e-16 6.383782e-16
25 9.521091e-02 9.521091e-02 9.521091e-02 5.689893e-16 4.440892e-16
26 9.521091e-02 9.521091e-02 9.521091e-02 6.522560e-16 6.383782e-16
27 9.789732e-02 9.789732e-02 9.789732e-02 2.081668e-16 2.220446e-16
28 1.089021e-01 1.089021e-01 1.089021e-01 2.636780e-16 8.049117e-16
29 1.117968e-01 1.117968e-01 1.117968e-01 9.714451e-17 3.191891e-16
30 1.117968e-01 1.117968e-01 1.117968e-01 4.718448e-16 7.494005e-16
31 1.147802e-01 1.147802e-01 1.147802e-01 3.747003e-16 4.302114e-16
