# Hello World! This is dune-eigensolver.
# hardware number of threads is 128 number of threads used is 1
# 8 8
# Smallest eigenvalues convergence test

#  n: 67600 A.N(): 67600 br: 1
# GeneralizedSymmetricStewartAdaptive:  time_total=2.195916e+00 time_factorization=3.194277e-01 time_eigendecomposition=1.496386e-03 time_matmul_dense=2.180652e-01 iterations=13 outer_iterations=4

# Arpack: time_total=1.569795e+01 iterations=1

# Eigensolver elapsed time 2.201038e+00

# N=67600 M=144 ACCURACY=7.500000e-01 TOL=1.000000e-03 THRESHOLD=9.200000e-02 ESARERROR=1.151499e-01 ARPERROR=7.609642e-03 ESANERROR=5.412337e-16 TIMERATIO=1.402119e-01 \\

## gen: stw     ARP-SMALL-TOL  ARPACK-TOL  ES-ARP-SMALL  ES-AR ERROR
00 1.093960e-15 5.507747e-17 5.507747e-17 1.038883e-15 1.038883e-15
01 5.604527e-03 5.604527e-03 5.604527e-03 1.301043e-16 1.292369e-16
02 5.604527e-03 5.604527e-03 5.604527e-03 2.220446e-16 2.185752e-16
03 8.364570e-03 8.364570e-03 8.364570e-03 2.792905e-16 2.844947e-16
04 1.867846e-02 1.867846e-02 1.867846e-02 4.822531e-16 5.308254e-16
05 1.998226e-02 1.998226e-02 1.998226e-02 5.134781e-16 4.996004e-16
06 1.998226e-02 1.998226e-02 1.998226e-02 5.134781e-16 4.822531e-16
07 2.019289e-02 2.019289e-02 2.019289e-02 7.771561e-16 7.667478e-16
08 3.249102e-02 3.249102e-02 3.249102e-02 5.273559e-16 5.065393e-16
09 3.360925e-02 3.360925e-02 3.360925e-02 4.163336e-16 3.955170e-16
10 3.360925e-02 3.360925e-02 3.360925e-02 3.469447e-16 3.261280e-16
11 3.488629e-02 3.488629e-02 3.488629e-02 4.579670e-16 4.926615e-16
12 4.663988e-02 4.663988e-02 4.663988e-02 6.661338e-16 6.800116e-16
13 4.820242e-02 4.820242e-02 4.820242e-02 6.869505e-16 6.245005e-16
14 4.820242e-02 4.820242e-02 4.820242e-02 5.481726e-16 6.938894e-16
15 4.983381e-02 4.983381e-02 4.983381e-02 6.106227e-16 6.106227e-16
16 6.142594e-02 6.142594e-02 6.142594e-02 1.113311e-12 1.113311e-12
17 6.335507e-02 6.335507e-02 6.335507e-02 7.151224e-14 7.154000e-14
18 6.335507e-02 6.335507e-02 6.335507e-02 1.929738e-11 1.929755e-11
19 6.536816e-02 6.536816e-02 6.536816e-02 4.167083e-13 4.166806e-13
20 7.676862e-02 7.676862e-02 7.676862e-02 1.602663e-09 1.602663e-09
21 7.904384e-02 7.904383e-02 7.904383e-02 5.421181e-09 5.421181e-09
22 7.904429e-02 7.904383e-02 7.904383e-02 4.558873e-07 4.558873e-07
23 8.140643e-02 8.140616e-02 8.140616e-02 2.667463e-07 2.667463e-07
24 9.262116e-02 9.261371e-02 9.261371e-02 7.444247e-06 7.444247e-06
25 9.521311e-02 9.521091e-02 9.521091e-02 2.198329e-06 2.198329e-06
26 9.559983e-02 9.521091e-02 9.521091e-02 3.889146e-04 3.889146e-04
27 9.817431e-02 9.789732e-02 9.789732e-02 2.769955e-04 2.769955e-04
28 1.094655e-01 1.089021e-01 1.089021e-01 5.634306e-04 5.634306e-04
29 1.121744e-01 1.117968e-01 1.117968e-01 3.775620e-04 3.775620e-04
30 1.134810e-01 1.117968e-01 1.117968e-01 1.684185e-03 1.684185e-03
31 1.223898e-01 1.147802e-01 1.147802e-01 7.609642e-03 7.609642e-03
