# Hello World! This is dune-eigensolver.
# hardware number of threads is 128 number of threads used is 1
# 8 8
# Smallest eigenvalues convergence test

#  n: 67600 A.N(): 67600 br: 1
# GeneralizedInverseAdaptive:  time_total=5.227431e+01 time_factorization=3.209372e-01 iterations=487 outer_iterations=4

# Arpack: time_total=1.561964e+01 iterations=1

# Eigensolver elapsed time 5.227881e+01

# N=67600 M=144 ACCURACY=7.500000e-01 TOL=1.000000e-03 THRESHOLD=9.200000e-02 ESARERROR=1.075402e-01 ARPERROR=1.616332e-12 ESANERROR=5.412337e-16 TIMERATIO=3.346991e+00 \\

## gen: ftw     ARP-SMALL-TOL  ARPACK-TOL  ES-ARP-SMALL  ES-AR ERROR
00 1.392766e-15 5.507747e-17 5.507747e-17 1.337689e-15 1.337689e-15
01 5.604527e-03 5.604527e-03 5.604527e-03 9.280771e-17 9.194034e-17
02 5.604527e-03 5.604527e-03 5.604527e-03 2.619432e-16 2.584738e-16
03 8.364570e-03 8.364570e-03 8.364570e-03 3.937822e-16 3.989864e-16
04 1.867846e-02 1.867846e-02 1.867846e-02 4.787837e-16 5.273559e-16
05 1.998226e-02 1.998226e-02 1.998226e-02 8.971990e-15 8.985868e-15
06 1.998226e-02 1.998226e-02 1.998226e-02 8.092312e-13 8.092624e-13
07 2.019289e-02 2.019289e-02 2.019289e-02 8.200246e-13 8.200142e-13
08 3.249102e-02 3.249102e-02 3.249102e-02 5.967449e-16 5.759282e-16
09 3.360925e-02 3.360925e-02 3.360925e-02 4.579670e-16 4.371503e-16
10 3.360925e-02 3.360925e-02 3.360925e-02 5.481726e-16 5.273559e-16
11 3.488629e-02 3.488629e-02 3.488629e-02 6.175616e-16 6.522560e-16
12 4.663988e-02 4.663988e-02 4.663988e-02 7.702172e-16 7.840950e-16
13 4.820242e-02 4.820242e-02 4.820242e-02 5.689893e-16 5.065393e-16
14 4.820242e-02 4.820242e-02 4.820242e-02 6.522560e-16 7.979728e-16
15 4.983381e-02 4.983381e-02 4.983381e-02 6.730727e-16 6.730727e-16
16 6.142594e-02 6.142594e-02 6.142594e-02 4.926615e-16 4.926615e-16
17 6.335507e-02 6.335507e-02 6.335507e-02 4.718448e-16 4.440892e-16
18 6.335507e-02 6.335507e-02 6.335507e-02 6.661338e-16 4.996004e-16
19 6.536816e-02 6.536816e-02 6.536816e-02 6.245005e-16 6.522560e-16
20 7.676862e-02 7.676862e-02 7.676862e-02 5.828671e-16 5.551115e-16
21 7.904383e-02 7.904383e-02 7.904383e-02 1.665335e-16 4.163336e-17
22 7.904383e-02 7.904383e-02 7.904383e-02 6.245005e-16 4.996004e-16
23 8.140616e-02 8.140616e-02 8.140616e-02 6.245005e-16 5.828671e-16
24 9.261371e-02 9.261371e-02 9.261371e-02 8.776313e-14 8.773537e-14
25 9.521091e-02 9.521091e-02 9.521091e-02 8.837375e-14 8.824885e-14
26 9.521091e-02 9.521091e-02 9.521091e-02 1.615041e-12 1.615055e-12
27 9.789732e-02 9.789732e-02 9.789732e-02 1.616318e-12 1.616332e-12
28 1.089021e-01 1.089021e-01 1.089021e-01 2.775558e-15 2.234324e-15
29 1.117968e-01 1.117968e-01 1.117968e-01 3.330669e-16 5.551115e-16
30 1.117968e-01 1.117968e-01 1.117968e-01 1.577904e-14 1.550149e-14
31 1.147802e-01 1.147802e-01 1.147802e-01 1.956768e-14 1.962319e-14
