# Hello World! This is dune-eigensolver.
# hardware number of threads is 128 number of threads used is 1
# 8 8
# Smallest eigenvalues convergence test

#  n: 67600 A.N(): 67600 br: 1
# GeneralizedInverseAdaptive:  time_total=1.200044e+01 time_factorization=3.211486e-01 iterations=150 outer_iterations=4

# Arpack: time_total=1.567258e+01 iterations=1

# Eigensolver elapsed time 1.200537e+01

# N=67600 M=144 ACCURACY=1.000000e+00 TOL=1.000000e-01 THRESHOLD=9.200000e-02 ESARERROR=1.075394e-01 ARPERROR=1.736529e-04 ESANERROR=5.412337e-16 TIMERATIO=7.660115e-01 \\

## gen: ftw     ARP-SMALL-TOL  ARPACK-TOL  ES-ARP-SMALL  ES-AR ERROR
00 1.387128e-15 5.507747e-17 5.507747e-17 1.332051e-15 1.332051e-15
01 5.604527e-03 5.604527e-03 5.604527e-03 1.387779e-16 1.379105e-16
02 5.604527e-03 5.604527e-03 5.604527e-03 2.107689e-16 2.072995e-16
03 8.364570e-03 8.364570e-03 8.364570e-03 3.452100e-16 3.504141e-16
04 1.867846e-02 1.867846e-02 1.867846e-02 9.714451e-17 1.457168e-16
05 1.998871e-02 1.998226e-02 1.998226e-02 6.453664e-06 6.453664e-06
06 2.013028e-02 1.998226e-02 1.998226e-02 1.480173e-04 1.480173e-04
07 2.003842e-02 2.019289e-02 2.019289e-02 1.544709e-04 1.544709e-04
08 3.249102e-02 3.249102e-02 3.249102e-02 2.514851e-09 2.514851e-09
09 3.360925e-02 3.360925e-02 3.360925e-02 6.726610e-10 6.726610e-10
10 3.360925e-02 3.360925e-02 3.360925e-02 1.704795e-09 1.704795e-09
11 3.488629e-02 3.488629e-02 3.488629e-02 1.373972e-10 1.373972e-10
12 4.663988e-02 4.663988e-02 4.663988e-02 1.151361e-09 1.151361e-09
13 4.820242e-02 4.820242e-02 4.820242e-02 1.637098e-10 1.637099e-10
14 4.820242e-02 4.820242e-02 4.820242e-02 1.083665e-09 1.083665e-09
15 4.983381e-02 4.983381e-02 4.983381e-02 2.314086e-10 2.314086e-10
16 6.142595e-02 6.142594e-02 6.142594e-02 1.562908e-08 1.562908e-08
17 6.335505e-02 6.335507e-02 6.335507e-02 1.231063e-08 1.231063e-08
18 6.335515e-02 6.335507e-02 6.335507e-02 8.590536e-08 8.590536e-08
19 6.536807e-02 6.536816e-02 6.536816e-02 8.922381e-08 8.922381e-08
20 7.676863e-02 7.676862e-02 7.676862e-02 1.152294e-08 1.152294e-08
21 7.904383e-02 7.904383e-02 7.904383e-02 5.621562e-09 5.621562e-09
22 7.904384e-02 7.904383e-02 7.904383e-02 6.853656e-09 6.853656e-09
23 8.140615e-02 8.140616e-02 8.140616e-02 1.275504e-08 1.275504e-08
24 9.262249e-02 9.261371e-02 9.261371e-02 8.780306e-06 8.780306e-06
25 9.520217e-02 9.521091e-02 9.521091e-02 8.736970e-06 8.736970e-06
26 9.538452e-02 9.521091e-02 9.521091e-02 1.736096e-04 1.736096e-04
27 9.772366e-02 9.789732e-02 9.789732e-02 1.736529e-04 1.736529e-04
28 1.089022e-01 1.089021e-01 1.089021e-01 1.250250e-07 1.250250e-07
29 1.117968e-01 1.117968e-01 1.117968e-01 1.035612e-08 1.035612e-08
30 1.117975e-01 1.117968e-01 1.117968e-01 6.884296e-07 6.884296e-07
31 1.147794e-01 1.147802e-01 1.147802e-01 8.238104e-07 8.238104e-07
