# Hello World! This is dune-eigensolver.
# hardware number of threads is 128 number of threads used is 1
# 8 8
# Smallest eigenvalues convergence test

#  n: 67600 A.N(): 67600 br: 1
# GeneralizedInverseAdaptive:  time_total=4.768774e+01 time_factorization=3.164232e-01 iterations=403 outer_iterations=4

# Arpack: time_total=1.552180e+01 iterations=1

# Eigensolver elapsed time 4.769204e+01

# N=67600 M=144 ACCURACY=1.000000e+00 TOL=1.000000e-04 THRESHOLD=9.200000e-02 ESARERROR=1.075402e-01 ARPERROR=1.650829e-10 ESANERROR=5.412337e-16 TIMERATIO=3.072585e+00 \\

## gen: ftw     ARP-SMALL-TOL  ARPACK-TOL  ES-ARP-SMALL  ES-AR ERROR
00 1.392766e-15 5.507747e-17 5.507747e-17 1.337689e-15 1.337689e-15
01 5.604527e-03 5.604527e-03 5.604527e-03 1.170938e-16 1.162265e-16
02 5.604527e-03 5.604527e-03 5.604527e-03 2.602085e-16 2.567391e-16
03 8.364570e-03 8.364570e-03 8.364570e-03 4.250073e-16 4.302114e-16
04 1.867846e-02 1.867846e-02 1.867846e-02 3.816392e-16 4.302114e-16
05 1.998226e-02 1.998226e-02 1.998226e-02 4.163336e-17 2.775558e-17
06 1.998226e-02 1.998226e-02 1.998226e-02 4.063763e-14 4.066886e-14
07 2.019289e-02 2.019289e-02 2.019289e-02 4.251460e-14 4.250419e-14
08 3.249102e-02 3.249102e-02 3.249102e-02 6.938894e-16 6.730727e-16
09 3.360925e-02 3.360925e-02 3.360925e-02 5.898060e-16 5.689893e-16
10 3.360925e-02 3.360925e-02 3.360925e-02 5.412337e-16 5.204170e-16
11 3.488629e-02 3.488629e-02 3.488629e-02 6.591949e-16 6.938894e-16
12 4.663988e-02 4.663988e-02 4.663988e-02 7.077672e-16 7.216450e-16
13 4.820242e-02 4.820242e-02 4.820242e-02 5.898060e-16 5.273559e-16
14 4.820242e-02 4.820242e-02 4.820242e-02 7.008283e-16 8.465451e-16
15 4.983381e-02 4.983381e-02 4.983381e-02 7.771561e-16 7.771561e-16
16 6.142594e-02 6.142594e-02 6.142594e-02 4.996004e-16 4.996004e-16
17 6.335507e-02 6.335507e-02 6.335507e-02 5.134781e-16 4.857226e-16
18 6.335507e-02 6.335507e-02 6.335507e-02 6.938894e-16 5.273559e-16
19 6.536816e-02 6.536816e-02 6.536816e-02 6.800116e-16 7.077672e-16
20 7.676862e-02 7.676862e-02 7.676862e-02 3.747003e-16 3.469447e-16
21 7.904383e-02 7.904383e-02 7.904383e-02 4.163336e-16 2.081668e-16
22 7.904383e-02 7.904383e-02 7.904383e-02 6.661338e-16 5.412337e-16
23 8.140616e-02 8.140616e-02 8.140616e-02 3.885781e-16 3.469447e-16
24 9.261371e-02 9.261371e-02 9.261371e-02 8.755566e-12 8.755538e-12
25 9.521091e-02 9.521091e-02 9.521091e-02 8.716430e-12 8.716305e-12
26 9.521091e-02 9.521091e-02 9.521091e-02 1.650419e-10 1.650419e-10
27 9.789732e-02 9.789732e-02 9.789732e-02 1.650829e-10 1.650829e-10
28 1.089021e-01 1.089021e-01 1.089021e-01 2.388922e-13 2.383510e-13
29 1.117968e-01 1.117968e-01 1.117968e-01 8.895662e-15 8.673617e-15
30 1.117968e-01 1.117968e-01 1.117968e-01 1.287387e-12 1.287109e-12
31 1.147802e-01 1.147802e-01 1.147802e-01 1.537021e-12 1.537076e-12
