# Hello World! This is dune-eigensolver.
# hardware number of threads is 128 number of threads used is 1
# 8 8
# Smallest eigenvalues convergence test

#  n: 67600 A.N(): 67600 br: 1
# GeneralizedSymmetricStewartAdaptive:  time_total=6.326599e-01 time_factorization=3.199506e-01 time_eigendecomposition=2.311060e-04 time_matmul_dense=2.544204e-02 iterations=3 outer_iterations=3

# Arpack: time_total=1.554504e+01 iterations=1

# Eigensolver elapsed time 6.370326e-01

# N=67600 M=144 ACCURACY=2.500000e-01 TOL=1.000000e-03 THRESHOLD=9.200000e-02 ESARERROR=1.641233e-01 ARPERROR=8.807551e-02 ESANERROR=2.081668e-16 TIMERATIO=4.097980e-02 \\

## gen: stw     ARP-SMALL-TOL  ARPACK-TOL  ES-ARP-SMALL  ES-AR ERROR
00 1.008959e-15 5.507747e-17 5.507747e-17 9.538811e-16 9.538811e-16
01 5.604527e-03 5.604527e-03 5.604527e-03 1.821460e-17 1.734723e-17
02 5.604527e-03 5.604527e-03 5.604527e-03 1.370432e-16 1.335737e-16
03 8.364570e-03 8.364570e-03 8.364570e-03 4.293441e-15 4.288236e-15
04 1.867847e-02 1.867846e-02 1.867846e-02 4.557961e-09 4.557961e-09
05 1.998226e-02 1.998226e-02 1.998226e-02 8.464098e-10 8.464098e-10
06 1.998230e-02 1.998226e-02 1.998226e-02 3.969926e-08 3.969926e-08
07 2.019289e-02 2.019289e-02 2.019289e-02 7.124931e-10 7.124931e-10
08 3.249647e-02 3.249102e-02 3.249102e-02 5.457161e-06 5.457161e-06
09 3.360993e-02 3.360925e-02 3.360925e-02 6.806352e-07 6.806352e-07
10 3.361408e-02 3.360925e-02 3.360925e-02 4.832311e-06 4.832311e-06
11 3.492550e-02 3.488629e-02 3.488629e-02 3.921398e-05 3.921398e-05
12 4.668960e-02 4.663988e-02 4.663988e-02 4.971922e-05 4.971922e-05
13 4.841171e-02 4.820242e-02 4.820242e-02 2.092912e-04 2.092912e-04
14 4.854727e-02 4.820242e-02 4.820242e-02 3.448554e-04 3.448554e-04
15 5.915992e-02 4.983381e-02 4.983381e-02 9.326110e-03 9.326110e-03
16 6.694393e-02 6.142594e-02 6.142594e-02 5.517991e-03 5.517991e-03
17 7.177396e-02 6.335507e-02 6.335507e-02 8.418895e-03 8.418895e-03
18 7.934612e-02 6.335507e-02 6.335507e-02 1.599106e-02 1.599106e-02
19 8.726084e-02 6.536816e-02 6.536816e-02 2.189268e-02 2.189268e-02
20 1.038470e-01 7.676862e-02 7.676862e-02 2.707842e-02 2.707842e-02
21 1.184732e-01 7.904383e-02 7.904383e-02 3.942932e-02 3.942932e-02
22 1.472891e-01 7.904383e-02 7.904383e-02 6.824531e-02 6.824531e-02
23 1.694817e-01 8.140616e-02 8.140616e-02 8.807551e-02 8.807551e-02
