# Hello World! This is dune-eigensolver.
# hardware number of threads is 128 number of threads used is 1
# 8 8
# Smallest eigenvalues convergence test

#  n: 67600 A.N(): 67600 br: 1
# GeneralizedSymmetricStewartAdaptive:  time_total=7.254225e-01 time_factorization=3.259243e-01 time_eigendecomposition=3.365960e-04 time_matmul_dense=3.381749e-02 iterations=4 outer_iterations=3

# Arpack: time_total=1.566130e+01 iterations=1

# Eigensolver elapsed time 7.310715e-01

# N=67600 M=144 ACCURACY=2.500000e-01 TOL=1.000000e-04 THRESHOLD=9.200000e-02 ESARERROR=9.641517e-02 ARPERROR=2.036743e-02 ESANERROR=2.081668e-16 TIMERATIO=4.668012e-02 \\

## gen: stw     ARP-SMALL-TOL  ARPACK-TOL  ES-ARP-SMALL  ES-AR ERROR
00 1.108271e-15 5.507747e-17 5.507747e-17 1.053194e-15 1.053194e-15
01 5.604527e-03 5.604527e-03 5.604527e-03 1.821460e-17 1.734723e-17
02 5.604527e-03 5.604527e-03 5.604527e-03 1.266348e-16 1.231654e-16
03 8.364570e-03 8.364570e-03 8.364570e-03 1.214306e-17 1.734723e-17
04 1.867846e-02 1.867846e-02 1.867846e-02 9.964779e-12 9.964730e-12
05 1.998226e-02 1.998226e-02 1.998226e-02 2.048906e-12 2.048920e-12
06 1.998226e-02 1.998226e-02 1.998226e-02 2.316231e-10 2.316231e-10
07 2.019289e-02 2.019289e-02 2.019289e-02 4.521290e-12 4.521300e-12
08 3.249130e-02 3.249102e-02 3.249102e-02 2.851429e-07 2.851429e-07
09 3.360926e-02 3.360925e-02 3.360925e-02 1.437911e-08 1.437911e-08
10 3.360939e-02 3.360925e-02 3.360925e-02 1.428794e-07 1.428794e-07
11 3.488862e-02 3.488629e-02 3.488629e-02 2.333154e-06 2.333154e-06
12 4.664562e-02 4.663988e-02 4.663988e-02 5.744558e-06 5.744558e-06
13 4.823037e-02 4.820242e-02 4.820242e-02 2.795453e-05 2.795453e-05
14 4.836373e-02 4.820242e-02 4.820242e-02 1.613087e-04 1.613087e-04
15 5.180012e-02 4.983381e-02 4.983381e-02 1.966310e-03 1.966310e-03
16 6.321048e-02 6.142594e-02 6.142594e-02 1.784541e-03 1.784541e-03
17 6.569601e-02 6.335507e-02 6.335507e-02 2.340949e-03 2.340949e-03
18 6.632423e-02 6.335507e-02 6.335507e-02 2.969167e-03 2.969167e-03
19 7.349994e-02 6.536816e-02 6.536816e-02 8.131779e-03 8.131779e-03
20 7.881973e-02 7.676862e-02 7.676862e-02 2.051109e-03 2.051109e-03
21 8.853150e-02 7.904383e-02 7.904383e-02 9.487670e-03 9.487670e-03
22 9.897642e-02 7.904383e-02 7.904383e-02 1.993258e-02 1.993258e-02
23 1.017736e-01 8.140616e-02 8.140616e-02 2.036743e-02 2.036743e-02
