# Hello World! This is dune-eigensolver.
# hardware number of threads is 128 number of threads used is 1
# 8 8
# Smallest eigenvalues convergence test

#  n: 67600 A.N(): 67600 br: 1
# GeneralizedSymmetricStewartAdaptive:  time_total=2.114926e+00 time_factorization=3.194705e-01 time_eigendecomposition=1.400727e-03 time_matmul_dense=1.888865e-01 iterations=13 outer_iterations=4

# Arpack: time_total=1.571439e+01 iterations=1

# Eigensolver elapsed time 2.119518e+00

# N=67600 M=144 ACCURACY=7.500000e-01 TOL=2.000000e-03 THRESHOLD=9.200000e-02 ESARERROR=1.155828e-01 ARPERROR=8.042532e-03 ESANERROR=5.412337e-16 TIMERATIO=1.348775e-01 \\

## gen: stw     ARP-SMALL-TOL  ARPACK-TOL  ES-ARP-SMALL  ES-AR ERROR
00 1.096996e-15 5.507747e-17 5.507747e-17 1.041918e-15 1.041918e-15
01 5.604527e-03 5.604527e-03 5.604527e-03 1.535230e-16 1.526557e-16
02 5.604527e-03 5.604527e-03 5.604527e-03 1.977585e-16 1.942890e-16
03 8.364570e-03 8.364570e-03 8.364570e-03 2.168404e-16 2.220446e-16
04 1.867846e-02 1.867846e-02 1.867846e-02 4.163336e-16 4.649059e-16
05 1.998226e-02 1.998226e-02 1.998226e-02 4.857226e-16 4.718448e-16
06 1.998226e-02 1.998226e-02 1.998226e-02 4.544976e-16 4.232725e-16
07 2.019289e-02 2.019289e-02 2.019289e-02 7.042977e-16 6.938894e-16
08 3.249102e-02 3.249102e-02 3.249102e-02 5.898060e-16 5.689893e-16
09 3.360925e-02 3.360925e-02 3.360925e-02 4.440892e-16 4.232725e-16
10 3.360925e-02 3.360925e-02 3.360925e-02 5.204170e-16 4.996004e-16
11 3.488629e-02 3.488629e-02 3.488629e-02 6.730727e-16 7.077672e-16
12 4.663988e-02 4.663988e-02 4.663988e-02 6.314393e-16 6.453171e-16
13 4.820242e-02 4.820242e-02 4.820242e-02 6.245005e-16 5.620504e-16
14 4.820242e-02 4.820242e-02 4.820242e-02 4.510281e-16 5.967449e-16
15 4.983381e-02 4.983381e-02 4.983381e-02 5.551115e-17 5.551115e-17
16 6.142594e-02 6.142594e-02 6.142594e-02 2.452274e-12 2.452274e-12
17 6.335507e-02 6.335507e-02 6.335507e-02 1.631056e-13 1.631334e-13
18 6.335507e-02 6.335507e-02 6.335507e-02 3.944789e-11 3.944806e-11
19 6.536816e-02 6.536816e-02 6.536816e-02 8.551215e-13 8.550938e-13
20 7.676862e-02 7.676862e-02 7.676862e-02 2.119711e-09 2.119711e-09
21 7.904384e-02 7.904383e-02 7.904383e-02 8.456441e-09 8.456441e-09
22 7.904443e-02 7.904383e-02 7.904383e-02 5.990222e-07 5.990222e-07
23 8.140648e-02 8.140616e-02 8.140616e-02 3.138505e-07 3.138505e-07
24 9.262054e-02 9.261371e-02 9.261371e-02 6.827435e-06 6.827435e-06
25 9.521293e-02 9.521091e-02 9.521091e-02 2.018703e-06 2.018703e-06
26 9.561016e-02 9.521091e-02 9.521091e-02 3.992504e-04 3.992504e-04
27 9.817364e-02 9.789732e-02 9.789732e-02 2.763265e-04 2.763265e-04
28 1.094332e-01 1.089021e-01 1.089021e-01 5.311831e-04 5.311831e-04
29 1.122291e-01 1.117968e-01 1.117968e-01 4.322732e-04 4.322732e-04
30 1.134055e-01 1.117968e-01 1.117968e-01 1.608724e-03 1.608724e-03
31 1.228227e-01 1.147802e-01 1.147802e-01 8.042532e-03 8.042532e-03
