# Hello World! This is dune-eigensolver.
# hardware number of threads is 128 number of threads used is 1
# 8 8
# Smallest eigenvalues convergence test

#  n: 67600 A.N(): 67600 br: 1
# GeneralizedSymmetricStewartAdaptive:  time_total=7.338482e+00 time_factorization=3.194127e-01 time_eigendecomposition=5.497132e-03 time_matmul_dense=7.888911e-01 iterations=54 outer_iterations=4

# Arpack: time_total=1.550603e+01 iterations=1

# Eigensolver elapsed time 7.342613e+00

# N=67600 M=144 ACCURACY=1.000000e+00 TOL=1.000000e-04 THRESHOLD=9.200000e-02 ESARERROR=1.075497e-01 ARPERROR=9.469126e-06 ESANERROR=5.412337e-16 TIMERATIO=4.735327e-01 \\

## gen: stw     ARP-SMALL-TOL  ARPACK-TOL  ES-ARP-SMALL  ES-AR ERROR
00 1.115210e-15 5.507747e-17 5.507747e-17 1.060133e-15 1.060133e-15
01 5.604527e-03 5.604527e-03 5.604527e-03 1.275022e-16 1.266348e-16
02 5.604527e-03 5.604527e-03 5.604527e-03 2.333203e-16 2.298509e-16
03 8.364570e-03 8.364570e-03 8.364570e-03 2.237793e-16 2.289835e-16
04 1.867846e-02 1.867846e-02 1.867846e-02 3.261280e-16 3.747003e-16
05 1.998226e-02 1.998226e-02 1.998226e-02 5.724587e-16 5.585810e-16
06 1.998226e-02 1.998226e-02 1.998226e-02 5.655199e-16 5.342948e-16
07 2.019289e-02 2.019289e-02 2.019289e-02 7.910339e-16 7.806256e-16
08 3.249102e-02 3.249102e-02 3.249102e-02 4.857226e-16 4.649059e-16
09 3.360925e-02 3.360925e-02 3.360925e-02 5.828671e-16 5.620504e-16
10 3.360925e-02 3.360925e-02 3.360925e-02 3.885781e-16 3.677614e-16
11 3.488629e-02 3.488629e-02 3.488629e-02 4.996004e-16 5.342948e-16
12 4.663988e-02 4.663988e-02 4.663988e-02 7.355228e-16 7.494005e-16
13 4.820242e-02 4.820242e-02 4.820242e-02 5.898060e-16 5.273559e-16
14 4.820242e-02 4.820242e-02 4.820242e-02 5.412337e-16 6.869505e-16
15 4.983381e-02 4.983381e-02 4.983381e-02 6.314393e-16 6.314393e-16
16 6.142594e-02 6.142594e-02 6.142594e-02 3.469447e-16 3.469447e-16
17 6.335507e-02 6.335507e-02 6.335507e-02 5.134781e-16 4.857226e-16
18 6.335507e-02 6.335507e-02 6.335507e-02 4.857226e-16 3.191891e-16
19 6.536816e-02 6.536816e-02 6.536816e-02 5.689893e-16 5.967449e-16
20 7.676862e-02 7.676862e-02 7.676862e-02 1.249001e-16 9.714451e-17
21 7.904383e-02 7.904383e-02 7.904383e-02 3.191891e-16 1.110223e-16
22 7.904383e-02 7.904383e-02 7.904383e-02 4.579670e-16 3.330669e-16
23 8.140616e-02 8.140616e-02 8.140616e-02 4.302114e-16 3.885781e-16
24 9.261371e-02 9.261371e-02 9.261371e-02 5.689893e-16 5.412337e-16
25 9.521091e-02 9.521091e-02 9.521091e-02 3.469447e-16 2.220446e-16
26 9.521091e-02 9.521091e-02 9.521091e-02 2.181588e-13 2.181727e-13
27 9.789732e-02 9.789732e-02 9.789732e-02 1.234318e-12 1.234304e-12
28 1.089021e-01 1.089021e-01 1.089021e-01 4.697987e-08 4.697987e-08
29 1.117968e-01 1.117968e-01 1.117968e-01 6.074769e-09 6.074768e-09
30 1.117976e-01 1.117968e-01 1.117968e-01 8.099070e-07 8.099070e-07
31 1.147897e-01 1.147802e-01 1.147802e-01 9.469126e-06 9.469126e-06
