# Hello World! This is dune-eigensolver.
# hardware number of threads is 128 number of threads used is 1
# 8 8
# Smallest eigenvalues convergence test

#  n: 67600 A.N(): 67600 br: 1
# GeneralizedInverseAdaptive:  time_total=4.562975e+01 time_factorization=3.197822e-01 iterations=465 outer_iterations=4

# Arpack: time_total=1.560601e+01 iterations=1

# Eigensolver elapsed time 4.563500e+01

# N=67600 M=144 ACCURACY=7.500000e-01 TOL=1.000000e-02 THRESHOLD=9.200000e-02 ESARERROR=1.075402e-01 ARPERROR=4.256134e-10 ESANERROR=5.412337e-16 TIMERATIO=2.924194e+00 \\

## gen: ftw     ARP-SMALL-TOL  ARPACK-TOL  ES-ARP-SMALL  ES-AR ERROR
00 1.392766e-15 5.507747e-17 5.507747e-17 1.337689e-15 1.337689e-15
01 5.604527e-03 5.604527e-03 5.604527e-03 1.118897e-16 1.110223e-16
02 5.604527e-03 5.604527e-03 5.604527e-03 2.211772e-16 2.177078e-16
03 8.364570e-03 8.364570e-03 8.364570e-03 3.070461e-16 3.122502e-16
04 1.867846e-02 1.867846e-02 1.867846e-02 5.481726e-16 5.967449e-16
05 1.998226e-02 1.998226e-02 1.998226e-02 4.890623e-12 4.890637e-12
06 1.998226e-02 1.998226e-02 1.998226e-02 4.207209e-10 4.207209e-10
07 2.019289e-02 2.019289e-02 2.019289e-02 4.256134e-10 4.256134e-10
08 3.249102e-02 3.249102e-02 3.249102e-02 6.383782e-16 6.175616e-16
09 3.360925e-02 3.360925e-02 3.360925e-02 5.551115e-16 5.342948e-16
10 3.360925e-02 3.360925e-02 3.360925e-02 4.649059e-16 4.440892e-16
11 3.488629e-02 3.488629e-02 3.488629e-02 6.245005e-16 6.591949e-16
12 4.663988e-02 4.663988e-02 4.663988e-02 7.077672e-16 7.216450e-16
13 4.820242e-02 4.820242e-02 4.820242e-02 5.551115e-16 4.926615e-16
14 4.820242e-02 4.820242e-02 4.820242e-02 5.967449e-16 7.424616e-16
15 4.983381e-02 4.983381e-02 4.983381e-02 6.453171e-16 6.453171e-16
16 6.142594e-02 6.142594e-02 6.142594e-02 4.718448e-16 4.718448e-16
17 6.335507e-02 6.335507e-02 6.335507e-02 5.967449e-16 5.689893e-16
18 6.335507e-02 6.335507e-02 6.335507e-02 6.938894e-16 5.273559e-16
19 6.536816e-02 6.536816e-02 6.536816e-02 4.024558e-16 4.302114e-16
20 7.676862e-02 7.676862e-02 7.676862e-02 5.551115e-16 5.273559e-16
21 7.904383e-02 7.904383e-02 7.904383e-02 2.081668e-16 0.000000e+00
22 7.904383e-02 7.904383e-02 7.904383e-02 4.302114e-16 3.053113e-16
23 8.140616e-02 8.140616e-02 8.140616e-02 4.024558e-16 3.608225e-16
24 9.261371e-02 9.261371e-02 9.261371e-02 2.934319e-13 2.934042e-13
25 9.521091e-02 9.521091e-02 9.521091e-02 2.932793e-13 2.931544e-13
26 9.521091e-02 9.521091e-02 9.521091e-02 5.426118e-12 5.426132e-12
27 9.789732e-02 9.789732e-02 9.789732e-02 5.428505e-12 5.428519e-12
28 1.089021e-01 1.089021e-01 1.089021e-01 9.311996e-15 8.770762e-15
29 1.117968e-01 1.117968e-01 1.117968e-01 4.163336e-17 2.636780e-16
30 1.117968e-01 1.117968e-01 1.117968e-01 5.001555e-14 4.973799e-14
31 1.147802e-01 1.147802e-01 1.147802e-01 6.102063e-14 6.107614e-14
