# Hello World! This is dune-eigensolver.
# hardware number of threads is 128 number of threads used is 1
# 8 8
# Smallest eigenvalues convergence test

#  n: 67600 A.N(): 67600 br: 1
# GeneralizedInverseAdaptive:  time_total=9.273814e+01 time_factorization=3.197958e-01 iterations=693 outer_iterations=4

# Arpack: time_total=1.558892e+01 iterations=1

# Eigensolver elapsed time 9.274293e+01

# N=67600 M=144 ACCURACY=5.000000e-01 TOL=1.000000e-03 THRESHOLD=9.200000e-02 ESARERROR=1.075402e-01 ARPERROR=1.337689e-15 ESANERROR=5.412337e-16 TIMERATIO=5.949284e+00 \\

## gen: ftw     ARP-SMALL-TOL  ARPACK-TOL  ES-ARP-SMALL  ES-AR ERROR
00 1.392766e-15 5.507747e-17 5.507747e-17 1.337689e-15 1.337689e-15
01 5.604527e-03 5.604527e-03 5.604527e-03 1.249001e-16 1.240327e-16
02 5.604527e-03 5.604527e-03 5.604527e-03 2.099015e-16 2.064321e-16
03 8.364570e-03 8.364570e-03 8.364570e-03 4.145989e-16 4.198031e-16
04 1.867846e-02 1.867846e-02 1.867846e-02 3.885781e-16 4.371503e-16
05 1.998226e-02 1.998226e-02 1.998226e-02 4.059253e-16 3.920475e-16
06 1.998226e-02 1.998226e-02 1.998226e-02 5.655199e-16 5.342948e-16
07 2.019289e-02 2.019289e-02 2.019289e-02 8.500145e-16 8.396062e-16
08 3.249102e-02 3.249102e-02 3.249102e-02 4.302114e-16 4.093947e-16
09 3.360925e-02 3.360925e-02 3.360925e-02 4.579670e-16 4.371503e-16
10 3.360925e-02 3.360925e-02 3.360925e-02 5.759282e-16 5.551115e-16
11 3.488629e-02 3.488629e-02 3.488629e-02 6.591949e-16 6.938894e-16
12 4.663988e-02 4.663988e-02 4.663988e-02 7.771561e-16 7.910339e-16
13 4.820242e-02 4.820242e-02 4.820242e-02 5.620504e-16 4.996004e-16
14 4.820242e-02 4.820242e-02 4.820242e-02 4.857226e-16 6.314393e-16
15 4.983381e-02 4.983381e-02 4.983381e-02 6.591949e-16 6.591949e-16
16 6.142594e-02 6.142594e-02 6.142594e-02 5.481726e-16 5.481726e-16
17 6.335507e-02 6.335507e-02 6.335507e-02 3.747003e-16 3.469447e-16
18 6.335507e-02 6.335507e-02 6.335507e-02 6.800116e-16 5.134781e-16
19 6.536816e-02 6.536816e-02 6.536816e-02 5.134781e-16 5.412337e-16
20 7.676862e-02 7.676862e-02 7.676862e-02 3.469447e-16 3.191891e-16
21 7.904383e-02 7.904383e-02 7.904383e-02 3.885781e-16 1.804112e-16
22 7.904383e-02 7.904383e-02 7.904383e-02 7.216450e-16 5.967449e-16
23 8.140616e-02 8.140616e-02 8.140616e-02 3.191891e-16 2.775558e-16
24 9.261371e-02 9.261371e-02 9.261371e-02 4.857226e-16 5.134781e-16
25 9.521091e-02 9.521091e-02 9.521091e-02 5.134781e-16 3.885781e-16
26 9.521091e-02 9.521091e-02 9.521091e-02 3.469447e-16 3.330669e-16
27 9.789732e-02 9.789732e-02 9.789732e-02 4.996004e-16 5.134781e-16
28 1.089021e-01 1.089021e-01 1.089021e-01 6.938894e-17 6.106227e-16
29 1.117968e-01 1.117968e-01 1.117968e-01 1.110223e-16 1.110223e-16
30 1.117968e-01 1.117968e-01 1.117968e-01 3.608225e-16 6.383782e-16
31 1.147802e-01 1.147802e-01 1.147802e-01 5.134781e-16 5.689893e-16
