# Hello World! This is dune-eigensolver.
# hardware number of threads is 128 number of threads used is 1
# 8 8
# Smallest eigenvalues convergence test

#  n: 67600 A.N(): 67600 br: 1
# GeneralizedSymmetricStewartAdaptive:  time_total=2.756628e+00 time_factorization=3.215954e-01 time_eigendecomposition=1.906989e-03 time_matmul_dense=2.420749e-01 iterations=17 outer_iterations=4

# Arpack: time_total=1.565836e+01 iterations=1

# Eigensolver elapsed time 2.761760e+00

# N=67600 M=144 ACCURACY=7.500000e-01 TOL=1.000000e-04 THRESHOLD=9.200000e-02 ESARERROR=1.105883e-01 ARPERROR=3.048079e-03 ESANERROR=5.412337e-16 TIMERATIO=1.763761e-01 \\

## gen: stw     ARP-SMALL-TOL  ARPACK-TOL  ES-ARP-SMALL  ES-AR ERROR
00 1.112608e-15 5.507747e-17 5.507747e-17 1.057531e-15 1.057531e-15
01 5.604527e-03 5.604527e-03 5.604527e-03 9.801188e-17 9.714451e-17
02 5.604527e-03 5.604527e-03 5.604527e-03 1.743397e-16 1.708703e-16
03 8.364570e-03 8.364570e-03 8.364570e-03 2.480655e-16 2.532696e-16
04 1.867846e-02 1.867846e-02 1.867846e-02 4.614364e-16 5.100087e-16
05 1.998226e-02 1.998226e-02 1.998226e-02 4.336809e-16 4.198031e-16
06 1.998226e-02 1.998226e-02 1.998226e-02 3.712308e-16 3.400058e-16
07 2.019289e-02 2.019289e-02 2.019289e-02 6.383782e-16 6.279699e-16
08 3.249102e-02 3.249102e-02 3.249102e-02 5.759282e-16 5.551115e-16
09 3.360925e-02 3.360925e-02 3.360925e-02 4.579670e-16 4.371503e-16
10 3.360925e-02 3.360925e-02 3.360925e-02 3.885781e-16 3.677614e-16
11 3.488629e-02 3.488629e-02 3.488629e-02 6.800116e-16 7.147061e-16
12 4.663988e-02 4.663988e-02 4.663988e-02 7.147061e-16 7.285839e-16
13 4.820242e-02 4.820242e-02 4.820242e-02 5.551115e-16 4.926615e-16
14 4.820242e-02 4.820242e-02 4.820242e-02 5.620504e-16 7.077672e-16
15 4.983381e-02 4.983381e-02 4.983381e-02 6.938894e-16 6.938894e-16
16 6.142594e-02 6.142594e-02 6.142594e-02 6.453171e-16 6.453171e-16
17 6.335507e-02 6.335507e-02 6.335507e-02 4.024558e-16 3.747003e-16
18 6.335507e-02 6.335507e-02 6.335507e-02 3.473610e-14 3.490264e-14
19 6.536816e-02 6.536816e-02 6.536816e-02 8.479328e-15 8.451573e-15
20 7.676862e-02 7.676862e-02 7.676862e-02 4.350124e-11 4.350127e-11
21 7.904383e-02 7.904383e-02 7.904383e-02 1.379756e-11 1.379777e-11
22 7.904384e-02 7.904383e-02 7.904383e-02 5.338750e-09 5.338750e-09
23 8.140620e-02 8.140616e-02 8.140616e-02 3.736328e-08 3.736328e-08
24 9.261444e-02 9.261371e-02 9.261371e-02 7.303533e-07 7.303533e-07
25 9.521112e-02 9.521091e-02 9.521091e-02 2.130182e-07 2.130182e-07
26 9.525378e-02 9.521091e-02 9.521091e-02 4.287264e-05 4.287264e-05
27 9.793055e-02 9.789732e-02 9.789732e-02 3.323404e-05 3.323404e-05
28 1.091323e-01 1.089021e-01 1.089021e-01 2.302366e-04 2.302366e-04
29 1.120186e-01 1.117968e-01 1.117968e-01 2.217565e-04 2.217565e-04
30 1.124896e-01 1.117968e-01 1.117968e-01 6.927856e-04 6.927856e-04
31 1.178283e-01 1.147802e-01 1.147802e-01 3.048079e-03 3.048079e-03
