# Hello World! This is dune-eigensolver.
# hardware number of threads is 128 number of threads used is 1
# 8 8
# Smallest eigenvalues convergence test

#  n: 67600 A.N(): 67600 br: 1
# GeneralizedInverseAdaptive:  time_total=2.309993e+01 time_factorization=3.200953e-01 iterations=240 outer_iterations=4

# Arpack: time_total=1.561725e+01 iterations=1

# Eigensolver elapsed time 2.310454e+01

# N=67600 M=144 ACCURACY=1.000000e+00 TOL=1.000000e-02 THRESHOLD=9.200000e-02 ESARERROR=1.075402e-01 ARPERROR=3.930348e-06 ESANERROR=5.412337e-16 TIMERATIO=1.479425e+00 \\

## gen: ftw     ARP-SMALL-TOL  ARPACK-TOL  ES-ARP-SMALL  ES-AR ERROR
00 1.387128e-15 5.507747e-17 5.507747e-17 1.332051e-15 1.332051e-15
01 5.604527e-03 5.604527e-03 5.604527e-03 1.292369e-16 1.283695e-16
02 5.604527e-03 5.604527e-03 5.604527e-03 2.870967e-16 2.836273e-16
03 8.364570e-03 8.364570e-03 8.364570e-03 2.931683e-16 2.983724e-16
04 1.867846e-02 1.867846e-02 1.867846e-02 4.024558e-16 4.510281e-16
05 1.998230e-02 1.998226e-02 1.998226e-02 4.601598e-08 4.601598e-08
06 1.998614e-02 1.998226e-02 1.998226e-02 3.884332e-06 3.884332e-06
07 2.018896e-02 2.019289e-02 2.019289e-02 3.930348e-06 3.930348e-06
08 3.249102e-02 3.249102e-02 3.249102e-02 4.787837e-16 4.579670e-16
09 3.360925e-02 3.360925e-02 3.360925e-02 6.591949e-16 6.383782e-16
10 3.360925e-02 3.360925e-02 3.360925e-02 7.285839e-16 7.077672e-16
11 3.488629e-02 3.488629e-02 3.488629e-02 5.620504e-16 5.967449e-16
12 4.663988e-02 4.663988e-02 4.663988e-02 6.314393e-16 6.453171e-16
13 4.820242e-02 4.820242e-02 4.820242e-02 6.522560e-16 5.898060e-16
14 4.820242e-02 4.820242e-02 4.820242e-02 6.800116e-16 8.257284e-16
15 4.983381e-02 4.983381e-02 4.983381e-02 7.702172e-16 7.702172e-16
16 6.142594e-02 6.142594e-02 6.142594e-02 6.722400e-14 6.722400e-14
17 6.335507e-02 6.335507e-02 6.335507e-02 5.068168e-14 5.065393e-14
18 6.335507e-02 6.335507e-02 6.335507e-02 5.006134e-13 5.007800e-13
19 6.536816e-02 6.536816e-02 6.536816e-02 5.193207e-13 5.193485e-13
20 7.676862e-02 7.676862e-02 7.676862e-02 4.200806e-14 4.203582e-14
21 7.904383e-02 7.904383e-02 7.904383e-02 6.078471e-15 5.870304e-15
22 7.904383e-02 7.904383e-02 7.904383e-02 1.081871e-12 1.081996e-12
23 8.140616e-02 8.140616e-02 8.140616e-02 1.119771e-12 1.119729e-12
24 9.261378e-02 9.261371e-02 9.261371e-02 6.557931e-08 6.557931e-08
25 9.521085e-02 9.521091e-02 9.521091e-02 6.526956e-08 6.526956e-08
26 9.521222e-02 9.521091e-02 9.521091e-02 1.307392e-06 1.307392e-06
27 9.789601e-02 9.789732e-02 9.789732e-02 1.307702e-06 1.307702e-06
28 1.089021e-01 1.089021e-01 1.089021e-01 1.148282e-09 1.148281e-09
29 1.117968e-01 1.117968e-01 1.117968e-01 8.550889e-11 8.550867e-11
30 1.117968e-01 1.117968e-01 1.117968e-01 6.394951e-09 6.394951e-09
31 1.147802e-01 1.147802e-01 1.147802e-01 7.628743e-09 7.628743e-09
