# Hello World! This is dune-eigensolver.
# hardware number of threads is 128 number of threads used is 1
# 8 8
# Smallest eigenvalues convergence test

#  n: 67600 A.N(): 67600 br: 1
# GeneralizedInverseAdaptive:  time_total=4.004959e+01 time_factorization=3.234743e-01 iterations=320 outer_iterations=4

# Arpack: time_total=1.557617e+01 iterations=1

# Eigensolver elapsed time 4.005549e+01

# N=67600 M=144 ACCURACY=1.000000e+00 TOL=1.000000e-03 THRESHOLD=9.200000e-02 ESARERROR=1.075402e-01 ARPERROR=1.596204e-08 ESANERROR=5.412337e-16 TIMERATIO=2.571589e+00 \\

## gen: ftw     ARP-SMALL-TOL  ARPACK-TOL  ES-ARP-SMALL  ES-AR ERROR
00 1.387128e-15 5.507747e-17 5.507747e-17 1.332051e-15 1.332051e-15
01 5.604527e-03 5.604527e-03 5.604527e-03 6.938894e-17 6.852158e-17
02 5.604527e-03 5.604527e-03 5.604527e-03 2.185752e-16 2.151057e-16
03 8.364570e-03 8.364570e-03 8.364570e-03 3.694961e-16 3.747003e-16
04 1.867846e-02 1.867846e-02 1.867846e-02 5.620504e-16 6.106227e-16
05 1.998226e-02 1.998226e-02 1.998226e-02 1.474675e-12 1.474688e-12
06 1.998226e-02 1.998226e-02 1.998226e-02 1.268922e-10 1.268922e-10
07 2.019289e-02 2.019289e-02 2.019289e-02 1.283687e-10 1.283687e-10
08 3.249102e-02 3.249102e-02 3.249102e-02 6.383782e-16 6.175616e-16
09 3.360925e-02 3.360925e-02 3.360925e-02 4.857226e-16 4.649059e-16
10 3.360925e-02 3.360925e-02 3.360925e-02 4.926615e-16 4.718448e-16
11 3.488629e-02 3.488629e-02 3.488629e-02 6.453171e-16 6.800116e-16
12 4.663988e-02 4.663988e-02 4.663988e-02 8.951173e-16 9.089951e-16
13 4.820242e-02 4.820242e-02 4.820242e-02 6.106227e-16 5.481726e-16
14 4.820242e-02 4.820242e-02 4.820242e-02 6.314393e-16 7.771561e-16
15 4.983381e-02 4.983381e-02 4.983381e-02 5.898060e-16 5.898060e-16
16 6.142594e-02 6.142594e-02 6.142594e-02 3.261280e-16 3.261280e-16
17 6.335507e-02 6.335507e-02 6.335507e-02 4.024558e-16 3.747003e-16
18 6.335507e-02 6.335507e-02 6.335507e-02 6.106227e-16 4.440892e-16
19 6.536816e-02 6.536816e-02 6.536816e-02 7.910339e-16 8.187895e-16
20 7.676862e-02 7.676862e-02 7.676862e-02 2.220446e-16 1.942890e-16
21 7.904383e-02 7.904383e-02 7.904383e-02 1.249001e-16 8.326673e-17
22 7.904383e-02 7.904383e-02 7.904383e-02 3.053113e-16 1.804112e-16
23 8.140616e-02 8.140616e-02 8.140616e-02 8.465451e-16 8.049117e-16
24 9.261371e-02 9.261371e-02 9.261371e-02 8.226197e-10 8.226197e-10
25 9.521091e-02 9.521091e-02 9.521091e-02 8.187971e-10 8.187970e-10
26 9.521093e-02 9.521091e-02 9.521091e-02 1.595822e-08 1.595822e-08
27 9.789730e-02 9.789732e-02 9.789732e-02 1.596204e-08 1.596204e-08
28 1.089021e-01 1.089021e-01 1.089021e-01 1.792451e-11 1.792397e-11
29 1.117968e-01 1.117968e-01 1.117968e-01 1.012496e-12 1.012274e-12
30 1.117968e-01 1.117968e-01 1.117968e-01 9.813687e-11 9.813660e-11
31 1.147802e-01 1.147802e-01 1.147802e-01 1.170753e-10 1.170754e-10
