# Hello World! This is dune-eigensolver.
# hardware number of threads is 128 number of threads used is 1
# 8 8
# Smallest eigenvalues convergence test

#  n: 67600 A.N(): 67600 br: 1
# GeneralizedInverseAdaptive:  time_total=6.320901e+01 time_factorization=3.217570e-01 iterations=584 outer_iterations=4

# Arpack: time_total=1.555989e+01 iterations=1

# Eigensolver elapsed time 6.321403e+01

# N=67600 M=144 ACCURACY=7.500000e-01 TOL=2.000000e-04 THRESHOLD=9.200000e-02 ESARERROR=1.075402e-01 ARPERROR=8.548717e-15 ESANERROR=5.412337e-16 TIMERATIO=4.062626e+00 \\

## gen: ftw     ARP-SMALL-TOL  ARPACK-TOL  ES-ARP-SMALL  ES-AR ERROR
00 1.387128e-15 5.507747e-17 5.507747e-17 1.332051e-15 1.332051e-15
01 5.604527e-03 5.604527e-03 5.604527e-03 3.989864e-17 3.903128e-17
02 5.604527e-03 5.604527e-03 5.604527e-03 2.046974e-16 2.012279e-16
03 8.364570e-03 8.364570e-03 8.364570e-03 3.313322e-16 3.365364e-16
04 1.867846e-02 1.867846e-02 1.867846e-02 4.718448e-16 5.204170e-16
05 1.998226e-02 1.998226e-02 1.998226e-02 4.579670e-16 4.440892e-16
06 1.998226e-02 1.998226e-02 1.998226e-02 1.099815e-15 1.131040e-15
07 2.019289e-02 2.019289e-02 2.019289e-02 2.612494e-15 2.602085e-15
08 3.249102e-02 3.249102e-02 3.249102e-02 5.759282e-16 5.551115e-16
09 3.360925e-02 3.360925e-02 3.360925e-02 5.551115e-16 5.342948e-16
10 3.360925e-02 3.360925e-02 3.360925e-02 4.787837e-16 4.579670e-16
11 3.488629e-02 3.488629e-02 3.488629e-02 6.036838e-16 6.383782e-16
12 4.663988e-02 4.663988e-02 4.663988e-02 7.285839e-16 7.424616e-16
13 4.820242e-02 4.820242e-02 4.820242e-02 3.677614e-16 3.053113e-16
14 4.820242e-02 4.820242e-02 4.820242e-02 5.689893e-16 7.147061e-16
15 4.983381e-02 4.983381e-02 4.983381e-02 7.702172e-16 7.702172e-16
16 6.142594e-02 6.142594e-02 6.142594e-02 3.608225e-16 3.608225e-16
17 6.335507e-02 6.335507e-02 6.335507e-02 4.857226e-16 4.579670e-16
18 6.335507e-02 6.335507e-02 6.335507e-02 5.689893e-16 4.024558e-16
19 6.536816e-02 6.536816e-02 6.536816e-02 5.412337e-16 5.689893e-16
20 7.676862e-02 7.676862e-02 7.676862e-02 3.885781e-16 3.608225e-16
21 7.904383e-02 7.904383e-02 7.904383e-02 3.053113e-16 9.714451e-17
22 7.904383e-02 7.904383e-02 7.904383e-02 6.661338e-16 5.412337e-16
23 8.140616e-02 8.140616e-02 8.140616e-02 6.383782e-16 5.967449e-16
24 9.261371e-02 9.261371e-02 9.261371e-02 2.081668e-16 2.359224e-16
25 9.521091e-02 9.521091e-02 9.521091e-02 9.020562e-16 7.771561e-16
26 9.521091e-02 9.521091e-02 9.521091e-02 7.285839e-15 7.299716e-15
27 9.789732e-02 9.789732e-02 9.789732e-02 8.534840e-15 8.548717e-15
28 1.089021e-01 1.089021e-01 1.089021e-01 2.498002e-16 7.910339e-16
29 1.117968e-01 1.117968e-01 1.117968e-01 1.665335e-16 3.885781e-16
30 1.117968e-01 1.117968e-01 1.117968e-01 1.387779e-17 2.914335e-16
31 1.147802e-01 1.147802e-01 1.147802e-01 4.718448e-16 5.273559e-16
