# Hello World! This is dune-eigensolver.
# hardware number of threads is 128 number of threads used is 1
# 8 8
# Smallest eigenvalues convergence test

#  n: 67600 A.N(): 67600 br: 1
# GeneralizedInverseAdaptive:  time_total=9.625100e+00 time_factorization=3.203885e-01 iterations=105 outer_iterations=4

# Arpack: time_total=1.566223e+01 iterations=1

# Eigensolver elapsed time 9.631853e+00

# N=67600 M=144 ACCURACY=7.500000e-01 TOL=1.000000e-01 THRESHOLD=9.200000e-02 ESARERROR=1.075313e-01 ARPERROR=1.215256e-03 ESANERROR=5.412337e-16 TIMERATIO=6.149731e-01 \\

## gen: ftw     ARP-SMALL-TOL  ARPACK-TOL  ES-ARP-SMALL  ES-AR ERROR
00 1.392766e-15 5.507747e-17 5.507747e-17 1.337689e-15 1.337689e-15
01 5.604527e-03 5.604527e-03 5.604527e-03 4.076600e-17 3.989864e-17
02 5.604527e-03 5.604527e-03 5.604527e-03 2.099015e-16 2.064321e-16
03 8.364570e-03 8.364570e-03 8.364570e-03 3.625572e-16 3.677614e-16
04 1.867846e-02 1.867846e-02 1.867846e-02 4.239317e-14 4.234460e-14
05 1.999509e-02 1.998226e-02 1.998226e-02 1.283377e-05 1.283377e-05
06 2.014836e-02 1.998226e-02 1.998226e-02 1.661060e-04 1.661060e-04
07 2.001395e-02 2.019289e-02 2.019289e-02 1.789398e-04 1.789398e-04
08 3.249104e-02 3.249102e-02 3.249102e-02 2.678472e-08 2.678472e-08
09 3.360924e-02 3.360925e-02 3.360925e-02 4.338971e-09 4.338971e-09
10 3.360923e-02 3.360925e-02 3.360925e-02 1.960131e-08 1.960131e-08
11 3.488628e-02 3.488629e-02 3.488629e-02 2.844447e-09 2.844447e-09
12 4.663989e-02 4.663988e-02 4.663988e-02 1.410286e-08 1.410286e-08
13 4.820242e-02 4.820242e-02 4.820242e-02 3.974100e-09 3.974100e-09
14 4.820240e-02 4.820242e-02 4.820242e-02 1.366339e-08 1.366339e-08
15 4.983381e-02 4.983381e-02 4.983381e-02 4.413570e-09 4.413570e-09
16 6.142606e-02 6.142594e-02 6.142594e-02 1.248331e-07 1.248331e-07
17 6.335497e-02 6.335507e-02 6.335507e-02 9.989170e-08 9.989170e-08
18 6.335556e-02 6.335507e-02 6.335507e-02 4.906593e-07 4.906593e-07
19 6.536765e-02 6.536816e-02 6.536816e-02 5.156007e-07 5.156007e-07
20 7.676865e-02 7.676862e-02 7.676862e-02 2.528874e-08 2.528874e-08
21 7.904381e-02 7.904383e-02 7.904383e-02 2.028802e-08 2.028802e-08
22 7.904418e-02 7.904383e-02 7.904383e-02 3.454834e-07 3.454834e-07
23 8.140581e-02 8.140616e-02 8.140616e-02 3.504841e-07 3.504841e-07
24 9.271545e-02 9.261371e-02 9.261371e-02 1.017360e-04 1.017360e-04
25 9.510969e-02 9.521091e-02 9.521091e-02 1.012211e-04 1.012211e-04
26 9.642565e-02 9.521091e-02 9.521091e-02 1.214741e-03 1.214741e-03
27 9.668206e-02 9.789732e-02 9.789732e-02 1.215256e-03 1.215256e-03
28 1.089035e-01 1.089021e-01 1.089021e-01 1.391935e-06 1.391935e-06
29 1.117970e-01 1.117968e-01 1.117968e-01 1.586446e-07 1.586446e-07
30 1.118042e-01 1.117968e-01 1.117968e-01 7.337044e-06 7.337044e-06
31 1.147713e-01 1.147802e-01 1.147802e-01 8.886579e-06 8.886579e-06
