# Hello World! This is dune-eigensolver.
# hardware number of threads is 128 number of threads used is 1
# 8 8
# Smallest eigenvalues convergence test

#  n: 67600 A.N(): 67600 br: 1
# GeneralizedSymmetricStewartAdaptive:  time_total=7.014410e+00 time_factorization=3.201737e-01 time_eigendecomposition=5.245848e-03 time_matmul_dense=7.403223e-01 iterations=51 outer_iterations=4

# Arpack: time_total=1.575932e+01 iterations=1

# Eigensolver elapsed time 7.019036e+00

# N=67600 M=144 ACCURACY=1.000000e+00 TOL=2.000000e-04 THRESHOLD=9.200000e-02 ESARERROR=1.075565e-01 ARPERROR=1.629832e-05 ESANERROR=5.412337e-16 TIMERATIO=4.453896e-01 \\

## gen: stw     ARP-SMALL-TOL  ARPACK-TOL  ES-ARP-SMALL  ES-AR ERROR
00 1.141448e-15 5.507747e-17 5.507747e-17 1.086371e-15 1.086371e-15
01 5.604527e-03 5.604527e-03 5.604527e-03 1.309716e-16 1.301043e-16
02 5.604527e-03 5.604527e-03 5.604527e-03 1.838807e-16 1.804112e-16
03 8.364570e-03 8.364570e-03 8.364570e-03 2.896988e-16 2.949030e-16
04 1.867846e-02 1.867846e-02 1.867846e-02 3.989864e-16 4.475587e-16
05 1.998226e-02 1.998226e-02 1.998226e-02 5.447032e-16 5.308254e-16
06 1.998226e-02 1.998226e-02 1.998226e-02 5.238865e-16 4.926615e-16
07 2.019289e-02 2.019289e-02 2.019289e-02 8.291978e-16 8.187895e-16
08 3.249102e-02 3.249102e-02 3.249102e-02 4.996004e-16 4.787837e-16
09 3.360925e-02 3.360925e-02 3.360925e-02 4.093947e-16 3.885781e-16
10 3.360925e-02 3.360925e-02 3.360925e-02 3.747003e-16 3.538836e-16
11 3.488629e-02 3.488629e-02 3.488629e-02 4.510281e-16 4.857226e-16
12 4.663988e-02 4.663988e-02 4.663988e-02 6.175616e-16 6.314393e-16
13 4.820242e-02 4.820242e-02 4.820242e-02 4.926615e-16 4.302114e-16
14 4.820242e-02 4.820242e-02 4.820242e-02 4.371503e-16 5.828671e-16
15 4.983381e-02 4.983381e-02 4.983381e-02 6.800116e-16 6.800116e-16
16 6.142594e-02 6.142594e-02 6.142594e-02 4.024558e-16 4.024558e-16
17 6.335507e-02 6.335507e-02 6.335507e-02 4.579670e-16 4.302114e-16
18 6.335507e-02 6.335507e-02 6.335507e-02 3.747003e-16 2.081668e-16
19 6.536816e-02 6.536816e-02 6.536816e-02 4.718448e-16 4.996004e-16
20 7.676862e-02 7.676862e-02 7.676862e-02 4.163336e-17 1.387779e-17
21 7.904383e-02 7.904383e-02 7.904383e-02 6.106227e-16 4.024558e-16
22 7.904383e-02 7.904383e-02 7.904383e-02 2.220446e-16 9.714451e-17
23 8.140616e-02 8.140616e-02 8.140616e-02 6.106227e-16 5.689893e-16
24 9.261371e-02 9.261371e-02 9.261371e-02 4.204970e-15 4.177214e-15
25 9.521091e-02 9.521091e-02 9.521091e-02 1.526557e-16 2.775558e-17
26 9.521091e-02 9.521091e-02 9.521091e-02 1.138034e-12 1.138048e-12
27 9.789732e-02 9.789732e-02 9.789732e-02 5.489151e-12 5.489137e-12
28 1.089022e-01 1.089021e-01 1.089021e-01 1.099686e-07 1.099686e-07
29 1.117968e-01 1.117968e-01 1.117968e-01 1.405088e-08 1.405088e-08
30 1.117985e-01 1.117968e-01 1.117968e-01 1.649736e-06 1.649736e-06
31 1.147965e-01 1.147802e-01 1.147802e-01 1.629832e-05 1.629832e-05
