# Hello World! This is dune-eigensolver.
# hardware number of threads is 128 number of threads used is 1
# 8 8
# Smallest eigenvalues convergence test

#  n: 67600 A.N(): 67600 br: 1
# GeneralizedSymmetricStewartAdaptive:  time_total=3.816186e+00 time_factorization=3.237344e-01 time_eigendecomposition=2.772709e-03 time_matmul_dense=3.781528e-01 iterations=28 outer_iterations=4

# Arpack: time_total=1.565894e+01 iterations=1

# Eigensolver elapsed time 3.821535e+00

# N=67600 M=144 ACCURACY=1.000000e+00 TOL=1.000000e-02 THRESHOLD=9.200000e-02 ESARERROR=1.083834e-01 ARPERROR=8.431598e-04 ESANERROR=5.412337e-16 TIMERATIO=2.440482e-01 \\

## gen: stw     ARP-SMALL-TOL  ARPACK-TOL  ES-ARP-SMALL  ES-AR ERROR
00 1.083768e-15 5.507747e-17 5.507747e-17 1.028691e-15 1.028691e-15
01 5.604527e-03 5.604527e-03 5.604527e-03 1.639314e-16 1.630640e-16
02 5.604527e-03 5.604527e-03 5.604527e-03 2.376571e-16 2.341877e-16
03 8.364570e-03 8.364570e-03 8.364570e-03 1.474515e-16 1.526557e-16
04 1.867846e-02 1.867846e-02 1.867846e-02 4.128642e-16 4.614364e-16
05 1.998226e-02 1.998226e-02 1.998226e-02 5.689893e-16 5.551115e-16
06 1.998226e-02 1.998226e-02 1.998226e-02 5.100087e-16 4.787837e-16
07 2.019289e-02 2.019289e-02 2.019289e-02 6.522560e-16 6.418477e-16
08 3.249102e-02 3.249102e-02 3.249102e-02 5.689893e-16 5.481726e-16
09 3.360925e-02 3.360925e-02 3.360925e-02 3.191891e-16 2.983724e-16
10 3.360925e-02 3.360925e-02 3.360925e-02 2.498002e-16 2.289835e-16
11 3.488629e-02 3.488629e-02 3.488629e-02 5.412337e-16 5.759282e-16
12 4.663988e-02 4.663988e-02 4.663988e-02 8.951173e-16 9.089951e-16
13 4.820242e-02 4.820242e-02 4.820242e-02 5.828671e-16 5.204170e-16
14 4.820242e-02 4.820242e-02 4.820242e-02 4.371503e-16 5.828671e-16
15 4.983381e-02 4.983381e-02 4.983381e-02 6.869505e-16 6.869505e-16
16 6.142594e-02 6.142594e-02 6.142594e-02 4.579670e-16 4.579670e-16
17 6.335507e-02 6.335507e-02 6.335507e-02 4.163336e-16 3.885781e-16
18 6.335507e-02 6.335507e-02 6.335507e-02 5.689893e-16 4.024558e-16
19 6.536816e-02 6.536816e-02 6.536816e-02 6.938894e-16 7.216450e-16
20 7.676862e-02 7.676862e-02 7.676862e-02 1.804112e-16 1.526557e-16
21 7.904383e-02 7.904383e-02 7.904383e-02 2.359224e-16 2.775558e-17
22 7.904383e-02 7.904383e-02 7.904383e-02 3.440304e-14 3.452794e-14
23 8.140616e-02 8.140616e-02 8.140616e-02 1.218331e-13 1.218747e-13
24 9.261371e-02 9.261371e-02 9.261371e-02 3.476706e-09 3.476706e-09
25 9.521091e-02 9.521091e-02 9.521091e-02 3.902553e-10 3.902555e-10
26 9.521116e-02 9.521091e-02 9.521091e-02 2.539765e-07 2.539765e-07
27 9.789769e-02 9.789732e-02 9.789732e-02 3.714774e-07 3.714774e-07
28 1.089448e-01 1.089021e-01 1.089021e-01 4.275040e-05 4.275040e-05
29 1.118044e-01 1.117968e-01 1.117968e-01 7.581252e-06 7.581252e-06
30 1.119305e-01 1.117968e-01 1.117968e-01 1.336512e-04 1.336512e-04
31 1.156234e-01 1.147802e-01 1.147802e-01 8.431598e-04 8.431598e-04
