# Hello World! This is dune-eigensolver.
# hardware number of threads is 128 number of threads used is 1
# 8 8
# Smallest eigenvalues convergence test

#  n: 67600 A.N(): 67600 br: 1
# GeneralizedSymmetricStewartAdaptive:  time_total=2.832100e+00 time_factorization=3.200735e-01 time_eigendecomposition=2.028852e-03 time_matmul_dense=2.964502e-01 iterations=23 outer_iterations=4

# Arpack: time_total=1.559939e+01 iterations=1

# Eigensolver elapsed time 2.837394e+00

# N=67600 M=144 ACCURACY=1.000000e+00 TOL=2.000000e-02 THRESHOLD=9.200000e-02 ESARERROR=1.107266e-01 ARPERROR=3.186384e-03 ESANERROR=5.412337e-16 TIMERATIO=1.818913e-01 \\

## gen: stw     ARP-SMALL-TOL  ARPACK-TOL  ES-ARP-SMALL  ES-AR ERROR
00 1.093960e-15 5.507747e-17 5.507747e-17 1.038883e-15 1.038883e-15
01 5.604527e-03 5.604527e-03 5.604527e-03 1.222980e-16 1.214306e-16
02 5.604527e-03 5.604527e-03 5.604527e-03 2.246467e-16 2.211772e-16
03 8.364570e-03 8.364570e-03 8.364570e-03 2.619432e-16 2.671474e-16
04 1.867846e-02 1.867846e-02 1.867846e-02 4.232725e-16 4.718448e-16
05 1.998226e-02 1.998226e-02 1.998226e-02 5.342948e-16 5.204170e-16
06 1.998226e-02 1.998226e-02 1.998226e-02 5.273559e-16 4.961309e-16
07 2.019289e-02 2.019289e-02 2.019289e-02 7.563394e-16 7.459311e-16
08 3.249102e-02 3.249102e-02 3.249102e-02 5.759282e-16 5.551115e-16
09 3.360925e-02 3.360925e-02 3.360925e-02 4.857226e-16 4.649059e-16
10 3.360925e-02 3.360925e-02 3.360925e-02 5.342948e-16 5.134781e-16
11 3.488629e-02 3.488629e-02 3.488629e-02 4.649059e-16 4.996004e-16
12 4.663988e-02 4.663988e-02 4.663988e-02 6.730727e-16 6.869505e-16
13 4.820242e-02 4.820242e-02 4.820242e-02 6.383782e-16 5.759282e-16
14 4.820242e-02 4.820242e-02 4.820242e-02 5.689893e-16 7.147061e-16
15 4.983381e-02 4.983381e-02 4.983381e-02 6.522560e-16 6.522560e-16
16 6.142594e-02 6.142594e-02 6.142594e-02 2.706169e-16 2.706169e-16
17 6.335507e-02 6.335507e-02 6.335507e-02 4.302114e-16 4.024558e-16
18 6.335507e-02 6.335507e-02 6.335507e-02 4.579670e-16 2.914335e-16
19 6.536816e-02 6.536816e-02 6.536816e-02 7.077672e-16 7.355228e-16
20 7.676862e-02 7.676862e-02 7.676862e-02 6.687845e-13 6.688122e-13
21 7.904383e-02 7.904383e-02 7.904383e-02 5.959955e-13 5.962036e-13
22 7.904383e-02 7.904383e-02 7.904383e-02 1.878625e-10 1.878627e-10
23 8.140616e-02 8.140616e-02 8.140616e-02 5.974771e-11 5.974775e-11
24 9.261376e-02 9.261371e-02 9.261371e-02 4.434472e-08 4.434472e-08
25 9.521092e-02 9.521091e-02 9.521091e-02 4.682071e-09 4.682071e-09
26 9.521587e-02 9.521091e-02 9.521091e-02 4.959120e-06 4.959120e-06
27 9.790255e-02 9.789732e-02 9.789732e-02 5.228507e-06 5.228507e-06
28 1.089989e-01 1.089021e-01 1.089021e-01 9.688064e-05 9.688064e-05
29 1.118157e-01 1.117968e-01 1.117968e-01 1.885111e-05 1.885111e-05
30 1.119269e-01 1.117968e-01 1.117968e-01 1.300663e-04 1.300663e-04
31 1.179666e-01 1.147802e-01 1.147802e-01 3.186384e-03 3.186384e-03
