# Hello World! This is dune-eigensolver.
# hardware number of threads is 128 number of threads used is 1
# 8 8
# Smallest eigenvalues convergence test

#  n: 67600 A.N(): 67600 br: 1
# GeneralizedInverseAdaptive:  time_total=6.116006e+01 time_factorization=3.204697e-01 iterations=921 outer_iterations=4

# Arpack: time_total=1.577762e+01 iterations=1

# Eigensolver elapsed time 6.116459e+01

# N=67600 M=144 ACCURACY=2.500000e-01 TOL=1.000000e-03 THRESHOLD=9.200000e-02 ESARERROR=1.075402e-01 ARPERROR=3.720108e-11 ESANERROR=5.412337e-16 TIMERATIO=3.876669e+00 \\

## gen: ftw     ARP-SMALL-TOL  ARPACK-TOL  ES-ARP-SMALL  ES-AR ERROR
00 1.392766e-15 5.507747e-17 5.507747e-17 1.337689e-15 1.337689e-15
01 5.604527e-03 5.604527e-03 5.604527e-03 1.153591e-16 1.144917e-16
02 5.604527e-03 5.604527e-03 5.604527e-03 2.229120e-16 2.194425e-16
03 8.364570e-03 8.364570e-03 8.364570e-03 3.521489e-16 3.573530e-16
04 1.867846e-02 1.867846e-02 1.867846e-02 4.128642e-16 4.614364e-16
05 1.998226e-02 1.998226e-02 1.998226e-02 4.269363e-13 4.269501e-13
06 1.998226e-02 1.998226e-02 1.998226e-02 3.677214e-11 3.677217e-11
07 2.019289e-02 2.019289e-02 2.019289e-02 3.720109e-11 3.720108e-11
08 3.249102e-02 3.249102e-02 3.249102e-02 6.591949e-16 6.383782e-16
09 3.360925e-02 3.360925e-02 3.360925e-02 6.453171e-16 6.245005e-16
10 3.360925e-02 3.360925e-02 3.360925e-02 6.383782e-16 6.175616e-16
11 3.488629e-02 3.488629e-02 3.488629e-02 6.869505e-16 7.216450e-16
12 4.663988e-02 4.663988e-02 4.663988e-02 7.494005e-16 7.632783e-16
13 4.820242e-02 4.820242e-02 4.820242e-02 6.938894e-16 6.314393e-16
14 4.820242e-02 4.820242e-02 4.820242e-02 8.187895e-16 9.645063e-16
15 4.983381e-02 4.983381e-02 4.983381e-02 6.938894e-16 6.938894e-16
16 6.142594e-02 6.142594e-02 6.142594e-02 6.036838e-16 6.036838e-16
17 6.335507e-02 6.335507e-02 6.335507e-02 4.024558e-16 3.747003e-16
18 6.335507e-02 6.335507e-02 6.335507e-02 7.355228e-16 5.689893e-16
19 6.536816e-02 6.536816e-02 6.536816e-02 4.857226e-16 5.134781e-16
20 7.676862e-02 7.676862e-02 7.676862e-02 3.469447e-16 3.191891e-16
21 7.904383e-02 7.904383e-02 7.904383e-02 4.024558e-16 1.942890e-16
22 7.904383e-02 7.904383e-02 7.904383e-02 5.967449e-16 4.718448e-16
23 8.140616e-02 8.140616e-02 8.140616e-02 5.273559e-16 4.857226e-16
24 9.261371e-02 9.261371e-02 9.261371e-02 6.383782e-16 6.661338e-16
25 9.521091e-02 9.521091e-02 9.521091e-02 4.302114e-16 3.053113e-16
26 9.521091e-02 9.521091e-02 9.521091e-02 4.996004e-16 4.857226e-16
27 9.789732e-02 9.789732e-02 9.789732e-02 5.828671e-16 5.967449e-16
28 1.089021e-01 1.089021e-01 1.089021e-01 2.081668e-16 7.494005e-16
29 1.117968e-01 1.117968e-01 1.117968e-01 1.942890e-16 4.163336e-16
30 1.117968e-01 1.117968e-01 1.117968e-01 2.775558e-16 5.551115e-16
31 1.147802e-01 1.147802e-01 1.147802e-01 3.053113e-16 3.608225e-16
