# Hello World! This is dune-eigensolver.
# hardware number of threads is 128 number of threads used is 1
# 8 8
# Smallest eigenvalues convergence test

#  n: 67600 A.N(): 67600 br: 1
# GeneralizedSymmetricStewartAdaptive:  time_total=2.624140e+00 time_factorization=3.196715e-01 time_eigendecomposition=1.794053e-03 time_matmul_dense=2.495253e-01 iterations=16 outer_iterations=4

# Arpack: time_total=1.563909e+01 iterations=1

# Eigensolver elapsed time 2.628365e+00

# N=67600 M=144 ACCURACY=7.500000e-01 TOL=2.000000e-04 THRESHOLD=9.200000e-02 ESARERROR=1.115963e-01 ARPERROR=4.056075e-03 ESANERROR=5.412337e-16 TIMERATIO=1.680638e-01 \\

## gen: stw     ARP-SMALL-TOL  ARPACK-TOL  ES-ARP-SMALL  ES-AR ERROR
00 1.087455e-15 5.507747e-17 5.507747e-17 1.032377e-15 1.032377e-15
01 5.604527e-03 5.604527e-03 5.604527e-03 1.674008e-16 1.665335e-16
02 5.604527e-03 5.604527e-03 5.604527e-03 2.194425e-16 2.159731e-16
03 8.364570e-03 8.364570e-03 8.364570e-03 1.370432e-16 1.422473e-16
04 1.867846e-02 1.867846e-02 1.867846e-02 4.822531e-16 5.308254e-16
05 1.998226e-02 1.998226e-02 1.998226e-02 5.030698e-16 4.891920e-16
06 1.998226e-02 1.998226e-02 1.998226e-02 5.100087e-16 4.787837e-16
07 2.019289e-02 2.019289e-02 2.019289e-02 7.598089e-16 7.494005e-16
08 3.249102e-02 3.249102e-02 3.249102e-02 5.412337e-16 5.204170e-16
09 3.360925e-02 3.360925e-02 3.360925e-02 3.608225e-16 3.400058e-16
10 3.360925e-02 3.360925e-02 3.360925e-02 4.371503e-16 4.163336e-16
11 3.488629e-02 3.488629e-02 3.488629e-02 6.175616e-16 6.522560e-16
12 4.663988e-02 4.663988e-02 4.663988e-02 7.910339e-16 8.049117e-16
13 4.820242e-02 4.820242e-02 4.820242e-02 5.967449e-16 5.342948e-16
14 4.820242e-02 4.820242e-02 4.820242e-02 4.440892e-16 5.898060e-16
15 4.983381e-02 4.983381e-02 4.983381e-02 6.591949e-16 6.591949e-16
16 6.142594e-02 6.142594e-02 6.142594e-02 4.274359e-15 4.274359e-15
17 6.335507e-02 6.335507e-02 6.335507e-02 2.359224e-16 2.081668e-16
18 6.335507e-02 6.335507e-02 6.335507e-02 1.302985e-13 1.304651e-13
19 6.536816e-02 6.536816e-02 6.536816e-02 1.661171e-14 1.658396e-14
20 7.676862e-02 7.676862e-02 7.676862e-02 7.109757e-12 7.109785e-12
21 7.904383e-02 7.904383e-02 7.904383e-02 7.463670e-11 7.463691e-11
22 7.904385e-02 7.904383e-02 7.904383e-02 1.369518e-08 1.369518e-08
23 8.140622e-02 8.140616e-02 8.140616e-02 5.500086e-08 5.500086e-08
24 9.261517e-02 9.261371e-02 9.261371e-02 1.454244e-06 1.454244e-06
25 9.521130e-02 9.521091e-02 9.521091e-02 3.906534e-07 3.906534e-07
26 9.529203e-02 9.521091e-02 9.521091e-02 8.112095e-05 8.112095e-05
27 9.795982e-02 9.789732e-02 9.789732e-02 6.250638e-05 6.250638e-05
28 1.092255e-01 1.089021e-01 1.089021e-01 3.234581e-04 3.234581e-04
29 1.120019e-01 1.117968e-01 1.117968e-01 2.050745e-04 2.050745e-04
30 1.125350e-01 1.117968e-01 1.117968e-01 7.382172e-04 7.382172e-04
31 1.188363e-01 1.147802e-01 1.147802e-01 4.056075e-03 4.056075e-03
