# Hello World! This is dune-eigensolver.
# hardware number of threads is 128 number of threads used is 1
# 8 8
# Smallest eigenvalues convergence test

#  n: 67600 A.N(): 67600 br: 1
# GeneralizedInverseAdaptive:  time_total=3.069026e+02 time_factorization=3.234015e-01 iterations=4001 outer_iterations=4

# Arpack: time_total=1.548350e+01 iterations=1

# Eigensolver elapsed time 3.069063e+02

# N=67600 M=144 ACCURACY=5.000000e-01 TOL=1.000000e-04 THRESHOLD=9.200000e-02 ESARERROR=1.075402e-01 ARPERROR=1.332051e-15 ESANERROR=5.412337e-16 TIMERATIO=1.982151e+01 \\

## gen: ftw     ARP-SMALL-TOL  ARPACK-TOL  ES-ARP-SMALL  ES-AR ERROR
00 1.387128e-15 5.507747e-17 5.507747e-17 1.332051e-15 1.332051e-15
01 5.604527e-03 5.604527e-03 5.604527e-03 1.457168e-16 1.448494e-16
02 5.604527e-03 5.604527e-03 5.604527e-03 1.647987e-16 1.613293e-16
03 8.364570e-03 8.364570e-03 8.364570e-03 2.758210e-16 2.810252e-16
04 1.867846e-02 1.867846e-02 1.867846e-02 4.371503e-16 4.857226e-16
05 1.998226e-02 1.998226e-02 1.998226e-02 4.787837e-16 4.649059e-16
06 1.998226e-02 1.998226e-02 1.998226e-02 5.412337e-16 5.100087e-16
07 2.019289e-02 2.019289e-02 2.019289e-02 7.806256e-16 7.702172e-16
08 3.249102e-02 3.249102e-02 3.249102e-02 6.383782e-16 6.175616e-16
09 3.360925e-02 3.360925e-02 3.360925e-02 5.689893e-16 5.481726e-16
10 3.360925e-02 3.360925e-02 3.360925e-02 5.273559e-16 5.065393e-16
11 3.488629e-02 3.488629e-02 3.488629e-02 6.175616e-16 6.522560e-16
12 4.663988e-02 4.663988e-02 4.663988e-02 7.285839e-16 7.424616e-16
13 4.820242e-02 4.820242e-02 4.820242e-02 6.314393e-16 5.689893e-16
14 4.820242e-02 4.820242e-02 4.820242e-02 5.828671e-16 7.285839e-16
15 4.983381e-02 4.983381e-02 4.983381e-02 7.147061e-16 7.147061e-16
16 6.142594e-02 6.142594e-02 6.142594e-02 5.759282e-16 5.759282e-16
17 6.335507e-02 6.335507e-02 6.335507e-02 5.689893e-16 5.412337e-16
18 6.335507e-02 6.335507e-02 6.335507e-02 7.216450e-16 5.551115e-16
19 6.536816e-02 6.536816e-02 6.536816e-02 5.273559e-16 5.551115e-16
20 7.676862e-02 7.676862e-02 7.676862e-02 2.636780e-16 2.359224e-16
21 7.904383e-02 7.904383e-02 7.904383e-02 3.053113e-16 9.714451e-17
22 7.904383e-02 7.904383e-02 7.904383e-02 5.273559e-16 4.024558e-16
23 8.140616e-02 8.140616e-02 8.140616e-02 3.747003e-16 3.330669e-16
24 9.261371e-02 9.261371e-02 9.261371e-02 5.412337e-16 5.689893e-16
25 9.521091e-02 9.521091e-02 9.521091e-02 6.245005e-16 4.996004e-16
26 9.521091e-02 9.521091e-02 9.521091e-02 5.551115e-16 5.412337e-16
27 9.789732e-02 9.789732e-02 9.789732e-02 6.522560e-16 6.661338e-16
28 1.089021e-01 1.089021e-01 1.089021e-01 2.775558e-17 5.134781e-16
29 1.117968e-01 1.117968e-01 1.117968e-01 1.942890e-16 2.775558e-17
30 1.117968e-01 1.117968e-01 1.117968e-01 4.579670e-16 7.355228e-16
31 1.147802e-01 1.147802e-01 1.147802e-01 6.522560e-16 7.077672e-16
