#Hello World! This is dune-eigensolver.
#hardware number of threads is 4 number of threads used is 1
#8 8
#
#Smallest eigenvalues
#: arpack elapsed time 0.00822687
# 1.162337e-01
#StandardInverse:  time_total=8.960151e-03 time_factorization=1.124287e-03 time_dot_product_all=3.227070e-04 time_dot_product_diagonal=8.137000e-06 iterations=8
#SYMMETRIC STEWART:
#SymmetricStewart:  time_total=1.568336e-01 time_factorization=1.385684e-03 time_eigendecomposition=9.700450e-04 iterations=73
#eval_num       EIGENSOLVER STOPCRITERION  ANALYTICAL  ARPACK-SMALL-TOL  ARPACK-TOL  ES-AN ERROR  ES-AR ERROR  ESS-AN ERROR  ESS-AR ERROR
1.162529e-01 1.162327e-01 1.162327e-01 1.162327e-01 1.162327e-01 2.018328e-05 2.018328e-05 4.857226e-16 3.608225e-16
2.881332e-01 2.872043e-01 2.872043e-01 2.872043e-01 2.872043e-01 9.288744e-04 9.288744e-04 1.887379e-15 9.992007e-16
2.873250e-01 2.872043e-01 2.872043e-01 2.872043e-01 2.872043e-01 1.207189e-04 1.207189e-04 5.551115e-16 7.771561e-16
4.980187e-01 4.581759e-01 4.581759e-01 4.581759e-01 4.581759e-01 3.984283e-02 3.984283e-02 1.498801e-15 9.992007e-16
5.410269e-01 5.610949e-01 5.610949e-01 5.610949e-01 5.610949e-01 2.006796e-02 2.006796e-02 6.661338e-16 1.332268e-15
5.908197e-01 5.610949e-01 5.610949e-01 5.610949e-01 5.610949e-01 2.972484e-02 2.972484e-02 3.441691e-15 2.664535e-15
6.897827e-01 7.320665e-01 7.320665e-01 7.320665e-01 7.320665e-01 4.228380e-02 4.228380e-02 2.109424e-15 3.330669e-16
7.370726e-01 7.320665e-01 7.320665e-01 7.320665e-01 7.320665e-01 5.006128e-03 5.006128e-03 1.221245e-15 1.221245e-15
9.683581e-01 9.219869e-01 9.219869e-01 9.219869e-01 9.219869e-01 4.637124e-02 4.637124e-02 2.220446e-16 1.776357e-15
1.084596e+00 9.219869e-01 9.219869e-01 9.219869e-01 9.219869e-01 1.626093e-01 1.626093e-01 1.110223e-15 2.220446e-15
9.418895e-01 1.005957e+00 1.005957e+00 1.005957e+00 1.005957e+00 6.406747e-02 6.406747e-02 0.000000e+00 1.998401e-15
1.167706e+00 1.092958e+00 1.092958e+00 1.092958e+00 1.092958e+00 7.474745e-02 7.474745e-02 4.440892e-16 2.220446e-15
1.089519e+00 1.092958e+00 1.092958e+00 1.092958e+00 1.092958e+00 3.439261e-03 3.439261e-03 4.440892e-16 1.998401e-15
1.361525e+00 1.348907e+00 1.348907e+00 1.348907e+00 1.348907e+00 1.261793e-02 1.261793e-02 6.661338e-16 5.551115e-15
1.338539e+00 1.348907e+00 1.348907e+00 1.348907e+00 1.348907e+00 1.036720e-02 1.036720e-02 0.000000e+00 1.332268e-15
1.324436e+00 1.366849e+00 1.366849e+00 1.366849e+00 1.366849e+00 4.241287e-02 4.241287e-02 1.110223e-15 2.442491e-15
1.449548e+00 1.366849e+00 1.366849e+00 1.366849e+00 1.366849e+00 8.269921e-02 8.269921e-02 2.220446e-16 1.998401e-15
1.467932e+00 1.519878e+00 1.519878e+00 1.519878e+00 1.519878e+00 5.194630e-02 5.194630e-02 6.661338e-16 6.217249e-15
1.459849e+00 1.519878e+00 1.519878e+00 1.519878e+00 1.519878e+00 6.002889e-02 6.002889e-02 2.220446e-16 5.107026e-15
1.987970e+00 1.727741e+00 1.727741e+00 1.727741e+00 1.727741e+00 2.602289e-01 2.602289e-01 2.220446e-16 1.998401e-15
1.717211e+00 1.793769e+00 1.793769e+00 1.793769e+00 1.793769e+00 7.655814e-02 7.655814e-02 1.110223e-15 1.199041e-14
1.942192e+00 1.793769e+00 1.793769e+00 1.793769e+00 1.805584e+00 1.484234e-01 1.484234e-01 8.881784e-16 1.554312e-15
1.893920e+00 1.817043e+00 1.817043e+00 1.817043e+00 1.817043e+00 7.687677e-02 7.687677e-02 1.332268e-15 9.325873e-15
1.842778e+00 1.817043e+00 1.817043e+00 1.817043e+00 1.988015e+00 2.573509e-02 2.573509e-02 4.440892e-16 6.883383e-15
1.840554e+00 1.988015e+00 1.988015e+00 1.988015e+00 2.154661e+00 1.474603e-01 1.474603e-01 3.996803e-15 1.199041e-14
2.198990e+00 1.988015e+00 1.988015e+00 1.988015e+00 2.261905e+00 2.109753e-01 2.109753e-01 4.696732e-11 4.697220e-11
2.079805e+00 2.154661e+00 2.154661e+00 2.154661e+00 2.299190e+00 7.485555e-02 7.485555e-02 1.971889e-11 1.972822e-11
2.194845e+00 2.154662e+00 2.154661e+00 2.154661e+00 2.470161e+00 4.018391e-02 4.018391e-02 1.446087e-06 1.446087e-06
2.207600e+00 2.261905e+00 2.261905e+00 2.261905e+00 2.581580e+00 5.430515e-02 5.430515e-02 3.468953e-09 3.468959e-09
2.323401e+00 2.262320e+00 2.261905e+00 2.261905e+00 2.622797e+00 6.149555e-02 6.149555e-02 4.144901e-04 4.144901e-04
2.383768e+00 2.299193e+00 2.299190e+00 2.299190e+00 2.744052e+00 8.457778e-02 8.457778e-02 2.864518e-06 2.864518e-06
2.598985e+00 2.302700e+00 2.299190e+00 2.299190e+00 2.767326e+00 2.997958e-01 2.997958e-01 3.510296e-03 3.510296e-03
#Relative residual of the stopping criterion with the arpack small tolerance
#Eigensolver   StoppingCriterion
#         1.7e-04   3.1e-15
#         6.4e-02   2.0e-15
#         4.3e-02   6.7e-15
#         3.7e-02   1.2e-06
#Relative residual of the stopping criterion with the arpack
#Eigensolver   StoppingCriterion
#         1.7e-04   1.9e-15
#         6.4e-02   3.8e-15
#         4.3e-02   2.2e-15
#         1.3e-01   1.6e-01
#Relative residual of the stopping criterion with the analytical solution
#Eigensolver   StoppingCriterion
#         1.7e-04   4.2e-15
#         6.4e-02   0.0e+00
#         4.3e-02   6.2e-16
#         3.7e-02   1.2e-06
#Relative residual of the arpack solutions with the analytical solution
#Arpack small tol          Arpack
#         1.1e-15   2.3e-15
#         2.0e-15   3.8e-15
#         7.3e-15   1.6e-15
#         4.4e-15   1.9e-01
#: eigensolver elapsed time 9.1e-03
#: eigensolver with stopping criterion elapsed time 1.6e-01
#N    M       TOL      ESARERROR         ESSTARERROR       ARPERROR           ESANERROR         ESSTANERROR      TIMERATIO      TIMEWSTOPRATIO     ARPACKITER        ES_ITER        ESS_ITER
#144   32   1.0e-01    2.997958e-01      2.997958e-01     4.681364e-01      7.767514e+00      7.767535e+00      1.106414e+00      1.908267e+01       1                8              73 \\
