#Hello World! This is dune-eigensolver.
#hardware number of threads is 4 number of threads used is 1
#8 8
#
#Smallest eigenvalues
#: arpack elapsed time 0.00508944
# 1.162337e-01
#StandardInverse:  time_total=2.521068e-03 time_factorization=8.166710e-04 time_dot_product_all=1.819980e-04 time_dot_product_diagonal=3.590000e-06 iterations=3
#SYMMETRIC STEWART:
#SymmetricStewart:  time_total=5.085682e-03 time_factorization=8.064800e-04 time_eigendecomposition=1.112859e-03 iterations=3
#eval_num       EIGENSOLVER STOPCRITERION  ANALYTICAL  ARPACK-SMALL-TOL  ARPACK-TOL  ES-AN ERROR  ES-AR ERROR  ESS-AN ERROR  ESS-AR ERROR
1.509976e-01 1.165593e-01 1.162327e-01 1.162327e-01 1.162327e-01 3.476488e-02 3.476488e-02 3.265593e-04 3.265593e-04
4.018391e-01 2.884465e-01 2.872043e-01 2.872043e-01 2.872043e-01 1.146348e-01 1.146348e-01 1.242188e-03 1.242188e-03
3.950597e-01 2.903934e-01 2.872043e-01 2.872043e-01 2.872043e-01 1.078553e-01 1.078553e-01 3.189059e-03 3.189059e-03
7.455947e-01 4.665042e-01 4.581759e-01 4.581759e-01 4.581759e-01 2.874188e-01 2.874188e-01 8.328275e-03 8.328275e-03
5.656834e-01 5.792303e-01 5.610949e-01 5.610949e-01 5.610949e-01 4.588495e-03 4.588495e-03 1.813540e-02 1.813540e-02
9.482246e-01 5.878042e-01 5.610949e-01 5.610949e-01 5.610949e-01 3.871297e-01 3.871297e-01 2.670929e-02 2.670929e-02
9.803138e-01 7.615862e-01 7.320665e-01 7.320665e-01 7.320665e-01 2.482473e-01 2.482473e-01 2.951974e-02 2.951974e-02
1.016834e+00 7.935069e-01 7.320665e-01 7.320665e-01 7.320665e-01 2.847672e-01 2.847672e-01 6.144042e-02 6.144042e-02
1.530820e+00 1.012071e+00 9.219869e-01 9.219869e-01 9.219869e-01 6.088331e-01 6.088331e-01 9.008452e-02 9.008452e-02
1.075547e+00 1.022524e+00 9.219869e-01 9.219869e-01 9.219869e-01 1.535604e-01 1.535604e-01 1.005374e-01 1.005374e-01
1.681967e+00 1.130155e+00 1.005957e+00 1.005957e+00 1.005957e+00 6.760095e-01 6.760095e-01 1.241976e-01 1.241976e-01
1.896419e+00 1.192018e+00 1.092958e+00 1.092958e+00 1.092958e+00 8.034604e-01 8.034604e-01 9.905911e-02 9.905911e-02
1.428765e+00 1.247913e+00 1.092958e+00 1.092958e+00 1.092958e+00 3.358062e-01 3.358062e-01 1.549548e-01 1.549548e-01
2.181822e+00 1.523493e+00 1.348907e+00 1.348907e+00 1.348907e+00 8.329152e-01 8.329152e-01 1.745866e-01 1.745866e-01
1.477039e+00 1.571486e+00 1.348907e+00 1.348907e+00 1.348907e+00 1.281327e-01 1.281327e-01 2.225795e-01 2.225795e-01
1.304492e+00 1.680333e+00 1.366849e+00 1.366849e+00 1.366849e+00 6.235679e-02 6.235679e-02 3.134843e-01 3.134843e-01
1.877205e+00 1.769499e+00 1.366849e+00 1.366849e+00 1.366849e+00 5.103559e-01 5.103559e-01 4.026500e-01 4.026500e-01
1.880728e+00 1.821337e+00 1.519878e+00 1.519878e+00 1.519878e+00 3.608502e-01 3.608502e-01 3.014587e-01 3.014587e-01
1.888663e+00 1.917185e+00 1.519878e+00 1.519878e+00 1.519878e+00 3.687843e-01 3.687843e-01 3.973067e-01 3.973067e-01
2.443681e+00 2.095592e+00 1.727741e+00 1.727741e+00 1.727741e+00 7.159402e-01 7.159402e-01 3.678514e-01 3.678514e-01
2.185402e+00 2.133152e+00 1.793769e+00 1.793769e+00 1.793769e+00 3.916330e-01 3.916330e-01 3.393836e-01 3.393836e-01
2.259560e+00 2.244498e+00 1.793769e+00 1.793769e+00 1.805584e+00 4.657913e-01 4.657913e-01 4.507289e-01 4.507289e-01
3.096098e+00 2.387417e+00 1.817043e+00 1.817043e+00 1.817043e+00 1.279055e+00 1.279055e+00 5.703736e-01 5.703736e-01
2.169247e+00 2.626469e+00 1.817043e+00 1.817043e+00 1.988015e+00 3.522040e-01 3.522040e-01 8.094259e-01 8.094259e-01
2.272214e+00 2.735420e+00 1.988015e+00 1.988015e+00 2.154661e+00 2.841991e-01 2.841991e-01 7.474058e-01 7.474058e-01
2.406306e+00 2.847821e+00 1.988015e+00 1.988015e+00 2.261905e+00 4.182918e-01 4.182918e-01 8.598065e-01 8.598065e-01
2.287906e+00 2.920168e+00 2.154661e+00 2.154661e+00 2.299190e+00 1.332455e-01 1.332455e-01 7.655077e-01 7.655077e-01
2.584391e+00 3.126587e+00 2.154661e+00 2.154661e+00 2.470161e+00 4.297301e-01 4.297301e-01 9.719261e-01 9.719261e-01
2.977152e+00 3.248487e+00 2.261905e+00 2.261905e+00 2.581580e+00 7.152473e-01 7.152473e-01 9.865817e-01 9.865817e-01
2.602388e+00 3.309285e+00 2.261905e+00 2.261905e+00 2.622797e+00 3.404825e-01 3.404825e-01 1.047380e+00 1.047380e+00
2.951692e+00 3.440522e+00 2.299190e+00 2.299190e+00 2.744052e+00 6.525019e-01 6.525019e-01 1.141332e+00 1.141332e+00
2.726066e+00 3.502653e+00 2.299190e+00 2.299190e+00 2.767326e+00 4.268767e-01 4.268767e-01 1.203463e+00 1.203463e+00
#Relative residual of the stopping criterion with the arpack small tolerance
#Eigensolver   StoppingCriterion
#         3.0e-01   2.8e-03
#         6.7e-01   1.2e-01
#         2.2e-01   1.9e-01
#         2.8e-01   5.0e-01
#Relative residual of the stopping criterion with the arpack
#Eigensolver   StoppingCriterion
#         3.0e-01   2.8e-03
#         6.7e-01   1.2e-01
#         2.2e-01   1.9e-01
#         7.6e-02   2.5e-01
#Relative residual of the stopping criterion with the analytical solution
#Eigensolver   StoppingCriterion
#         3.0e-01   2.8e-03
#         6.7e-01   1.2e-01
#         2.2e-01   1.9e-01
#         2.8e-01   5.0e-01
#Relative residual of the arpack solutions with the analytical solution
#Arpack small tol          Arpack
#         1.1e-15   2.3e-15
#         2.0e-15   3.8e-15
#         7.3e-15   1.6e-15
#         4.4e-15   1.9e-01
#: eigensolver elapsed time 2.6e-03
#: eigensolver with stopping criterion elapsed time 5.2e-03
#N    M       TOL      ESARERROR         ESSTARERROR       ARPERROR           ESANERROR         ESSTANERROR      TIMERATIO      TIMEWSTOPRATIO     ARPACKITER        ES_ITER        ESS_ITER
#144   32   1.0e-01    1.279055e+00      1.279055e+00     4.681364e-01      7.732770e+00      7.767208e+00      5.111410e-01      1.019234e+00       1                3              3 \\
