# Hello World! This is dune-eigensolver.
# hardware number of threads is 4 number of threads used is 1
# 8 8
# Smallest eigenvalues
# Smallest eigenvalue from Arpack: 4.885724e-04
# StandardInverse:  time_total=1.684922e+01 time_factorization=2.947258e-01 time_dot_product_all=5.029044e-02 time_dot_product_diagonal=1.400659e-03 iterations=81
# SymmetricStewart:  time_total=6.326569e+01 time_factorization=2.958089e-01 time_eigendecomposition=1.001949e-03 iterations=300
# Arpack elapsed time 5.262973e+00
# Eigensolver elapsed time 1.685879e+01
# Eigensolver with stopping criterion elapsed time 6.327615e+01
# N    M       TOL      ESARERROR         ESSTARERROR       ARPERROR           ESANERROR         ESSTANERROR      TIMERATIO      TIMEWSTOPRATIO     ARPACKITER 
# 40000   32   1.000000e-02    1.270198e-03      1.270198e-03     1.216361e-03      1.270198e-03      2.330921e-04      3.203283e+00      1.202289e+01       10 \\
## EIGENSOLVER STOPCRITERION  ANALYTICAL  ARP-SMALL-TOL  ARPACK-TOL  ES-AN ERROR  ES-AR ERROR  ESS-AN ERROR  ESS-AR ERROR
00 9.633589e-04 4.885722e-04 4.885722e-04 4.885722e-04 4.885722e-04 4.747867e-04 4.747867e-04 9.971407e-16 1.706968e-15
01 2.491569e-03 1.221371e-03 1.221371e-03 1.221371e-03 1.221371e-03 1.270198e-03 1.270198e-03 7.251144e-16 6.522560e-16
02 1.734716e-03 1.221371e-03 1.221371e-03 1.221371e-03 1.221371e-03 5.133453e-04 5.133453e-04 6.346920e-16 1.651457e-15
03 1.677432e-03 1.954170e-03 1.954170e-03 1.954170e-03 1.954170e-03 2.767381e-04 2.767381e-04 7.268491e-16 1.096345e-15
04 2.569784e-03 2.442503e-03 2.442503e-03 2.442503e-03 2.442503e-03 1.272806e-04 1.272806e-04 1.205633e-15 5.828671e-16
05 2.637887e-03 2.442503e-03 2.442503e-03 2.442503e-03 2.442503e-03 1.953841e-04 1.953841e-04 1.127570e-16 5.551115e-16
06 3.060194e-03 3.175302e-03 3.175302e-03 3.175302e-03 3.175302e-03 1.151076e-04 1.151076e-04 2.914335e-16 3.469447e-16
07 2.593777e-03 3.175302e-03 3.175302e-03 3.175302e-03 3.175302e-03 5.815252e-04 5.815252e-04 1.110223e-16 1.387779e-17
08 3.933699e-03 4.151671e-03 4.151671e-03 4.151671e-03 4.151671e-03 2.179712e-04 2.179712e-04 7.034304e-16 1.804112e-15
09 3.884484e-03 4.151671e-03 4.151671e-03 4.151671e-03 4.151671e-03 2.671867e-04 2.671867e-04 9.809861e-16 9.159340e-16
10 5.057923e-03 4.396434e-03 4.396434e-03 4.396434e-03 4.396434e-03 6.614890e-04 6.614890e-04 1.327063e-15 1.124101e-15
11 4.623402e-03 4.884469e-03 4.884469e-03 4.884469e-03 4.884469e-03 2.610673e-04 2.610673e-04 2.823262e-15 2.622902e-15
12 5.637312e-03 4.884469e-03 4.884469e-03 4.884469e-03 4.884469e-03 7.528432e-04 7.528432e-04 9.636389e-16 1.124101e-15
13 6.271883e-03 6.105602e-03 6.105602e-03 6.105602e-03 6.105602e-03 1.662813e-04 1.662813e-04 1.055579e-15 6.938894e-16
14 5.827086e-03 6.105602e-03 6.105602e-03 6.105602e-03 6.105602e-03 2.785153e-04 2.785153e-04 2.090342e-16 1.526557e-16
15 6.080851e-03 6.348456e-03 6.348456e-03 6.348456e-03 6.348456e-03 2.676044e-04 2.676044e-04 1.066855e-15 1.193490e-15
16 6.220622e-03 6.348456e-03 6.348456e-03 6.348456e-03 6.348456e-03 1.278334e-04 1.278334e-04 4.701101e-16 7.494005e-16
17 7.423895e-03 7.081254e-03 7.081254e-03 7.081254e-03 7.081254e-03 3.426407e-04 3.426407e-04 2.636780e-16 5.828671e-16
18 6.498957e-03 7.081254e-03 7.081254e-03 7.081254e-03 7.081254e-03 5.822972e-04 5.822972e-04 1.267042e-14 1.319778e-14
19 8.920158e-03 7.814769e-03 7.814769e-03 7.814769e-03 7.814769e-03 1.105389e-03 1.105389e-03 2.821979e-13 2.824407e-13
20 7.806962e-03 8.302387e-03 8.302387e-03 8.302387e-03 8.302387e-03 4.954248e-04 4.954248e-04 3.920995e-14 4.007905e-14
21 8.274862e-03 8.302387e-03 8.302387e-03 8.302387e-03 8.302387e-03 2.752503e-05 2.752503e-05 3.572439e-12 3.572240e-12
22 8.975721e-03 9.032322e-03 9.032322e-03 9.032322e-03 9.032322e-03 5.660068e-05 5.660068e-05 1.146925e-12 1.147443e-12
23 9.343753e-03 9.032322e-03 9.032322e-03 9.032322e-03 9.032364e-03 3.114311e-04 3.114311e-04 1.889792e-10 1.889795e-10
24 9.387475e-03 9.765121e-03 9.765121e-03 9.765121e-03 9.765121e-03 3.776462e-04 3.776462e-04 2.114228e-10 2.114234e-10
25 1.018511e-02 9.765129e-03 9.765121e-03 9.765121e-03 9.768851e-03 4.199923e-04 4.199923e-04 8.675201e-09 8.675201e-09
26 1.030213e-02 1.001156e-02 1.001155e-02 1.001155e-02 1.001155e-02 2.905778e-04 2.905778e-04 1.251505e-09 1.251505e-09
27 1.052388e-02 1.001159e-02 1.001155e-02 1.001155e-02 1.098625e-02 5.123266e-04 5.123266e-04 3.864594e-08 3.864594e-08
28 1.041004e-02 1.098632e-02 1.098625e-02 1.098625e-02 1.100413e-02 5.762159e-04 5.762159e-04 6.927844e-08 6.927844e-08
29 1.022058e-02 1.098988e-02 1.098625e-02 1.098625e-02 1.220261e-02 7.656688e-04 7.656688e-04 3.628885e-06 3.628885e-06
30 1.222557e-02 1.225591e-02 1.220261e-02 1.220261e-02 1.220834e-02 2.295421e-05 2.295421e-05 5.329311e-05 5.329311e-05
31 1.249839e-02 1.243571e-02 1.220261e-02 1.220261e-02 1.269542e-02 2.957741e-04 2.957741e-04 2.330921e-04 2.330921e-04
