# Hello World! This is dune-eigensolver.
# hardware number of threads is 4 number of threads used is 1
# 8 8
# Smallest eigenvalues
# Smallest eigenvalue from Arpack: 2.467350e-04
# GeneralizedInverse:  time_total=6.680216e+01 time_factorization=2.858525e-01 time_dot_product_all=5.006050e-02 time_dot_product_diagonal=1.470874e-03 iterations=279
## gen: ftw     ARP-SMALL-TOL  ARPACK-TOL  ES-ARP-SMALL  ES-AR ERROR
00 4.629762e-01 -1.118897e-16 -1.118897e-16 4.629762e-01 4.629762e-01
01 4.629762e-01 7.407260e-03 7.407260e-03 4.555690e-01 4.555690e-01
02 4.629762e-01 7.407260e-03 7.407260e-03 4.555690e-01 4.555690e-01
03 4.629762e-01 1.113908e-02 1.113908e-02 4.518371e-01 4.518371e-01
04 4.891443e-01 2.459842e-02 2.459842e-02 4.645459e-01 4.645459e-01
05 4.891023e-01 2.657816e-02 2.657816e-02 4.625241e-01 4.625241e-01
06 4.894818e-01 2.657816e-02 2.657816e-02 4.629036e-01 4.629036e-01
07 4.897670e-01 2.713537e-02 2.713537e-02 4.626316e-01 4.626316e-01
08 4.897962e-01 4.310637e-02 4.310637e-02 4.466898e-01 4.466898e-01
09 4.910482e-01 4.496569e-02 4.496569e-02 4.460825e-01 4.460825e-01
10 4.900259e-01 4.496569e-02 4.496569e-02 4.450602e-01 4.450602e-01
11 4.922914e-01 4.707724e-02 4.707724e-02 4.452142e-01 4.452142e-01
12 4.925799e-01 6.225010e-02 6.225010e-02 4.303298e-01 4.303298e-01
13 4.904640e-01 6.480932e-02 6.480932e-02 4.256547e-01 4.256547e-01
14 4.938185e-01 6.480932e-02 6.480932e-02 4.290092e-01 4.290092e-01
15 4.958583e-01 6.750170e-02 6.750170e-02 4.283566e-01 4.283566e-01
16 4.940649e-01 8.238127e-02 8.238127e-02 4.116836e-01 4.116836e-01
17 4.958437e-01 8.551727e-02 8.551727e-02 4.103265e-01 4.103265e-01
18 4.968593e-01 8.551727e-02 8.551727e-02 4.113420e-01 4.113420e-01
19 4.973317e-01 8.880565e-02 8.880565e-02 4.085261e-01 4.085261e-01
20 5.012702e-01 1.033365e-01 1.033365e-01 3.979337e-01 3.979337e-01
21 5.012886e-01 1.070004e-01 1.070004e-01 3.942882e-01 3.942882e-01
22 5.017644e-01 1.070004e-01 1.070004e-01 3.947640e-01 3.947640e-01
23 5.067225e-01 1.108161e-01 1.108161e-01 3.959064e-01 3.959064e-01
24 5.017313e-01 1.249853e-01 1.249853e-01 3.767460e-01 3.767460e-01
25 5.067028e-01 1.291217e-01 1.291217e-01 3.775812e-01 3.775812e-01
26 5.068123e-01 1.291217e-01 1.291217e-01 3.776906e-01 3.776906e-01
27 5.079100e-01 1.334063e-01 1.334063e-01 3.745037e-01 3.745037e-01
28 5.132301e-01 1.471903e-01 1.471903e-01 3.660398e-01 3.660398e-01
29 5.127307e-01 1.517422e-01 1.517422e-01 3.609885e-01 3.609885e-01
30 5.152169e-01 1.517422e-01 1.517422e-01 3.634747e-01 3.634747e-01
31 5.187660e-01 1.564337e-01 1.564337e-01 3.623324e-01 3.623324e-01
