# Hello World! This is dune-eigensolver.
# hardware number of threads is 4 number of threads used is 1
# 8 8
# Smallest eigenvalues
# Smallest eigenvalue from Arpack: 4.885722e-04
# SymmetricStewart:  time_total=2.203419e+01 time_factorization=2.785133e-01 time_eigendecomposition=1.038388e-03 time_matmul_dense=6.258000e-05 iterations=109
##  STEWART  ANALYTICAL  ARP-SMALL-TOL  ARPACK-TOL  ESS-AN ERROR  ESS-AR ERROR
00 4.885722e-04 4.885722e-04 4.885722e-04 4.885722e-04 3.338258e-16 2.168404e-19
01 1.221371e-03 1.221371e-03 1.221371e-03 1.221371e-03 3.499805e-16 1.994932e-17
02 1.221371e-03 1.221371e-03 1.221371e-03 1.221371e-03 3.549678e-16 1.517883e-17
03 1.954170e-03 1.954170e-03 1.954170e-03 1.954170e-03 3.209238e-16 2.168404e-17
04 2.442503e-03 2.442503e-03 2.442503e-03 2.442503e-03 3.282964e-16 2.168404e-18
05 2.442503e-03 2.442503e-03 2.442503e-03 2.442503e-03 3.430416e-16 1.301043e-17
06 3.175302e-03 3.175302e-03 3.175302e-03 3.175302e-03 3.547510e-16 1.994932e-17
07 3.175302e-03 3.175302e-03 3.175302e-03 3.175302e-03 3.903128e-16 4.336809e-17
08 4.151671e-03 4.151671e-03 4.151671e-03 4.151671e-03 3.018419e-16 4.423545e-17
09 4.151671e-03 4.151671e-03 4.151671e-03 4.151671e-03 3.348016e-16 1.127570e-17
10 4.396434e-03 4.396434e-03 4.396434e-03 4.396434e-03 3.703635e-16 5.290907e-17
11 4.884469e-03 4.884469e-03 4.884469e-03 4.884469e-03 3.330669e-16 2.949030e-17
12 4.884469e-03 4.884469e-03 4.884469e-03 4.884469e-03 3.660267e-16 4.423545e-17
13 6.105602e-03 6.105602e-03 6.105602e-03 6.105602e-03 4.024558e-16 1.136244e-16
14 6.105602e-03 6.105602e-03 6.105602e-03 6.105602e-03 4.024558e-16 7.546047e-17
15 6.348456e-03 6.348456e-03 6.348456e-03 6.348456e-03 3.495468e-16 5.290907e-17
16 6.348456e-03 6.348456e-03 6.348456e-03 6.348456e-03 3.530162e-16 6.071532e-18
17 7.081254e-03 7.081254e-03 7.081254e-03 7.081254e-03 3.686287e-16 1.092876e-16
18 7.081254e-03 7.081254e-03 7.081254e-03 7.081255e-03 4.293441e-16 1.283695e-16
19 7.814769e-03 7.814769e-03 7.814769e-03 7.814769e-03 3.122502e-16 2.428613e-17
20 8.302387e-03 8.302387e-03 8.302387e-03 8.302387e-03 1.370432e-16 1.873501e-16
21 8.302387e-03 8.302387e-03 8.302387e-03 9.032322e-03 3.243933e-16 1.734723e-17
22 9.032322e-03 9.032322e-03 9.032322e-03 9.765121e-03 3.625572e-16 1.318390e-16
23 9.032322e-03 9.032322e-03 9.032322e-03 1.001155e-02 4.527628e-16 1.526557e-16
24 9.765121e-03 9.765121e-03 9.765121e-03 1.098625e-02 3.625572e-16 7.285839e-17
25 9.765121e-03 9.765121e-03 9.765121e-03 1.220261e-02 3.885781e-16 3.816392e-17
26 1.001155e-02 1.001155e-02 1.001155e-02 1.220834e-02 3.400058e-16 1.040834e-17
27 1.001155e-02 1.001155e-02 1.001155e-02 1.269542e-02 3.903128e-16 1.734723e-17
28 1.098625e-02 1.098625e-02 1.098625e-02 1.293541e-02 4.163336e-16 1.769418e-16
29 1.098625e-02 1.098625e-02 1.098625e-02 1.415654e-02 6.941687e-13 6.938443e-13
30 1.220319e-02 1.220261e-02 1.220261e-02 1.489221e-02 5.779657e-07 5.779657e-07
31 1.220593e-02 1.220261e-02 1.220261e-02 1.586354e-02 3.320572e-06 3.320572e-06
