# Hello World! This is dune-eigensolver.
# hardware number of threads is 4 number of threads used is 1
# 8 8
# Smallest eigenvalues
# Smallest eigenvalue from Arpack: 4.885722e-04
# SymmetricStewart:  time_total=4.226355e+01 time_factorization=2.752649e-01 time_eigendecomposition=9.770030e-04 time_matmul_dense=6.221200e-05 iterations=211
##  STEWART  ANALYTICAL  ARP-SMALL-TOL  ARPACK-TOL  ESS-AN ERROR  ESS-AR ERROR
00 4.885722e-04 4.885722e-04 4.885722e-04 4.885722e-04 3.312238e-16 2.818926e-18
01 1.221371e-03 1.221371e-03 1.221371e-03 1.221371e-03 3.434752e-16 1.344411e-17
02 1.221371e-03 1.221371e-03 1.221371e-03 1.221371e-03 3.697129e-16 2.992398e-17
03 1.954170e-03 1.954170e-03 1.954170e-03 1.954170e-03 3.330669e-16 9.540979e-18
04 2.442503e-03 2.442503e-03 2.442503e-03 2.442503e-03 3.478121e-16 2.168404e-17
05 2.442503e-03 2.442503e-03 2.442503e-03 2.442503e-03 3.738329e-16 4.380177e-17
06 3.175302e-03 3.175302e-03 3.175302e-03 3.175302e-03 2.775558e-16 5.724587e-17
07 3.175302e-03 3.175302e-03 3.175302e-03 3.175302e-03 3.348016e-16 1.214306e-17
08 4.151671e-03 4.151671e-03 4.151671e-03 4.151671e-03 2.853620e-16 6.071532e-17
09 4.151671e-03 4.151671e-03 4.151671e-03 4.151671e-03 3.859760e-16 3.989864e-17
10 4.396434e-03 4.396434e-03 4.396434e-03 4.396434e-03 3.599551e-16 4.250073e-17
11 4.884469e-03 4.884469e-03 4.884469e-03 4.884469e-03 2.688821e-16 3.469447e-17
12 4.884469e-03 4.884469e-03 4.884469e-03 4.884469e-03 3.521489e-16 3.035766e-17
13 6.105602e-03 6.105602e-03 6.105602e-03 6.105602e-03 3.460773e-16 5.724587e-17
14 6.105602e-03 6.105602e-03 6.105602e-03 6.105602e-03 4.041906e-16 7.719519e-17
15 6.348456e-03 6.348456e-03 6.348456e-03 6.348456e-03 3.044440e-16 7.806256e-18
16 6.348456e-03 6.348456e-03 6.348456e-03 6.348456e-03 3.139849e-16 3.295975e-17
17 7.081254e-03 7.081254e-03 7.081254e-03 7.081254e-03 2.870967e-16 2.775558e-17
18 7.081254e-03 7.081254e-03 7.081254e-03 7.081254e-03 4.761816e-16 1.752071e-16
19 7.814769e-03 7.814769e-03 7.814769e-03 7.814769e-03 2.740863e-16 6.245005e-17
20 8.302387e-03 8.302387e-03 8.302387e-03 8.302387e-03 3.348016e-16 1.040834e-17
21 8.302387e-03 8.302387e-03 8.302387e-03 8.302387e-03 3.660267e-16 2.428613e-17
22 9.032322e-03 9.032322e-03 9.032322e-03 9.032322e-03 9.887924e-17 1.318390e-16
23 9.032322e-03 9.032322e-03 9.032322e-03 9.032322e-03 3.903128e-16 9.020562e-17
24 9.765121e-03 9.765121e-03 9.765121e-03 9.765121e-03 2.480655e-16 4.163336e-17
25 9.765121e-03 9.765121e-03 9.765121e-03 9.765121e-03 2.949030e-16 5.551115e-17
26 1.001155e-02 1.001155e-02 1.001155e-02 1.001155e-02 2.012279e-16 1.491862e-16
27 1.001155e-02 1.001155e-02 1.001155e-02 1.001155e-02 4.666406e-16 5.898060e-17
28 1.098625e-02 1.098625e-02 1.098625e-02 1.098625e-02 3.330669e-16 9.367507e-17
29 1.098625e-02 1.098625e-02 1.098625e-02 1.098625e-02 4.076600e-16 8.326673e-17
30 1.220261e-02 1.220261e-02 1.220261e-02 1.220261e-02 2.878236e-10 2.878233e-10
31 1.220555e-02 1.220261e-02 1.220261e-02 1.220834e-02 2.939855e-06 2.939855e-06
