# Hello World! This is dune-eigensolver.
# hardware number of threads is 4 number of threads used is 1
# 8 8
# Smallest eigenvalues
# Smallest eigenvalue from Arpack: 4.885722e-04
# SymmetricStewart:  time_total=3.303767e+02 time_factorization=2.758612e-01 time_eigendecomposition=1.005918e-03 time_matmul_dense=6.352600e-05 iterations=1645
##  STEWART  ANALYTICAL  ARP-SMALL-TOL  ARPACK-TOL  ESS-AN ERROR  ESS-AR ERROR
00 4.885722e-04 4.885722e-04 4.885722e-04 4.885722e-04 3.342595e-16 2.168404e-19
01 1.221371e-03 1.221371e-03 1.221371e-03 1.221371e-03 3.209238e-16 9.107298e-18
02 1.221371e-03 1.221371e-03 1.221371e-03 1.221371e-03 3.432584e-16 3.469447e-18
03 1.954170e-03 1.954170e-03 1.954170e-03 1.954170e-03 3.139849e-16 2.862294e-17
04 2.442503e-03 2.442503e-03 2.442503e-03 2.442503e-03 3.369700e-16 1.084202e-17
05 2.442503e-03 2.442503e-03 2.442503e-03 2.442503e-03 3.547510e-16 2.471981e-17
06 3.175302e-03 3.175302e-03 3.175302e-03 3.175302e-03 3.391384e-16 4.336809e-18
07 3.175302e-03 3.175302e-03 3.175302e-03 3.175302e-03 3.556183e-16 8.673617e-18
08 4.151671e-03 4.151671e-03 4.151671e-03 4.151671e-03 3.504141e-16 4.336809e-18
09 4.151671e-03 4.151671e-03 4.151671e-03 4.151671e-03 3.833739e-16 3.729655e-17
10 4.396434e-03 4.396434e-03 4.396434e-03 4.396434e-03 4.406198e-16 1.231654e-16
11 4.884469e-03 4.884469e-03 4.884469e-03 4.884469e-03 2.836273e-16 1.994932e-17
12 4.884469e-03 4.884469e-03 4.884469e-03 4.884469e-03 4.380177e-16 1.162265e-16
13 6.105602e-03 6.105602e-03 6.105602e-03 6.105602e-03 2.792905e-16 9.540979e-18
14 6.105602e-03 6.105602e-03 6.105602e-03 6.105602e-03 3.157197e-16 1.127570e-17
15 6.348456e-03 6.348456e-03 6.348456e-03 6.348456e-03 4.154663e-16 1.188286e-16
16 6.348456e-03 6.348456e-03 6.348456e-03 6.348456e-03 4.692427e-16 1.222980e-16
17 7.081254e-03 7.081254e-03 7.081254e-03 7.081254e-03 3.044440e-16 4.510281e-17
18 7.081254e-03 7.081254e-03 7.081254e-03 7.081254e-03 3.391384e-16 3.816392e-17
19 7.814769e-03 7.814769e-03 7.814769e-03 7.814769e-03 2.463307e-16 9.020562e-17
20 8.302387e-03 8.302387e-03 8.302387e-03 8.302387e-03 3.174544e-16 6.938894e-18
21 8.302387e-03 8.302387e-03 8.302387e-03 8.302387e-03 4.007211e-16 5.898060e-17
22 9.032322e-03 9.032322e-03 9.032322e-03 9.032322e-03 1.925543e-16 3.816392e-17
23 9.032322e-03 9.032322e-03 9.032322e-03 9.032322e-03 2.515349e-16 4.857226e-17
24 9.765121e-03 9.765121e-03 9.765121e-03 9.765121e-03 1.196959e-16 1.700029e-16
25 9.765121e-03 9.765121e-03 9.765121e-03 9.765121e-03 3.053113e-16 4.510281e-17
26 1.001155e-02 1.001155e-02 1.001155e-02 1.001155e-02 3.365364e-16 1.387779e-17
27 1.001155e-02 1.001155e-02 1.001155e-02 1.001155e-02 4.111295e-16 3.469447e-18
28 1.098625e-02 1.098625e-02 1.098625e-02 1.098625e-02 2.012279e-16 4.406198e-16
29 1.098625e-02 1.098625e-02 1.098625e-02 1.098625e-02 1.509209e-16 4.753142e-16
30 1.220261e-02 1.220261e-02 1.220261e-02 1.220261e-02 3.851086e-16 1.110223e-16
31 1.220395e-02 1.220261e-02 1.220261e-02 1.220834e-02 1.335802e-06 1.335802e-06
