# Hello World! This is dune-eigensolver.
# hardware number of threads is 4 number of threads used is 1
# 8 8
# Smallest eigenvalues
# Smallest eigenvalue from Arpack: 4.885851e-04
# StandardInverse:  time_total=8.366971e-01 time_factorization=2.923942e-01 time_dot_product_all=5.057359e-02 time_dot_product_diagonal=1.573176e-03 iterations=2
# SymmetricStewart:  time_total=4.634832e+00 time_factorization=2.860932e-01 time_eigendecomposition=1.297365e-03 iterations=21
# Arpack elapsed time 1.535644e+00
# Eigensolver elapsed time 8.452597e-01
# Eigensolver with stopping criterion elapsed time 4.643688e+00
# N    M       TOL      ESARERROR         ESSTARERROR       ARPERROR           ESANERROR         ESSTANERROR      TIMERATIO      TIMEWSTOPRATIO     ARPACKITER 
# 40000   32   1.000000e-01    6.416915e-02      6.416915e-02     7.974097e-02      6.416915e-02      3.029755e-03      5.504271e-01      3.023936e+00       1 \\
## EIGENSOLVER STOPCRITERION  ANALYTICAL  ARP-SMALL-TOL  ARPACK-TOL  ES-AN ERROR  ES-AR ERROR  ESS-AN ERROR  ESS-AR ERROR
00 5.304499e-02 6.404204e-04 4.885722e-04 4.885722e-04 4.885722e-04 5.255642e-02 5.255642e-02 1.518482e-04 1.518482e-04
01 5.323923e-02 1.329333e-03 1.221371e-03 1.221371e-03 1.221371e-03 5.201786e-02 5.201786e-02 1.079624e-04 1.079624e-04
02 6.060471e-02 1.552257e-03 1.221371e-03 1.221371e-03 1.954173e-03 5.938334e-02 5.938334e-02 3.308862e-04 3.308862e-04
03 5.284280e-02 2.071293e-03 1.954170e-03 1.954170e-03 2.442505e-03 5.088863e-02 5.088863e-02 1.171236e-04 1.171236e-04
04 5.169491e-02 2.584519e-03 2.442503e-03 2.442503e-03 3.175461e-03 4.925241e-02 4.925241e-02 1.420162e-04 1.420162e-04
05 5.829795e-02 2.596116e-03 2.442503e-03 2.442503e-03 4.275207e-03 5.585545e-02 5.585545e-02 1.536128e-04 1.536128e-04
06 5.621827e-02 3.399593e-03 3.175302e-03 3.175302e-03 4.648316e-03 5.304297e-02 5.304297e-02 2.242913e-04 2.242913e-04
07 5.712306e-02 3.579350e-03 3.175302e-03 3.175302e-03 6.169532e-03 5.394775e-02 5.394775e-02 4.040478e-04 4.040478e-04
08 5.119990e-02 4.283516e-03 4.151671e-03 4.151671e-03 6.927686e-03 4.704823e-02 4.704823e-02 1.318452e-04 1.318452e-04
09 5.724880e-02 4.510275e-03 4.151671e-03 4.151671e-03 8.048575e-03 5.309713e-02 5.309713e-02 3.586047e-04 3.586047e-04
10 5.967039e-02 4.666417e-03 4.396434e-03 4.396434e-03 9.067627e-03 5.527396e-02 5.527396e-02 2.699834e-04 2.699834e-04
11 5.486467e-02 5.295550e-03 4.884469e-03 4.884469e-03 1.029126e-02 4.998020e-02 4.998020e-02 4.110811e-04 4.110811e-04
12 5.237562e-02 5.477203e-03 4.884469e-03 4.884469e-03 1.220591e-02 4.749115e-02 4.749115e-02 5.927336e-04 5.927336e-04
13 6.377580e-02 6.379863e-03 6.105602e-03 6.105602e-03 1.386339e-02 5.767020e-02 5.767020e-02 2.742615e-04 2.742615e-04
14 6.571560e-02 6.773199e-03 6.105602e-03 6.105602e-03 1.597806e-02 5.961000e-02 5.961000e-02 6.675972e-04 6.675972e-04
15 6.124876e-02 7.084799e-03 6.348456e-03 6.348456e-03 1.780876e-02 5.490031e-02 5.490031e-02 7.363430e-04 7.363430e-04
16 5.905101e-02 7.216660e-03 6.348456e-03 6.348456e-03 2.050571e-02 5.270255e-02 5.270255e-02 8.682046e-04 8.682046e-04
17 6.218401e-02 7.495240e-03 7.081254e-03 7.081254e-03 2.296304e-02 5.510276e-02 5.510276e-02 4.139857e-04 4.139857e-04
18 7.125041e-02 8.557148e-03 7.081254e-03 7.081254e-03 2.513955e-02 6.416915e-02 6.416915e-02 1.475894e-03 1.475894e-03
19 6.480881e-02 8.786166e-03 7.814769e-03 7.814769e-03 2.847813e-02 5.699404e-02 5.699404e-02 9.713974e-04 9.713974e-04
20 5.585696e-02 9.267466e-03 8.302387e-03 8.302387e-03 3.163595e-02 4.755457e-02 4.755457e-02 9.650790e-04 9.650790e-04
21 5.969193e-02 9.407311e-03 8.302387e-03 8.302387e-03 3.531207e-02 5.138954e-02 5.138954e-02 1.104925e-03 1.104925e-03
22 6.437319e-02 9.917565e-03 9.032322e-03 9.032322e-03 3.899759e-02 5.534087e-02 5.534087e-02 8.852431e-04 8.852431e-04
23 6.105918e-02 1.063300e-02 9.032322e-03 9.032322e-03 4.353692e-02 5.202686e-02 5.202686e-02 1.600681e-03 1.600681e-03
24 5.863155e-02 1.099304e-02 9.765121e-03 9.765121e-03 4.846317e-02 4.886643e-02 4.886643e-02 1.227918e-03 1.227918e-03
25 5.849386e-02 1.126964e-02 9.765121e-03 9.765121e-03 5.266643e-02 4.872874e-02 4.872874e-02 1.504514e-03 1.504514e-03
26 6.581726e-02 1.203120e-02 1.001155e-02 1.001155e-02 5.812724e-02 5.580571e-02 5.580571e-02 2.019647e-03 2.019647e-03
27 6.356748e-02 1.262474e-02 1.001155e-02 1.001155e-02 6.313456e-02 5.355592e-02 5.355592e-02 2.613181e-03 2.613181e-03
28 6.357955e-02 1.304319e-02 1.098625e-02 1.098625e-02 7.044125e-02 5.259330e-02 5.259330e-02 2.056940e-03 2.056940e-03
29 6.859902e-02 1.370017e-02 1.098625e-02 1.098625e-02 7.731623e-02 5.761277e-02 5.761277e-02 2.713913e-03 2.713913e-03
30 6.291255e-02 1.482490e-02 1.220261e-02 1.220261e-02 8.444083e-02 5.070993e-02 5.070993e-02 2.622284e-03 2.622284e-03
31 6.197630e-02 1.523237e-02 1.220261e-02 1.220261e-02 9.194358e-02 4.977368e-02 4.977368e-02 3.029755e-03 3.029755e-03
