# Hello World! This is dune-eigensolver.
# hardware number of threads is 4 number of threads used is 1
# 8 8
# Smallest eigenvalues
# Smallest eigenvalue from Arpack: 4.886267e-04
# StandardInverse:  time_total=1.216396e+00 time_factorization=2.756939e-01 time_dot_product_all=5.041983e-02 time_dot_product_diagonal=1.452666e-03 iterations=4
## FTWORTH  ANALYTICAL  ARP-SMALL-TOL  ARPACK-TOL  ES-AN ERROR  ES-AR ERROR
00 5.473331e-04 4.885722e-04 4.885722e-04 4.885722e-04 5.876091e-05 5.876091e-05
01 2.451255e-03 1.221371e-03 1.221371e-03 1.221371e-03 1.229885e-03 1.229885e-03
02 1.489578e-03 1.221371e-03 1.221371e-03 1.221371e-03 2.682071e-04 2.682071e-04
03 1.449496e-03 1.954170e-03 1.954170e-03 1.954170e-03 5.046733e-04 5.046733e-04
04 2.115315e-03 2.442503e-03 2.442503e-03 2.442503e-03 3.271881e-04 3.271881e-04
05 2.654987e-03 2.442503e-03 2.442503e-03 2.442503e-03 2.124834e-04 2.124834e-04
06 3.751204e-03 3.175302e-03 3.175302e-03 3.175302e-03 5.759017e-04 5.759017e-04
07 2.996431e-03 3.175302e-03 3.175302e-03 3.175302e-03 1.788712e-04 1.788712e-04
08 4.239461e-03 4.151671e-03 4.151671e-03 4.151671e-03 8.779028e-05 8.779028e-05
09 4.091741e-03 4.151671e-03 4.151671e-03 4.151671e-03 5.992996e-05 5.992996e-05
10 5.554625e-03 4.396434e-03 4.396434e-03 4.396434e-03 1.158191e-03 1.158191e-03
11 4.857586e-03 4.884469e-03 4.884469e-03 4.884469e-03 2.688287e-05 2.688287e-05
12 5.571223e-03 4.884469e-03 4.884469e-03 4.884469e-03 6.867535e-04 6.867535e-04
13 6.540388e-03 6.105602e-03 6.105602e-03 6.105602e-03 4.347862e-04 4.347862e-04
14 6.009147e-03 6.105602e-03 6.105602e-03 6.105602e-03 9.645482e-05 9.645482e-05
15 6.605786e-03 6.348456e-03 6.348456e-03 6.348456e-03 2.573303e-04 2.573303e-04
16 6.166801e-03 6.348456e-03 6.348456e-03 6.348456e-03 1.816543e-04 1.816543e-04
17 8.783897e-03 7.081254e-03 7.081254e-03 7.081254e-03 1.702642e-03 1.702642e-03
18 6.585184e-03 7.081254e-03 7.081254e-03 7.081255e-03 4.960707e-04 4.960707e-04
19 8.884122e-03 7.814769e-03 7.814769e-03 7.814769e-03 1.069353e-03 1.069353e-03
20 7.885192e-03 8.302387e-03 8.302387e-03 8.302387e-03 4.171949e-04 4.171949e-04
21 9.777947e-03 8.302387e-03 8.302387e-03 9.032322e-03 1.475561e-03 1.475561e-03
22 9.245432e-03 9.032322e-03 9.032322e-03 9.765121e-03 2.131097e-04 2.131097e-04
23 9.772693e-03 9.032322e-03 9.032322e-03 1.001155e-02 7.403712e-04 7.403712e-04
24 1.025945e-02 9.765121e-03 9.765121e-03 1.098625e-02 4.943295e-04 4.943295e-04
25 1.080301e-02 9.765121e-03 9.765121e-03 1.220261e-02 1.037886e-03 1.037886e-03
26 1.096335e-02 1.001155e-02 1.001155e-02 1.220834e-02 9.517979e-04 9.517979e-04
27 1.122493e-02 1.001155e-02 1.001155e-02 1.269542e-02 1.213373e-03 1.213373e-03
28 1.153667e-02 1.098625e-02 1.098625e-02 1.293541e-02 5.504145e-04 5.504145e-04
29 1.129336e-02 1.098625e-02 1.098625e-02 1.415654e-02 3.071043e-04 3.071043e-04
30 1.188090e-02 1.220261e-02 1.220261e-02 1.489221e-02 3.217103e-04 3.217103e-04
31 1.263925e-02 1.220261e-02 1.220261e-02 1.586354e-02 4.366340e-04 4.366340e-04
