# Hello World! This is dune-eigensolver.
# hardware number of threads is 4 number of threads used is 1
# 8 8
# Smallest eigenvalues
# Smallest eigenvalue from Arpack: 2.467350e-04
# GeneralizedInverse:  time_total=1.786272e+01 time_factorization=2.908335e-01 time_dot_product_all=5.035882e-02 time_dot_product_diagonal=1.476531e-03 iterations=71
## gen: ftw     ARP-SMALL-TOL  ARPACK-TOL  ES-ARP-SMALL  ES-AR ERROR
00 4.630690e-01 -1.118897e-16 -1.118897e-16 4.630690e-01 4.630690e-01
01 4.630046e-01 7.407260e-03 7.407260e-03 4.555973e-01 4.555973e-01
02 4.630107e-01 7.407260e-03 7.407260e-03 4.556034e-01 4.556034e-01
03 4.637824e-01 1.113908e-02 1.113908e-02 4.526433e-01 4.526433e-01
04 4.895726e-01 2.459842e-02 2.459842e-02 4.649742e-01 4.649742e-01
05 4.906400e-01 2.657816e-02 2.657816e-02 4.640618e-01 4.640618e-01
06 4.912044e-01 2.657816e-02 2.657816e-02 4.646262e-01 4.646262e-01
07 4.915144e-01 2.713537e-02 2.713537e-02 4.643791e-01 4.643791e-01
08 4.914557e-01 4.310637e-02 4.310637e-02 4.483494e-01 4.483494e-01
09 4.931601e-01 4.496569e-02 4.496569e-02 4.481944e-01 4.481944e-01
10 4.910815e-01 4.496569e-02 4.496569e-02 4.461158e-01 4.461158e-01
11 4.923424e-01 4.707724e-02 4.707724e-02 4.452651e-01 4.452651e-01
12 4.937295e-01 6.225010e-02 6.225010e-02 4.314794e-01 4.314794e-01
13 4.948862e-01 6.480932e-02 6.480932e-02 4.300769e-01 4.300769e-01
14 4.964048e-01 6.480932e-02 6.480932e-02 4.315954e-01 4.315954e-01
15 4.960861e-01 6.750170e-02 6.750170e-02 4.285844e-01 4.285844e-01
16 4.949035e-01 8.238127e-02 8.238127e-02 4.125222e-01 4.125222e-01
17 4.976044e-01 8.551727e-02 8.551727e-02 4.120872e-01 4.120872e-01
18 4.961605e-01 8.551727e-02 8.551727e-02 4.106432e-01 4.106432e-01
19 4.957491e-01 8.880565e-02 8.880565e-02 4.069435e-01 4.069435e-01
20 4.977610e-01 1.033365e-01 1.033365e-01 3.944246e-01 3.944246e-01
21 4.978059e-01 1.070004e-01 1.070004e-01 3.908055e-01 3.908055e-01
22 4.992930e-01 1.070004e-01 1.070004e-01 3.922926e-01 3.922926e-01
23 5.060427e-01 1.108161e-01 1.108161e-01 3.952266e-01 3.952266e-01
24 5.039593e-01 1.249853e-01 1.249853e-01 3.789740e-01 3.789740e-01
25 5.085911e-01 1.291217e-01 1.291217e-01 3.794695e-01 3.794695e-01
26 5.071559e-01 1.291217e-01 1.291217e-01 3.780342e-01 3.780342e-01
27 5.068080e-01 1.334063e-01 1.334063e-01 3.734017e-01 3.734017e-01
28 5.165151e-01 1.471903e-01 1.471903e-01 3.693248e-01 3.693248e-01
29 5.135865e-01 1.517421e-01 1.517422e-01 3.618444e-01 3.618443e-01
30 5.111558e-01 1.517422e-01 1.517422e-01 3.594136e-01 3.594136e-01
31 5.184147e-01 1.564337e-01 1.564337e-01 3.619810e-01 3.619810e-01
