# Hello World! This is dune-eigensolver.
# hardware number of threads is 4 number of threads used is 1
# 8 8
# Smallest eigenvalues
# Smallest eigenvalue from Arpack: 2.467350e-04
# GeneralizedInverse:  time_total=7.492084e+00 time_factorization=2.842769e-01 time_dot_product_all=5.073850e-02 time_dot_product_diagonal=1.490869e-03 iterations=29
## gen: ftw     ARP-SMALL-TOL  ARPACK-TOL  ES-ARP-SMALL  ES-AR ERROR
00 4.737389e-01 -1.118897e-16 -1.118897e-16 4.737389e-01 4.737389e-01
01 4.673595e-01 7.407260e-03 7.407260e-03 4.599523e-01 4.599523e-01
02 4.682335e-01 7.407260e-03 7.407260e-03 4.608262e-01 4.608262e-01
03 4.788479e-01 1.113908e-02 1.113908e-02 4.677088e-01 4.677088e-01
04 4.870898e-01 2.459842e-02 2.459842e-02 4.624914e-01 4.624914e-01
05 4.840276e-01 2.657816e-02 2.657816e-02 4.574494e-01 4.574494e-01
06 4.929087e-01 2.657816e-02 2.657816e-02 4.663305e-01 4.663305e-01
07 4.876835e-01 2.713537e-02 2.713537e-02 4.605481e-01 4.605481e-01
08 4.960384e-01 4.310637e-02 4.310637e-02 4.529320e-01 4.529320e-01
09 4.935083e-01 4.496569e-02 4.496569e-02 4.485426e-01 4.485426e-01
10 4.942175e-01 4.496569e-02 4.496569e-02 4.492518e-01 4.492518e-01
11 4.973563e-01 4.707724e-02 4.707724e-02 4.502791e-01 4.502791e-01
12 4.985036e-01 6.225010e-02 6.225010e-02 4.362535e-01 4.362535e-01
13 4.977579e-01 6.480932e-02 6.480932e-02 4.329486e-01 4.329486e-01
14 4.973767e-01 6.480932e-02 6.480932e-02 4.325674e-01 4.325674e-01
15 4.964254e-01 6.750170e-02 6.750170e-02 4.289237e-01 4.289237e-01
16 4.977423e-01 8.238127e-02 8.238127e-02 4.153611e-01 4.153611e-01
17 4.988066e-01 8.551727e-02 8.551727e-02 4.132893e-01 4.132893e-01
18 4.965310e-01 8.551727e-02 8.551727e-02 4.110138e-01 4.110138e-01
19 4.975482e-01 8.880565e-02 8.880565e-02 4.087426e-01 4.087426e-01
20 5.012106e-01 1.033365e-01 1.033365e-01 3.978741e-01 3.978741e-01
21 4.999578e-01 1.070004e-01 1.070004e-01 3.929574e-01 3.929574e-01
22 5.029745e-01 1.070004e-01 1.070004e-01 3.959741e-01 3.959741e-01
23 5.025630e-01 1.108161e-01 1.108161e-01 3.917468e-01 3.917468e-01
24 5.034597e-01 1.249853e-01 1.249853e-01 3.784744e-01 3.784744e-01
25 5.057809e-01 1.291217e-01 1.291217e-01 3.766592e-01 3.766592e-01
26 5.067005e-01 1.291217e-01 1.291217e-01 3.775788e-01 3.775788e-01
27 5.086084e-01 1.334063e-01 1.334063e-01 3.752021e-01 3.752021e-01
28 5.188419e-01 1.471903e-01 1.471903e-01 3.716516e-01 3.716516e-01
29 5.094266e-01 1.517421e-01 1.517422e-01 3.576845e-01 3.576844e-01
30 5.178429e-01 1.517422e-01 1.517422e-01 3.661007e-01 3.661007e-01
31 5.194054e-01 1.564337e-01 1.564337e-01 3.629718e-01 3.629718e-01
