# Hello World! This is dune-eigensolver.
# hardware number of threads is 4 number of threads used is 1
# 8 8
# Smallest eigenvalues
# Smallest eigenvalue from Arpack: 4.885722e-04
# StandardInverse:  time_total=2.210598e+01 time_factorization=2.756088e-01 time_dot_product_all=4.998192e-02 time_dot_product_diagonal=1.449401e-03 iterations=109
## FTWORTH  ANALYTICAL  ARP-SMALL-TOL  ARPACK-TOL  ES-AN ERROR  ES-AR ERROR
00 4.885722e-04 4.885722e-04 4.885722e-04 4.885722e-04 3.336090e-16 4.336809e-19
01 1.221371e-03 1.221371e-03 1.221371e-03 1.221371e-03 3.465110e-16 1.647987e-17
02 1.221371e-03 1.221371e-03 1.221371e-03 1.221371e-03 3.475952e-16 7.806256e-18
03 1.954170e-03 1.954170e-03 1.954170e-03 1.954170e-03 5.381980e-16 1.955901e-16
04 2.442503e-03 2.442503e-03 2.442503e-03 2.442503e-03 1.431147e-16 1.830133e-16
05 2.442503e-03 2.442503e-03 2.442503e-03 2.442503e-03 3.321995e-16 2.168404e-18
06 3.175302e-03 3.175302e-03 3.175302e-03 3.175302e-03 3.868433e-16 5.204170e-17
07 3.175302e-03 3.175302e-03 3.175302e-03 3.175302e-03 3.504141e-16 3.469447e-18
08 4.151671e-03 4.151671e-03 4.151671e-03 4.151671e-03 7.029157e-11 7.029123e-11
09 4.151671e-03 4.151671e-03 4.151671e-03 4.151671e-03 6.233598e-11 6.233564e-11
10 4.396434e-03 4.396434e-03 4.396434e-03 4.396434e-03 6.407426e-11 6.407457e-11
11 4.884469e-03 4.884469e-03 4.884469e-03 4.884469e-03 6.663893e-11 6.663923e-11
12 4.884469e-03 4.884469e-03 4.884469e-03 4.884469e-03 1.912677e-12 1.912998e-12
13 6.106006e-03 6.105602e-03 6.105602e-03 6.105602e-03 4.045782e-07 4.045782e-07
14 6.105795e-03 6.105602e-03 6.105602e-03 6.105602e-03 1.936763e-07 1.936763e-07
15 6.347944e-03 6.348456e-03 6.348456e-03 6.348456e-03 5.120444e-07 5.120444e-07
16 6.348370e-03 6.348456e-03 6.348456e-03 6.348456e-03 8.618853e-08 8.618853e-08
17 7.081254e-03 7.081254e-03 7.081254e-03 7.081254e-03 1.897703e-11 1.897729e-11
18 7.081254e-03 7.081254e-03 7.081254e-03 7.081255e-03 2.128269e-12 2.128570e-12
19 7.815659e-03 7.814769e-03 7.814769e-03 7.814769e-03 8.901604e-07 8.901604e-07
20 8.301500e-03 8.302387e-03 8.302387e-03 8.302387e-03 8.867880e-07 8.867880e-07
21 8.302391e-03 8.302387e-03 8.302387e-03 9.032322e-03 4.524098e-09 4.524097e-09
22 9.032314e-03 9.032322e-03 9.032322e-03 9.765121e-03 7.703012e-09 7.703012e-09
23 9.032330e-03 9.032322e-03 9.032322e-03 1.001155e-02 7.682817e-09 7.682817e-09
24 9.766019e-03 9.765121e-03 9.765121e-03 1.098625e-02 8.979530e-07 8.979530e-07
25 9.779843e-03 9.765121e-03 9.765121e-03 1.220261e-02 1.472189e-05 1.472189e-05
26 9.996484e-03 1.001155e-02 1.001155e-02 1.220834e-02 1.507017e-05 1.507017e-05
27 1.001100e-02 1.001155e-02 1.001155e-02 1.269542e-02 5.549530e-07 5.549530e-07
28 1.098625e-02 1.098625e-02 1.098625e-02 1.293541e-02 2.413137e-09 2.413137e-09
29 1.098625e-02 1.098625e-02 1.098625e-02 1.415654e-02 1.889460e-10 1.889463e-10
30 1.220538e-02 1.220261e-02 1.220261e-02 1.489221e-02 2.761849e-06 2.761849e-06
31 1.220375e-02 1.220261e-02 1.220261e-02 1.586354e-02 1.136685e-06 1.136685e-06
