# Hello World! This is dune-eigensolver.
# hardware number of threads is 4 number of threads used is 1
# 8 8
# Smallest eigenvalues
# Smallest eigenvalue from Arpack: 4.885722e-04
# StandardInverse:  time_total=4.098876e+01 time_factorization=3.015498e-01 time_dot_product_all=5.014341e-02 time_dot_product_diagonal=1.873307e-03 iterations=200
# SymmetricStewart:  time_total=4.093333e+01 time_factorization=2.860422e-01 time_eigendecomposition=1.213264e-03 iterations=200
# Arpack elapsed time 6.667390e+00
# Eigensolver elapsed time 4.099769e+01
# Eigensolver with stopping criterion elapsed time 4.094252e+01
# N    M       TOL      ESARERROR         ESSTARERROR       ARPERROR           ESANERROR         ESSTANERROR      TIMERATIO      TIMEWSTOPRATIO     ARPACKITER 
# 40000   32   1.000000e-03    8.186491e-04      8.186491e-04     5.725603e-06      8.186491e-04      4.323161e-04      6.148987e+00      6.140712e+00       11 \\
## EIGENSOLVER STOPCRITERION  ANALYTICAL  ARP-SMALL-TOL  ARPACK-TOL  ES-AN ERROR  ES-AR ERROR  ESS-AN ERROR  ESS-AR ERROR
00 5.573165e-04 4.885722e-04 4.885722e-04 4.885722e-04 4.885722e-04 6.874427e-05 6.874427e-05 1.264939e-15 5.551115e-16
01 2.040020e-03 1.221371e-03 1.221371e-03 1.221371e-03 1.221371e-03 8.186491e-04 8.186491e-04 1.224715e-15 1.526557e-16
02 1.539245e-03 1.221371e-03 1.221371e-03 1.221371e-03 1.221371e-03 3.178740e-04 3.178740e-04 1.147086e-16 9.020562e-16
03 1.419304e-03 1.954170e-03 1.954170e-03 1.954170e-03 1.954170e-03 5.348660e-04 5.348660e-04 7.823603e-16 1.151856e-15
04 1.892434e-03 2.442503e-03 2.442503e-03 2.442503e-03 2.442503e-03 5.500691e-04 5.500691e-04 3.868433e-16 2.359224e-16
05 2.424340e-03 2.442503e-03 2.442503e-03 2.442503e-03 2.442503e-03 1.816335e-05 1.816335e-05 2.480655e-16 1.942890e-16
06 3.356209e-03 3.175302e-03 3.175302e-03 3.175302e-03 3.175302e-03 1.809067e-04 1.809067e-04 4.718448e-16 1.110223e-15
07 3.122820e-03 3.175302e-03 3.175302e-03 3.175302e-03 3.175302e-03 5.248191e-05 5.248191e-05 1.346145e-15 1.471046e-15
08 4.102931e-03 4.151671e-03 4.151671e-03 4.151671e-03 4.151671e-03 4.874002e-05 4.874002e-05 5.984796e-17 1.040834e-15
09 4.043862e-03 4.151671e-03 4.151671e-03 4.151671e-03 4.151671e-03 1.078085e-04 1.078085e-04 6.129645e-15 6.064593e-15
10 4.731492e-03 4.396434e-03 4.396434e-03 4.396434e-03 4.396434e-03 3.350576e-04 3.350576e-04 8.517492e-16 1.054712e-15
11 4.539099e-03 4.884469e-03 4.884469e-03 4.884469e-03 4.884469e-03 3.453708e-04 3.453708e-04 4.518087e-15 4.718448e-15
12 5.103950e-03 4.884469e-03 4.884469e-03 4.884469e-03 4.884469e-03 2.194807e-04 2.194807e-04 4.647064e-14 4.631018e-14
13 6.032943e-03 6.105602e-03 6.105602e-03 6.105602e-03 6.105602e-03 7.265809e-05 7.265809e-05 5.322045e-14 5.358214e-14
14 6.467207e-03 6.105602e-03 6.105602e-03 6.105602e-03 6.105602e-03 3.616057e-04 3.616057e-04 2.095971e-11 2.096007e-11
15 6.405005e-03 6.348456e-03 6.348456e-03 6.348456e-03 6.348456e-03 5.654917e-05 5.654917e-05 1.143476e-12 1.143349e-12
16 6.443987e-03 6.348456e-03 6.348456e-03 6.348456e-03 6.348456e-03 9.553069e-05 9.553069e-05 1.788511e-11 1.788483e-11
17 6.560395e-03 7.081254e-03 7.081254e-03 7.081254e-03 7.081254e-03 5.208592e-04 5.208592e-04 3.606129e-12 3.606976e-12
18 6.913736e-03 7.081255e-03 7.081254e-03 7.081254e-03 7.081254e-03 1.675183e-04 1.675183e-04 2.222028e-10 2.222033e-10
19 8.622981e-03 7.814770e-03 7.814769e-03 7.814769e-03 7.814769e-03 8.082117e-04 8.082117e-04 1.328588e-09 1.328588e-09
20 8.126733e-03 8.302387e-03 8.302387e-03 8.302387e-03 8.302387e-03 1.756533e-04 1.756533e-04 9.728187e-11 9.728274e-11
21 8.362483e-03 8.302392e-03 8.302387e-03 8.302387e-03 8.302387e-03 6.009657e-05 6.009657e-05 5.627080e-09 5.627080e-09
22 8.482639e-03 9.032323e-03 9.032322e-03 9.032322e-03 9.032322e-03 5.496833e-04 5.496833e-04 9.531878e-10 9.531883e-10
23 9.587691e-03 9.032394e-03 9.032322e-03 9.032322e-03 9.032322e-03 5.553688e-04 5.553688e-04 7.236179e-08 7.236179e-08
24 9.511593e-03 9.765163e-03 9.765121e-03 9.765121e-03 9.765121e-03 2.535276e-04 2.535276e-04 4.206397e-08 4.206397e-08
25 1.000822e-02 9.766168e-03 9.765121e-03 9.765121e-03 9.765121e-03 2.430983e-04 2.430983e-04 1.047347e-06 1.047347e-06
26 9.581190e-03 1.001171e-02 1.001155e-02 1.001155e-02 1.001155e-02 4.303645e-04 4.303645e-04 1.524148e-07 1.524148e-07
27 1.066896e-02 1.001376e-02 1.001155e-02 1.001155e-02 1.001155e-02 6.574067e-04 6.574067e-04 2.203326e-06 2.203326e-06
28 1.051959e-02 1.098744e-02 1.098625e-02 1.098625e-02 1.098625e-02 4.666603e-04 4.666603e-04 1.189087e-06 1.189087e-06
29 1.059867e-02 1.103294e-02 1.098625e-02 1.098625e-02 1.098625e-02 3.875838e-04 3.875838e-04 4.668411e-05 4.668411e-05
30 1.241997e-02 1.231826e-02 1.220261e-02 1.220261e-02 1.220261e-02 2.173578e-04 2.173578e-04 1.156473e-04 1.156473e-04
31 1.248805e-02 1.263493e-02 1.220261e-02 1.220261e-02 1.220834e-02 2.854326e-04 2.854326e-04 4.323161e-04 4.323161e-04
