# Hello World! This is dune-eigensolver.
# hardware number of threads is 4 number of threads used is 1
# 8 8
# Smallest eigenvalues
# Smallest eigenvalue from Arpack: 4.885722e-04
# StandardInverse:  time_total=4.280723e+01 time_factorization=2.746119e-01 time_dot_product_all=5.048766e-02 time_dot_product_diagonal=1.481096e-03 iterations=211
## FTWORTH  ANALYTICAL  ARP-SMALL-TOL  ARPACK-TOL  ES-AN ERROR  ES-AR ERROR
00 4.885722e-04 4.885722e-04 4.885722e-04 4.885722e-04 3.336090e-16 4.336809e-19
01 1.221371e-03 1.221371e-03 1.221371e-03 1.221371e-03 3.460773e-16 1.604619e-17
02 1.221371e-03 1.221371e-03 1.221371e-03 1.221371e-03 3.467279e-16 6.938894e-18
03 1.954170e-03 1.954170e-03 1.954170e-03 1.954170e-03 3.300311e-16 1.257675e-17
04 2.442503e-03 2.442503e-03 2.442503e-03 2.442503e-03 3.720982e-16 4.597017e-17
05 2.442503e-03 2.442503e-03 2.442503e-03 2.442503e-03 3.317659e-16 1.734723e-18
06 3.175302e-03 3.175302e-03 3.175302e-03 3.175302e-03 3.287301e-16 6.071532e-18
07 3.175302e-03 3.175302e-03 3.175302e-03 3.175302e-03 2.827599e-16 6.418477e-17
08 4.151671e-03 4.151671e-03 4.151671e-03 4.151671e-03 5.811324e-15 5.465246e-15
09 4.151671e-03 4.151671e-03 4.151671e-03 4.151671e-03 5.098352e-15 4.752275e-15
10 4.396434e-03 4.396434e-03 4.396434e-03 4.396434e-03 9.867974e-15 1.018543e-14
11 4.884469e-03 4.884469e-03 4.884469e-03 4.884469e-03 2.706169e-16 3.295975e-17
12 4.884469e-03 4.884469e-03 4.884469e-03 4.884469e-03 3.521489e-16 3.035766e-17
13 6.105602e-03 6.105602e-03 6.105602e-03 6.105602e-03 4.268721e-10 4.268718e-10
14 6.105602e-03 6.105602e-03 6.105602e-03 6.105602e-03 2.044772e-10 2.044768e-10
15 6.348455e-03 6.348456e-03 6.348456e-03 6.348456e-03 5.405194e-10 5.405197e-10
16 6.348456e-03 6.348456e-03 6.348456e-03 6.348456e-03 9.082846e-11 9.082880e-11
17 7.081254e-03 7.081254e-03 7.081254e-03 7.081254e-03 2.870967e-16 2.775558e-17
18 7.081254e-03 7.081254e-03 7.081254e-03 7.081254e-03 4.727121e-16 1.717376e-16
19 7.814769e-03 7.814769e-03 7.814769e-03 7.814769e-03 1.513716e-11 1.513683e-11
20 8.302387e-03 8.302387e-03 8.302387e-03 8.302387e-03 1.508641e-11 1.508673e-11
21 8.302387e-03 8.302387e-03 8.302387e-03 8.302387e-03 4.817501e-14 4.851675e-14
22 9.032322e-03 9.032322e-03 9.032322e-03 9.032322e-03 1.392983e-15 1.623701e-15
23 9.032322e-03 9.032322e-03 9.032322e-03 9.032322e-03 4.713244e-15 4.413137e-15
24 9.765130e-03 9.765121e-03 9.765121e-03 9.765121e-03 8.965246e-09 8.965245e-09
25 9.765276e-03 9.765121e-03 9.765121e-03 9.765121e-03 1.550372e-07 1.550372e-07
26 1.001140e-02 1.001155e-02 1.001155e-02 1.001155e-02 1.584821e-07 1.584821e-07
27 1.001155e-02 1.001155e-02 1.001155e-02 1.001155e-02 5.520365e-09 5.520366e-09
28 1.098625e-02 1.098625e-02 1.098625e-02 1.098625e-02 3.295975e-16 9.020562e-17
29 1.098625e-02 1.098625e-02 1.098625e-02 1.098625e-02 3.209238e-16 3.469447e-18
30 1.220469e-02 1.220261e-02 1.220261e-02 1.220261e-02 2.079955e-06 2.079955e-06
31 1.220347e-02 1.220261e-02 1.220261e-02 1.220834e-02 8.601880e-07 8.601880e-07
