# Hello World! This is dune-eigensolver.
# hardware number of threads is 4 number of threads used is 1
# 8 8
# Smallest eigenvalues
# Smallest eigenvalue from Arpack: 4.886267e-04
# SymmetricStewart:  time_total=1.213558e+00 time_factorization=2.741865e-01 time_eigendecomposition=1.210569e-03 time_matmul_dense=6.238000e-05 iterations=4
##  STEWART  ANALYTICAL  ARP-SMALL-TOL  ARPACK-TOL  ESS-AN ERROR  ESS-AR ERROR
00 4.885735e-04 4.885722e-04 4.885722e-04 4.885722e-04 1.213095e-09 1.213094e-09
01 1.221375e-03 1.221371e-03 1.221371e-03 1.221371e-03 4.421853e-09 4.421852e-09
02 1.221425e-03 1.221371e-03 1.221371e-03 1.221371e-03 5.452961e-08 5.452961e-08
03 1.954221e-03 1.954170e-03 1.954170e-03 1.954170e-03 5.133182e-08 5.133182e-08
04 2.442640e-03 2.442503e-03 2.442503e-03 2.442503e-03 1.368060e-07 1.368060e-07
05 2.442744e-03 2.442503e-03 2.442503e-03 2.442503e-03 2.411031e-07 2.411031e-07
06 3.176205e-03 3.175302e-03 3.175302e-03 3.175302e-03 9.035136e-07 9.035136e-07
07 3.176694e-03 3.175302e-03 3.175302e-03 3.175302e-03 1.392564e-06 1.392564e-06
08 4.152838e-03 4.151671e-03 4.151671e-03 4.151671e-03 1.166892e-06 1.166892e-06
09 4.164789e-03 4.151671e-03 4.151671e-03 4.151671e-03 1.311831e-05 1.311831e-05
10 4.399415e-03 4.396434e-03 4.396434e-03 4.396434e-03 2.981188e-06 2.981188e-06
11 4.893637e-03 4.884469e-03 4.884469e-03 4.884469e-03 9.167784e-06 9.167784e-06
12 4.903081e-03 4.884469e-03 4.884469e-03 4.884469e-03 1.861123e-05 1.861123e-05
13 6.122362e-03 6.105602e-03 6.105602e-03 6.105602e-03 1.676061e-05 1.676061e-05
14 6.283474e-03 6.105602e-03 6.105602e-03 6.105602e-03 1.778727e-04 1.778727e-04
15 6.391981e-03 6.348456e-03 6.348456e-03 6.348456e-03 4.352563e-05 4.352563e-05
16 6.555536e-03 6.348456e-03 6.348456e-03 6.348456e-03 2.070797e-04 2.070797e-04
17 7.133902e-03 7.081254e-03 7.081254e-03 7.081254e-03 5.264753e-05 5.264753e-05
18 7.340134e-03 7.081254e-03 7.081254e-03 7.081255e-03 2.588793e-04 2.588793e-04
19 8.179726e-03 7.814769e-03 7.814769e-03 7.814769e-03 3.649569e-04 3.649569e-04
20 8.380753e-03 8.302387e-03 8.302387e-03 8.302387e-03 7.836658e-05 7.836658e-05
21 8.487713e-03 8.302387e-03 8.302387e-03 9.032322e-03 1.853259e-04 1.853259e-04
22 9.239924e-03 9.032322e-03 9.032322e-03 9.765121e-03 2.076023e-04 2.076023e-04
23 9.982412e-03 9.032322e-03 9.032322e-03 1.001155e-02 9.500900e-04 9.500900e-04
24 1.030554e-02 9.765121e-03 9.765121e-03 1.098625e-02 5.404230e-04 5.404230e-04
25 1.059171e-02 9.765121e-03 9.765121e-03 1.220261e-02 8.265886e-04 8.265886e-04
26 1.115889e-02 1.001155e-02 1.001155e-02 1.220834e-02 1.147339e-03 1.147339e-03
27 1.137252e-02 1.001155e-02 1.001155e-02 1.269542e-02 1.360966e-03 1.360966e-03
28 1.152067e-02 1.098625e-02 1.098625e-02 1.293541e-02 5.344189e-04 5.344189e-04
29 1.268469e-02 1.098625e-02 1.098625e-02 1.415654e-02 1.698436e-03 1.698436e-03
30 1.396448e-02 1.220261e-02 1.220261e-02 1.489221e-02 1.761862e-03 1.761862e-03
31 1.429368e-02 1.220261e-02 1.220261e-02 1.586354e-02 2.091064e-03 2.091064e-03
