# Hello World! This is dune-eigensolver.
# hardware number of threads is 4 number of threads used is 1
# 8 8
# Smallest eigenvalues
# Smallest eigenvalue from Arpack: 2.467353e-04
# GeneralizedInverse:  time_total=3.122728e+00 time_factorization=2.804486e-01 time_dot_product_all=5.081958e-02 time_dot_product_diagonal=1.490659e-03 iterations=11
## gen: ftw     ARP-SMALL-TOL  ARPACK-TOL  ES-ARP-SMALL  ES-AR ERROR
00 4.983295e-01 -1.118897e-16 -1.118897e-16 4.983295e-01 4.983295e-01
01 4.916683e-01 7.407260e-03 7.407260e-03 4.842610e-01 4.842610e-01
02 4.905441e-01 7.407260e-03 7.407260e-03 4.831369e-01 4.831369e-01
03 4.875006e-01 1.113908e-02 1.113908e-02 4.763615e-01 4.763615e-01
04 4.901410e-01 2.459842e-02 2.459842e-02 4.655426e-01 4.655426e-01
05 5.052085e-01 2.657816e-02 2.657816e-02 4.786303e-01 4.786303e-01
06 5.013071e-01 2.657816e-02 2.657816e-02 4.747289e-01 4.747289e-01
07 4.846717e-01 2.713537e-02 2.713537e-02 4.575364e-01 4.575364e-01
08 5.093358e-01 4.310637e-02 4.310637e-02 4.662295e-01 4.662295e-01
09 4.989632e-01 4.496569e-02 4.496569e-02 4.539975e-01 4.539975e-01
10 4.944936e-01 4.496569e-02 4.496569e-02 4.495279e-01 4.495279e-01
11 5.077252e-01 4.707724e-02 4.707724e-02 4.606480e-01 4.606480e-01
12 5.165815e-01 6.225010e-02 6.225010e-02 4.543314e-01 4.543314e-01
13 5.099758e-01 6.480932e-02 6.480932e-02 4.451665e-01 4.451665e-01
14 4.999001e-01 6.480932e-02 6.480932e-02 4.350908e-01 4.350908e-01
15 5.083939e-01 6.750170e-02 6.750170e-02 4.408922e-01 4.408922e-01
16 5.084638e-01 8.238127e-02 8.238127e-02 4.260826e-01 4.260826e-01
17 5.058271e-01 8.551727e-02 8.551727e-02 4.203098e-01 4.203098e-01
18 5.019182e-01 8.551727e-02 8.551727e-02 4.164009e-01 4.164009e-01
19 5.071346e-01 8.880565e-02 8.880565e-02 4.183290e-01 4.183290e-01
20 5.148964e-01 1.033365e-01 1.033365e-01 4.115599e-01 4.115599e-01
21 5.090285e-01 1.070004e-01 1.070004e-01 4.020281e-01 4.020281e-01
22 5.045158e-01 1.070004e-01 1.070004e-01 3.975154e-01 3.975154e-01
23 5.117464e-01 1.108161e-01 1.108161e-01 4.009302e-01 4.009302e-01
24 5.209621e-01 1.249853e-01 1.249853e-01 3.959767e-01 3.959767e-01
25 5.185480e-01 1.291217e-01 1.291217e-01 3.894264e-01 3.894264e-01
26 5.174217e-01 1.291217e-01 1.291217e-01 3.883000e-01 3.883000e-01
27 5.242973e-01 1.334063e-01 1.334063e-01 3.908909e-01 3.908909e-01
28 5.410633e-01 1.471903e-01 1.471903e-01 3.938730e-01 3.938730e-01
29 5.158373e-01 1.517421e-01 1.517422e-01 3.640952e-01 3.640951e-01
30 5.331020e-01 1.517422e-01 1.517422e-01 3.813598e-01 3.813598e-01
31 5.238348e-01 1.564337e-01 1.564337e-01 3.674011e-01 3.674011e-01
