# Hello World! This is dune-eigensolver.
# hardware number of threads is 4 number of threads used is 1
# 8 8
# Smallest eigenvalues
# Smallest eigenvalue from Arpack: 2.467353e-04
# GeneralizedSymmetricStewart:  time_total=7.714548e+00 time_factorization=3.096104e-01 time_eigendecomposition=1.433183e-03 time_matmul_dense=6.108300e-05 iterations=32
## gen: stw     ARP-SMALL-TOL  ARPACK-TOL  ES-ARP-SMALL  ES-AR ERROR
00 9.905347e-02 -1.118897e-16 -1.118897e-16 9.905347e-02 9.905347e-02
01 9.931387e-02 7.407260e-03 7.407260e-03 9.190661e-02 9.190661e-02
02 9.945123e-02 7.407260e-03 7.407260e-03 9.204397e-02 9.204397e-02
03 9.966345e-02 1.113908e-02 1.113908e-02 8.852437e-02 8.852437e-02
04 1.000579e-01 2.459842e-02 2.459842e-02 7.545951e-02 7.545951e-02
05 1.001162e-01 2.657816e-02 2.657816e-02 7.353805e-02 7.353805e-02
06 1.003809e-01 2.657816e-02 2.657816e-02 7.380276e-02 7.380276e-02
07 1.003907e-01 2.713537e-02 2.713537e-02 7.325529e-02 7.325529e-02
08 1.011605e-01 4.310637e-02 4.310637e-02 5.805412e-02 5.805412e-02
09 1.013068e-01 4.496569e-02 4.496569e-02 5.634114e-02 5.634114e-02
10 1.014142e-01 4.496569e-02 4.496569e-02 5.644853e-02 5.644853e-02
11 1.016302e-01 4.707724e-02 4.707724e-02 5.455292e-02 5.455292e-02
12 1.019449e-01 6.225010e-02 6.225010e-02 3.969476e-02 3.969476e-02
13 1.023920e-01 6.480932e-02 6.480932e-02 3.758272e-02 3.758272e-02
14 1.027938e-01 6.480932e-02 6.480932e-02 3.798446e-02 3.798446e-02
15 1.031363e-01 6.750170e-02 6.750170e-02 3.563455e-02 3.563455e-02
16 1.033001e-01 8.238127e-02 8.238127e-02 2.091886e-02 2.091886e-02
17 1.034232e-01 8.551727e-02 8.551727e-02 1.790588e-02 1.790588e-02
18 1.035537e-01 8.551727e-02 8.551727e-02 1.803647e-02 1.803647e-02
19 1.038964e-01 8.880565e-02 8.880565e-02 1.509073e-02 1.509073e-02
20 1.042123e-01 1.033365e-01 1.033365e-01 8.758212e-04 8.758212e-04
21 1.047178e-01 1.070004e-01 1.070004e-01 2.282627e-03 2.282627e-03
22 1.054697e-01 1.070004e-01 1.070004e-01 1.530719e-03 1.530719e-03
23 1.058055e-01 1.108161e-01 1.108161e-01 5.010698e-03 5.010698e-03
24 1.058623e-01 1.249853e-01 1.249853e-01 1.912302e-02 1.912302e-02
25 1.062558e-01 1.291217e-01 1.291217e-01 2.286582e-02 2.286582e-02
26 1.068774e-01 1.291217e-01 1.291217e-01 2.224430e-02 2.224430e-02
27 1.070374e-01 1.334063e-01 1.334063e-01 2.636896e-02 2.636896e-02
28 1.075379e-01 1.471903e-01 1.471903e-01 3.965241e-02 3.965241e-02
29 1.077713e-01 1.517421e-01 1.517422e-01 4.397082e-02 4.397088e-02
30 1.091739e-01 1.517422e-01 1.517422e-01 4.256827e-02 4.256827e-02
31 1.096963e-01 1.564337e-01 1.564337e-01 4.673736e-02 4.673736e-02
