# Hello World! This is dune-eigensolver.
# hardware number of threads is 4 number of threads used is 1
# 8 8
# Smallest eigenvalues
# Smallest eigenvalue from Arpack: 4.885722e-04
# StandardInverse:  time_total=7.199173e+01 time_factorization=2.878584e-01 time_dot_product_all=5.283214e-02 time_dot_product_diagonal=1.995167e-03 iterations=300
# SymmetricStewart:  time_total=6.119513e+01 time_factorization=3.893736e-01 time_eigendecomposition=1.007930e-03 iterations=300
# Arpack elapsed time 5.631989e+00
# Eigensolver elapsed time 7.200713e+01
# Eigensolver with stopping criterion elapsed time 6.120609e+01
# N    M       TOL      ESARERROR         ESSTARERROR       ARPERROR           ESANERROR         ESSTANERROR      TIMERATIO      TIMEWSTOPRATIO     ARPACKITER 
# 40000   32   1.000000e-03    5.855568e-04      5.855568e-04     5.725603e-06      5.855568e-04      2.330921e-04      1.278538e+01      1.086758e+01       11 \\
## EIGENSOLVER STOPCRITERION  ANALYTICAL  ARP-SMALL-TOL  ARPACK-TOL  ES-AN ERROR  ES-AR ERROR  ESS-AN ERROR  ESS-AR ERROR
00 5.052049e-04 4.885722e-04 4.885722e-04 4.885722e-04 4.885722e-04 1.663266e-05 1.663266e-05 9.971407e-16 1.706968e-15
01 1.400514e-03 1.221371e-03 1.221371e-03 1.221371e-03 1.221371e-03 1.791432e-04 1.791432e-04 7.251144e-16 6.522560e-16
02 1.616704e-03 1.221371e-03 1.221371e-03 1.221371e-03 1.221371e-03 3.953326e-04 3.953326e-04 6.346920e-16 1.651457e-15
03 1.839306e-03 1.954170e-03 1.954170e-03 1.954170e-03 1.954170e-03 1.148638e-04 1.148638e-04 7.268491e-16 1.096345e-15
04 2.005172e-03 2.442503e-03 2.442503e-03 2.442503e-03 2.442503e-03 4.373309e-04 4.373309e-04 1.205633e-15 5.828671e-16
05 2.423346e-03 2.442503e-03 2.442503e-03 2.442503e-03 2.442503e-03 1.915734e-05 1.915734e-05 1.127570e-16 5.551115e-16
06 3.205749e-03 3.175302e-03 3.175302e-03 3.175302e-03 3.175302e-03 3.044729e-05 3.044729e-05 2.914335e-16 3.469447e-16
07 3.165328e-03 3.175302e-03 3.175302e-03 3.175302e-03 3.175302e-03 9.974160e-06 9.974160e-06 1.110223e-16 1.387779e-17
08 4.143402e-03 4.151671e-03 4.151671e-03 4.151671e-03 4.151671e-03 8.269088e-06 8.269088e-06 7.034304e-16 1.804112e-15
09 4.135846e-03 4.151671e-03 4.151671e-03 4.151671e-03 4.151671e-03 1.582506e-05 1.582506e-05 9.809861e-16 9.159340e-16
10 4.667459e-03 4.396434e-03 4.396434e-03 4.396434e-03 4.396434e-03 2.710246e-04 2.710246e-04 1.327063e-15 1.124101e-15
11 4.617426e-03 4.884469e-03 4.884469e-03 4.884469e-03 4.884469e-03 2.670434e-04 2.670434e-04 2.823262e-15 2.622902e-15
12 4.884217e-03 4.884469e-03 4.884469e-03 4.884469e-03 4.884469e-03 2.527087e-07 2.527087e-07 9.636389e-16 1.124101e-15
13 6.185862e-03 6.105602e-03 6.105602e-03 6.105602e-03 6.105602e-03 8.026031e-05 8.026031e-05 1.055579e-15 6.938894e-16
14 6.242184e-03 6.105602e-03 6.105602e-03 6.105602e-03 6.105602e-03 1.365820e-04 1.365820e-04 2.090342e-16 1.526557e-16
15 6.387403e-03 6.348456e-03 6.348456e-03 6.348456e-03 6.348456e-03 3.894684e-05 3.894684e-05 1.066855e-15 1.193490e-15
16 6.382932e-03 6.348456e-03 6.348456e-03 6.348456e-03 6.348456e-03 3.447647e-05 3.447647e-05 4.701101e-16 7.494005e-16
17 6.820245e-03 7.081254e-03 7.081254e-03 7.081254e-03 7.081254e-03 2.610099e-04 2.610099e-04 2.636780e-16 5.828671e-16
18 7.035071e-03 7.081254e-03 7.081254e-03 7.081254e-03 7.081254e-03 4.618354e-05 4.618354e-05 1.267042e-14 1.319778e-14
19 8.400326e-03 7.814769e-03 7.814769e-03 7.814769e-03 7.814769e-03 5.855568e-04 5.855568e-04 2.821979e-13 2.824407e-13
20 7.915987e-03 8.302387e-03 8.302387e-03 8.302387e-03 8.302387e-03 3.863997e-04 3.863997e-04 3.920995e-14 4.007905e-14
21 8.647117e-03 8.302387e-03 8.302387e-03 8.302387e-03 8.302387e-03 3.447298e-04 3.447298e-04 3.572439e-12 3.572240e-12
22 8.511216e-03 9.032322e-03 9.032322e-03 9.032322e-03 9.032322e-03 5.211065e-04 5.211065e-04 1.146925e-12 1.147443e-12
23 9.427576e-03 9.032322e-03 9.032322e-03 9.032322e-03 9.032322e-03 3.952536e-04 3.952536e-04 1.889792e-10 1.889795e-10
24 9.522819e-03 9.765121e-03 9.765121e-03 9.765121e-03 9.765121e-03 2.423013e-04 2.423013e-04 2.114228e-10 2.114234e-10
25 9.942069e-03 9.765129e-03 9.765121e-03 9.765121e-03 9.765121e-03 1.769482e-04 1.769482e-04 8.675201e-09 8.675201e-09
26 9.705851e-03 1.001156e-02 1.001155e-02 1.001155e-02 1.001155e-02 3.057032e-04 3.057032e-04 1.251505e-09 1.251505e-09
27 1.056861e-02 1.001159e-02 1.001155e-02 1.001155e-02 1.001155e-02 5.570535e-04 5.570535e-04 3.864594e-08 3.864594e-08
28 1.048813e-02 1.098632e-02 1.098625e-02 1.098625e-02 1.098625e-02 4.981239e-04 4.981239e-04 6.927844e-08 6.927844e-08
29 1.088661e-02 1.098988e-02 1.098625e-02 1.098625e-02 1.098625e-02 9.964708e-05 9.964708e-05 3.628885e-06 3.628885e-06
30 1.232098e-02 1.225591e-02 1.220261e-02 1.220261e-02 1.220261e-02 1.183712e-04 1.183712e-04 5.329311e-05 5.329311e-05
31 1.236518e-02 1.243571e-02 1.220261e-02 1.220261e-02 1.220834e-02 1.625648e-04 1.625648e-04 2.330921e-04 2.330921e-04
