# Hello World! This is dune-eigensolver.
# hardware number of threads is 4 number of threads used is 1
# 8 8
# Smallest eigenvalues
# Smallest eigenvalue from Arpack: 4.885722e-04
# StandardInverse:  time_total=3.303699e+02 time_factorization=2.810825e-01 time_dot_product_all=5.036575e-02 time_dot_product_diagonal=1.481510e-03 iterations=1645
## FTWORTH  ANALYTICAL  ARP-SMALL-TOL  ARPACK-TOL  ES-AN ERROR  ES-AR ERROR
00 4.885722e-04 4.885722e-04 4.885722e-04 4.885722e-04 3.336090e-16 4.336809e-19
01 1.221371e-03 1.221371e-03 1.221371e-03 1.221371e-03 3.256943e-16 4.336809e-18
02 1.221371e-03 1.221371e-03 1.221371e-03 1.221371e-03 3.102987e-16 2.949030e-17
03 1.954170e-03 1.954170e-03 1.954170e-03 1.954170e-03 3.209238e-16 2.168404e-17
04 2.442503e-03 2.442503e-03 2.442503e-03 2.442503e-03 3.434752e-16 1.734723e-17
05 2.442503e-03 2.442503e-03 2.442503e-03 2.442503e-03 3.278627e-16 2.168404e-18
06 3.175302e-03 3.175302e-03 3.175302e-03 3.175302e-03 3.538836e-16 1.908196e-17
07 3.175302e-03 3.175302e-03 3.175302e-03 3.175302e-03 3.304648e-16 1.647987e-17
08 4.151671e-03 4.151671e-03 4.151671e-03 4.151671e-03 3.851086e-16 3.903128e-17
09 4.151671e-03 4.151671e-03 4.151671e-03 4.151671e-03 3.512815e-16 5.204170e-18
10 4.396434e-03 4.396434e-03 4.396434e-03 4.396434e-03 4.371503e-16 1.196959e-16
11 4.884469e-03 4.884469e-03 4.884469e-03 4.884469e-03 4.380177e-16 1.344411e-16
12 4.884469e-03 4.884469e-03 4.884469e-03 4.884469e-03 2.749537e-16 4.683753e-17
13 6.105602e-03 6.105602e-03 6.105602e-03 6.105602e-03 2.818926e-16 6.938894e-18
14 6.105602e-03 6.105602e-03 6.105602e-03 6.105602e-03 3.139849e-16 1.301043e-17
15 6.348456e-03 6.348456e-03 6.348456e-03 6.348456e-03 4.172010e-16 1.205633e-16
16 6.348456e-03 6.348456e-03 6.348456e-03 6.348456e-03 4.709774e-16 1.240327e-16
17 7.081254e-03 7.081254e-03 7.081254e-03 7.081254e-03 3.061787e-16 4.683753e-17
18 7.081254e-03 7.081254e-03 7.081254e-03 7.081254e-03 3.356690e-16 3.469447e-17
19 7.814769e-03 7.814769e-03 7.814769e-03 7.814769e-03 2.498002e-16 8.673617e-17
20 8.302387e-03 8.302387e-03 8.302387e-03 8.302387e-03 3.139849e-16 1.040834e-17
21 8.302387e-03 8.302387e-03 8.302387e-03 8.302387e-03 4.041906e-16 6.245005e-17
22 9.032322e-03 9.032322e-03 9.032322e-03 9.032322e-03 1.890849e-16 4.163336e-17
23 9.032322e-03 9.032322e-03 9.032322e-03 9.032322e-03 2.411266e-16 5.898060e-17
24 9.765121e-03 9.765121e-03 9.765121e-03 9.765121e-03 3.139849e-16 2.428613e-17
25 9.765121e-03 9.765121e-03 9.765121e-03 9.765121e-03 1.110223e-16 2.393918e-16
26 1.001155e-02 1.001155e-02 1.001155e-02 1.001155e-02 4.163336e-16 6.591949e-17
27 1.001155e-02 1.001155e-02 1.001155e-02 1.001155e-02 3.382711e-16 6.938894e-17
28 1.098625e-02 1.098625e-02 1.098625e-02 1.098625e-02 1.942890e-16 4.336809e-16
29 1.098625e-02 1.098625e-02 1.098625e-02 1.098625e-02 1.335737e-16 4.579670e-16
30 1.220342e-02 1.220261e-02 1.220261e-02 1.220261e-02 8.087505e-07 8.087505e-07
31 1.220314e-02 1.220261e-02 1.220261e-02 1.220834e-02 5.270511e-07 5.270511e-07
