# Hello World! This is dune-eigensolver.
# hardware number of threads is 4 number of threads used is 1
# 8 8
# Smallest eigenvalues
# Smallest eigenvalue from Arpack: 2.467660e-04
# GeneralizedSymmetricStewart:  time_total=1.006033e+00 time_factorization=3.052142e-01 time_eigendecomposition=1.274091e-03 time_matmul_dense=6.090200e-05 iterations=2
## gen: stw     ARP-SMALL-TOL  ARPACK-TOL  ES-ARP-SMALL  ES-AR ERROR
00 1.282592e-01 -1.125402e-16 -1.118897e-16 1.282592e-01 1.282592e-01
01 1.300664e-01 7.407260e-03 7.407260e-03 1.226591e-01 1.226591e-01
02 1.336193e-01 7.407260e-03 7.407260e-03 1.262120e-01 1.262120e-01
03 1.347017e-01 1.113908e-02 1.113908e-02 1.235626e-01 1.235626e-01
04 1.356287e-01 2.459842e-02 2.459842e-02 1.110302e-01 1.110302e-01
05 1.379647e-01 2.657816e-02 2.657816e-02 1.113865e-01 1.113865e-01
06 1.386525e-01 2.657816e-02 2.657816e-02 1.120744e-01 1.120744e-01
07 1.394626e-01 2.713537e-02 2.713537e-02 1.123273e-01 1.123273e-01
08 1.411555e-01 4.310637e-02 4.310637e-02 9.804915e-02 9.804915e-02
09 1.423293e-01 4.496569e-02 4.496569e-02 9.736362e-02 9.736362e-02
10 1.445730e-01 4.496569e-02 4.496569e-02 9.960730e-02 9.960730e-02
11 1.453739e-01 4.707724e-02 4.707724e-02 9.829666e-02 9.829666e-02
12 1.464534e-01 6.225010e-02 6.225010e-02 8.420331e-02 8.420331e-02
13 1.470163e-01 6.480932e-02 6.480932e-02 8.220697e-02 8.220697e-02
14 1.485606e-01 6.480932e-02 6.480932e-02 8.375128e-02 8.375128e-02
15 1.494844e-01 6.750170e-02 6.750170e-02 8.198270e-02 8.198270e-02
16 1.505112e-01 8.238127e-02 8.238127e-02 6.812995e-02 6.812995e-02
17 1.528843e-01 8.551727e-02 8.551727e-02 6.736698e-02 6.736698e-02
18 1.546986e-01 8.551727e-02 8.551727e-02 6.918132e-02 6.918132e-02
19 1.554410e-01 8.880565e-02 8.880565e-02 6.663535e-02 6.663535e-02
20 1.578964e-01 1.033365e-01 1.033365e-01 5.455991e-02 5.455991e-02
21 1.583415e-01 1.070004e-01 1.070004e-01 5.134113e-02 5.134113e-02
22 1.595964e-01 1.073756e-01 1.070004e-01 5.222081e-02 5.259598e-02
23 1.613672e-01 1.108161e-01 1.108161e-01 5.055102e-02 5.055102e-02
24 1.633496e-01 1.249853e-01 1.249853e-01 3.836432e-02 3.836432e-02
25 1.637419e-01 1.291217e-01 1.291217e-01 3.462024e-02 3.462024e-02
26 1.664906e-01 1.334063e-01 1.291217e-01 3.308423e-02 3.736891e-02
27 1.675358e-01 1.471903e-01 1.334063e-01 2.034544e-02 3.412945e-02
28 1.705643e-01 1.517422e-01 1.471903e-01 1.882210e-02 2.337394e-02
29 1.729484e-01 1.564337e-01 1.517422e-01 1.651475e-02 2.120624e-02
30 1.749117e-01 1.698135e-01 1.517422e-01 5.098127e-03 2.316947e-02
31 1.782998e-01 1.747231e-01 1.564337e-01 3.576743e-03 2.186613e-02
