# Hello World! This is dune-eigensolver.
# hardware number of threads is 4 number of threads used is 1
# 8 8
# Smallest eigenvalues
# Smallest eigenvalue from Arpack: 4.885724e-04
# StandardInverse:  time_total=1.675203e+01 time_factorization=2.985590e-01 time_dot_product_all=5.018220e-02 time_dot_product_diagonal=1.410149e-03 iterations=81
# SymmetricStewart:  time_total=4.142569e+01 time_factorization=2.867780e-01 time_eigendecomposition=1.172887e-03 iterations=200
# Arpack elapsed time 5.234152e+00
# Eigensolver elapsed time 1.676482e+01
# Eigensolver with stopping criterion elapsed time 4.143469e+01
# N    M       TOL      ESARERROR         ESSTARERROR       ARPERROR           ESANERROR         ESSTANERROR      TIMERATIO      TIMEWSTOPRATIO     ARPACKITER 
# 40000   32   1.000000e-02    1.270198e-03      1.270198e-03     1.216361e-03      1.270198e-03      4.323161e-04      3.202968e+00      7.916218e+00       10 \\
## EIGENSOLVER STOPCRITERION  ANALYTICAL  ARP-SMALL-TOL  ARPACK-TOL  ES-AN ERROR  ES-AR ERROR  ESS-AN ERROR  ESS-AR ERROR
00 9.633589e-04 4.885722e-04 4.885722e-04 4.885722e-04 4.885722e-04 4.747867e-04 4.747867e-04 1.264939e-15 5.551115e-16
01 2.491569e-03 1.221371e-03 1.221371e-03 1.221371e-03 1.221371e-03 1.270198e-03 1.270198e-03 1.224715e-15 1.526557e-16
02 1.734716e-03 1.221371e-03 1.221371e-03 1.221371e-03 1.221371e-03 5.133453e-04 5.133453e-04 1.147086e-16 9.020562e-16
03 1.677432e-03 1.954170e-03 1.954170e-03 1.954170e-03 1.954170e-03 2.767381e-04 2.767381e-04 7.823603e-16 1.151856e-15
04 2.569784e-03 2.442503e-03 2.442503e-03 2.442503e-03 2.442503e-03 1.272806e-04 1.272806e-04 3.868433e-16 2.359224e-16
05 2.637887e-03 2.442503e-03 2.442503e-03 2.442503e-03 2.442503e-03 1.953841e-04 1.953841e-04 2.480655e-16 1.942890e-16
06 3.060194e-03 3.175302e-03 3.175302e-03 3.175302e-03 3.175302e-03 1.151076e-04 1.151076e-04 4.718448e-16 1.110223e-15
07 2.593777e-03 3.175302e-03 3.175302e-03 3.175302e-03 3.175302e-03 5.815252e-04 5.815252e-04 1.346145e-15 1.471046e-15
08 3.933699e-03 4.151671e-03 4.151671e-03 4.151671e-03 4.151671e-03 2.179712e-04 2.179712e-04 5.984796e-17 1.040834e-15
09 3.884484e-03 4.151671e-03 4.151671e-03 4.151671e-03 4.151671e-03 2.671867e-04 2.671867e-04 6.129645e-15 6.064593e-15
10 5.057923e-03 4.396434e-03 4.396434e-03 4.396434e-03 4.396434e-03 6.614890e-04 6.614890e-04 8.517492e-16 1.054712e-15
11 4.623402e-03 4.884469e-03 4.884469e-03 4.884469e-03 4.884469e-03 2.610673e-04 2.610673e-04 4.518087e-15 4.718448e-15
12 5.637312e-03 4.884469e-03 4.884469e-03 4.884469e-03 4.884469e-03 7.528432e-04 7.528432e-04 4.647064e-14 4.631018e-14
13 6.271883e-03 6.105602e-03 6.105602e-03 6.105602e-03 6.105602e-03 1.662813e-04 1.662813e-04 5.322045e-14 5.358214e-14
14 5.827086e-03 6.105602e-03 6.105602e-03 6.105602e-03 6.105602e-03 2.785153e-04 2.785153e-04 2.095971e-11 2.096007e-11
15 6.080851e-03 6.348456e-03 6.348456e-03 6.348456e-03 6.348456e-03 2.676044e-04 2.676044e-04 1.143476e-12 1.143349e-12
16 6.220622e-03 6.348456e-03 6.348456e-03 6.348456e-03 6.348456e-03 1.278334e-04 1.278334e-04 1.788511e-11 1.788483e-11
17 7.423895e-03 7.081254e-03 7.081254e-03 7.081254e-03 7.081254e-03 3.426407e-04 3.426407e-04 3.606129e-12 3.606976e-12
18 6.498957e-03 7.081255e-03 7.081254e-03 7.081254e-03 7.081254e-03 5.822972e-04 5.822972e-04 2.222028e-10 2.222033e-10
19 8.920158e-03 7.814770e-03 7.814769e-03 7.814769e-03 7.814769e-03 1.105389e-03 1.105389e-03 1.328588e-09 1.328588e-09
20 7.806962e-03 8.302387e-03 8.302387e-03 8.302387e-03 8.302387e-03 4.954248e-04 4.954248e-04 9.728187e-11 9.728274e-11
21 8.274862e-03 8.302392e-03 8.302387e-03 8.302387e-03 8.302387e-03 2.752503e-05 2.752503e-05 5.627080e-09 5.627080e-09
22 8.975721e-03 9.032323e-03 9.032322e-03 9.032322e-03 9.032322e-03 5.660068e-05 5.660068e-05 9.531878e-10 9.531883e-10
23 9.343753e-03 9.032394e-03 9.032322e-03 9.032322e-03 9.032364e-03 3.114311e-04 3.114311e-04 7.236179e-08 7.236179e-08
24 9.387475e-03 9.765163e-03 9.765121e-03 9.765121e-03 9.765121e-03 3.776462e-04 3.776462e-04 4.206397e-08 4.206397e-08
25 1.018511e-02 9.766168e-03 9.765121e-03 9.765121e-03 9.768851e-03 4.199923e-04 4.199923e-04 1.047347e-06 1.047347e-06
26 1.030213e-02 1.001171e-02 1.001155e-02 1.001155e-02 1.001155e-02 2.905778e-04 2.905778e-04 1.524148e-07 1.524148e-07
27 1.052388e-02 1.001376e-02 1.001155e-02 1.001155e-02 1.098625e-02 5.123266e-04 5.123266e-04 2.203326e-06 2.203326e-06
28 1.041004e-02 1.098744e-02 1.098625e-02 1.098625e-02 1.100413e-02 5.762159e-04 5.762159e-04 1.189087e-06 1.189087e-06
29 1.022058e-02 1.103294e-02 1.098625e-02 1.098625e-02 1.220261e-02 7.656688e-04 7.656688e-04 4.668411e-05 4.668411e-05
30 1.222557e-02 1.231826e-02 1.220261e-02 1.220261e-02 1.220834e-02 2.295421e-05 2.295421e-05 1.156473e-04 1.156473e-04
31 1.249839e-02 1.263493e-02 1.220261e-02 1.220261e-02 1.269542e-02 2.957741e-04 2.957741e-04 4.323161e-04 4.323161e-04
