# Hello World! This is dune-eigensolver.
# hardware number of threads is 4 number of threads used is 1
# 8 8
# Smallest eigenvalues
# Smallest eigenvalue from Arpack: 4.885722e-04
# StandardInverse:  time_total=2.033339e+01 time_factorization=2.872634e-01 time_dot_product_all=5.393636e-02 time_dot_product_diagonal=1.552853e-03 iterations=100
# SymmetricStewart:  time_total=2.022361e+01 time_factorization=2.868463e-01 time_eigendecomposition=1.253282e-03 iterations=100
# Arpack elapsed time 5.727201e+00
# Eigensolver elapsed time 2.034213e+01
# Eigensolver with stopping criterion elapsed time 2.023274e+01
# N    M       TOL      ESARERROR         ESSTARERROR       ARPERROR           ESANERROR         ESSTANERROR      TIMERATIO      TIMEWSTOPRATIO     ARPACKITER 
# 40000   32   1.000000e-03    1.243327e-03      1.243327e-03     5.725603e-06      1.243327e-03      6.311698e-04      3.551845e+00      3.532745e+00       11 \\
## EIGENSOLVER STOPCRITERION  ANALYTICAL  ARP-SMALL-TOL  ARPACK-TOL  ES-AN ERROR  ES-AR ERROR  ESS-AN ERROR  ESS-AR ERROR
00 8.161184e-04 4.885723e-04 4.885722e-04 4.885722e-04 4.885722e-04 3.275461e-04 3.275461e-04 2.335097e-11 2.335168e-11
01 2.464698e-03 1.221371e-03 1.221371e-03 1.221371e-03 1.221371e-03 1.243327e-03 1.243327e-03 2.527364e-12 2.528741e-12
02 1.578732e-03 1.221371e-03 1.221371e-03 1.221371e-03 1.221371e-03 3.573609e-04 3.573609e-04 3.249207e-10 3.249217e-10
03 1.548092e-03 1.954170e-03 1.954170e-03 1.954170e-03 1.954170e-03 4.060772e-04 4.060772e-04 5.694504e-11 5.694467e-11
04 2.136376e-03 2.442503e-03 2.442503e-03 2.442503e-03 2.442503e-03 3.061269e-04 3.061269e-04 2.930485e-11 2.930547e-11
05 2.534367e-03 2.442503e-03 2.442503e-03 2.442503e-03 2.442503e-03 9.186368e-05 9.186368e-05 1.533700e-10 1.533705e-10
06 3.398330e-03 3.175302e-03 3.175302e-03 3.175302e-03 3.175302e-03 2.230278e-04 2.230278e-04 2.527928e-10 2.527934e-10
07 2.725066e-03 3.175302e-03 3.175302e-03 3.175302e-03 3.175302e-03 4.502353e-04 4.502353e-04 5.282706e-10 5.282707e-10
08 4.046186e-03 4.151671e-03 4.151671e-03 4.151671e-03 4.151671e-03 1.054842e-04 1.054842e-04 1.842963e-10 1.842974e-10
09 3.825661e-03 4.151689e-03 4.151671e-03 4.151671e-03 4.151671e-03 3.260093e-04 3.260093e-04 1.847714e-08 1.847714e-08
10 4.833438e-03 4.396436e-03 4.396434e-03 4.396434e-03 4.396434e-03 4.370040e-04 4.370040e-04 1.962388e-09 1.962388e-09
11 4.560009e-03 4.884474e-03 4.884469e-03 4.884469e-03 4.884469e-03 3.244600e-04 3.244600e-04 5.090523e-09 5.090523e-09
12 5.890570e-03 4.884500e-03 4.884469e-03 4.884469e-03 4.884469e-03 1.006100e-03 1.006100e-03 3.102841e-08 3.102841e-08
13 6.121599e-03 6.105612e-03 6.105602e-03 6.105602e-03 6.105602e-03 1.599752e-05 1.599752e-05 1.086308e-08 1.086308e-08
14 5.919998e-03 6.106952e-03 6.105602e-03 6.105602e-03 6.105602e-03 1.856036e-04 1.856036e-04 1.350760e-06 1.350760e-06
15 6.140987e-03 6.348536e-03 6.348456e-03 6.348456e-03 6.348456e-03 2.074684e-04 2.074684e-04 8.014384e-08 8.014384e-08
16 6.366881e-03 6.349217e-03 6.348456e-03 6.348456e-03 6.348456e-03 1.842541e-05 1.842541e-05 7.616183e-07 7.616183e-07
17 7.029225e-03 7.081343e-03 7.081254e-03 7.081254e-03 7.081254e-03 5.202930e-05 5.202930e-05 8.894457e-08 8.894457e-08
18 6.595731e-03 7.083674e-03 7.081254e-03 7.081254e-03 7.081254e-03 4.855236e-04 4.855236e-04 2.419438e-06 2.419438e-06
19 8.906278e-03 7.818760e-03 7.814769e-03 7.814769e-03 7.814769e-03 1.091509e-03 1.091509e-03 3.990851e-06 3.990851e-06
20 7.969789e-03 8.302637e-03 8.302387e-03 8.302387e-03 8.302387e-03 3.325982e-04 3.325982e-04 2.507064e-07 2.507064e-07
21 8.127538e-03 8.307363e-03 8.302387e-03 8.302387e-03 8.302387e-03 1.748485e-04 1.748485e-04 4.976477e-06 4.976477e-06
22 8.958863e-03 9.033283e-03 9.032322e-03 9.032322e-03 9.032322e-03 7.345876e-05 7.345876e-05 9.612897e-07 9.612897e-07
23 9.344523e-03 9.063228e-03 9.032322e-03 9.032322e-03 9.032322e-03 3.122014e-04 3.122014e-04 3.090579e-05 3.090579e-05
24 9.465199e-03 9.772525e-03 9.765121e-03 9.765121e-03 9.765121e-03 2.999213e-04 2.999213e-04 7.404471e-06 7.404471e-06
25 1.016860e-02 9.835063e-03 9.765121e-03 9.765121e-03 9.765121e-03 4.034805e-04 4.034805e-04 6.994179e-05 6.994179e-05
26 1.015051e-02 1.003170e-02 1.001155e-02 1.001155e-02 1.001155e-02 1.389551e-04 1.389551e-04 2.014482e-05 2.014482e-05
27 1.030063e-02 1.009745e-02 1.001155e-02 1.001155e-02 1.001155e-02 2.890754e-04 2.890754e-04 8.589456e-05 8.589456e-05
28 1.063618e-02 1.100687e-02 1.098625e-02 1.098625e-02 1.098625e-02 3.500709e-04 3.500709e-04 2.061443e-05 2.061443e-05
29 1.025935e-02 1.144050e-02 1.098625e-02 1.098625e-02 1.098625e-02 7.269040e-04 7.269040e-04 4.542500e-04 4.542500e-04
30 1.233032e-02 1.244976e-02 1.220261e-02 1.220261e-02 1.220261e-02 1.277045e-04 1.277045e-04 2.471451e-04 2.471451e-04
31 1.250827e-02 1.283378e-02 1.220261e-02 1.220261e-02 1.220834e-02 3.056606e-04 3.056606e-04 6.311698e-04 6.311698e-04
