# Hello World! This is dune-eigensolver.
# hardware number of threads is 4 number of threads used is 1
# 8 8
# Smallest eigenvalues
# Smallest eigenvalue from Arpack: 4.885727e-04
# SymmetricStewart:  time_total=8.775873e+00 time_factorization=2.771981e-01 time_eigendecomposition=1.064004e-03 time_matmul_dense=6.114700e-05 iterations=42
##  STEWART  ANALYTICAL  ARP-SMALL-TOL  ARPACK-TOL  ESS-AN ERROR  ESS-AR ERROR
00 4.885722e-04 4.885722e-04 4.885722e-04 4.885722e-04 3.435837e-16 9.540979e-18
01 1.221371e-03 1.221371e-03 1.221371e-03 1.221371e-03 2.905662e-16 3.946496e-17
02 1.221371e-03 1.221371e-03 1.221371e-03 1.221371e-03 2.964209e-16 4.336809e-17
03 1.954170e-03 1.954170e-03 1.954170e-03 1.954170e-03 3.335006e-16 9.107298e-18
04 2.442503e-03 2.442503e-03 2.442503e-03 2.442503e-03 3.204902e-16 5.637851e-18
05 2.442503e-03 2.442503e-03 2.442503e-03 2.442503e-03 3.287301e-16 1.301043e-18
06 3.175302e-03 3.175302e-03 3.175302e-03 3.175302e-03 2.714842e-16 6.331741e-17
07 3.175302e-03 3.175302e-03 3.175302e-03 3.175302e-03 3.382711e-16 8.673617e-18
08 4.151671e-03 4.151671e-03 4.151671e-03 4.151671e-03 3.053113e-16 4.076600e-17
09 4.151671e-03 4.151671e-03 4.151671e-03 4.151671e-03 3.174544e-16 2.862294e-17
10 4.396434e-03 4.396434e-03 4.396434e-03 4.396434e-03 2.975051e-16 1.994932e-17
11 4.884469e-03 4.884469e-03 4.884469e-03 4.884469e-03 3.885781e-16 8.500145e-17
12 4.884469e-03 4.884469e-03 4.884469e-03 4.884469e-03 3.885781e-16 6.678685e-17
13 6.105602e-03 6.105602e-03 6.105602e-03 6.105602e-03 3.504141e-16 6.158268e-17
14 6.105602e-03 6.105602e-03 6.105602e-03 6.105602e-03 3.799044e-16 5.290907e-17
15 6.348456e-03 6.348456e-03 6.348456e-03 6.348456e-03 2.688821e-16 2.775558e-17
16 6.348456e-03 6.348456e-03 6.348456e-03 6.348456e-03 4.267420e-16 7.979728e-17
17 7.081254e-03 7.081254e-03 7.081254e-03 7.081254e-03 2.853620e-16 2.602085e-17
18 7.081254e-03 7.081254e-03 7.081254e-03 7.081255e-03 3.374037e-16 3.642919e-17
19 7.814769e-03 7.814769e-03 7.814769e-03 7.814769e-03 4.059253e-16 6.938894e-17
20 8.302387e-03 8.302387e-03 8.302387e-03 8.302387e-03 3.209238e-16 3.469447e-18
21 8.302387e-03 8.302387e-03 8.302387e-03 9.032322e-03 1.129305e-15 7.875645e-16
22 9.032322e-03 9.032322e-03 9.032322e-03 9.765121e-03 2.163200e-15 1.932482e-15
23 9.032322e-03 9.032322e-03 9.032322e-03 1.001155e-02 4.654003e-13 4.651002e-13
24 9.765121e-03 9.765121e-03 9.765121e-03 1.098625e-02 2.390579e-12 2.390289e-12
25 9.765121e-03 9.765121e-03 9.765121e-03 1.220261e-02 1.266159e-10 1.266155e-10
26 1.001155e-02 1.001155e-02 1.001155e-02 1.220834e-02 2.535588e-11 2.535553e-11
27 1.001156e-02 1.001155e-02 1.001155e-02 1.269542e-02 1.142347e-09 1.142347e-09
28 1.098626e-02 1.098625e-02 1.098625e-02 1.293541e-02 9.582587e-09 9.582587e-09
29 1.098685e-02 1.098625e-02 1.098625e-02 1.415654e-02 5.929446e-07 5.929446e-07
30 1.223741e-02 1.220261e-02 1.220261e-02 1.489221e-02 3.479792e-05 3.479792e-05
31 1.235685e-02 1.220261e-02 1.220261e-02 1.586354e-02 1.542314e-04 1.542314e-04
