# Hello World! This is dune-eigensolver.
# hardware number of threads is 4 number of threads used is 1
# 8 8
# Smallest eigenvalues
# Smallest eigenvalue from Arpack: 4.885724e-04
# StandardInverse:  time_total=1.675347e+01 time_factorization=3.821560e-01 time_dot_product_all=5.027038e-02 time_dot_product_diagonal=1.374205e-03 iterations=81
# SymmetricStewart:  time_total=1.151382e+03 time_factorization=3.050816e-01 time_eigendecomposition=1.035549e-03 iterations=5424
# Arpack elapsed time 5.424613e+00
# Eigensolver elapsed time 1.676483e+01
# Eigensolver with stopping criterion elapsed time 1.151449e+03
# N    M       TOL      ESARERROR         ESSTARERROR       ARPERROR           ESANERROR         ESSTANERROR      TIMERATIO      TIMEWSTOPRATIO     ARPACKITER 
# 40000   32   1.000000e-02    1.270198e-03      1.270198e-03     1.216361e-03      1.270198e-03      2.413045e-06      3.090511e+00      2.122638e+02       10 \\
## EIGENSOLVER STOPCRITERION  ANALYTICAL  ARP-SMALL-TOL  ARPACK-TOL  ES-AN ERROR  ES-AR ERROR  ESS-AN ERROR  ESS-AR ERROR
00 9.633589e-04 4.885722e-04 4.885722e-04 4.885722e-04 4.885722e-04 4.747867e-04 4.747867e-04 1.695150e-15 9.853229e-16
01 2.491569e-03 1.221371e-03 1.221371e-03 1.221371e-03 1.221371e-03 1.270198e-03 1.270198e-03 1.599415e-15 2.220446e-16
02 1.734716e-03 1.221371e-03 1.221371e-03 1.221371e-03 1.221371e-03 5.133453e-04 5.133453e-04 8.502313e-16 1.665335e-16
03 1.677432e-03 1.954170e-03 1.954170e-03 1.954170e-03 1.954170e-03 2.767381e-04 2.767381e-04 1.146652e-15 7.771561e-16
04 2.569784e-03 2.442503e-03 2.442503e-03 2.442503e-03 2.442503e-03 1.272806e-04 1.272806e-04 2.607289e-15 1.984524e-15
05 2.637887e-03 2.442503e-03 2.442503e-03 2.442503e-03 2.442503e-03 1.953841e-04 1.953841e-04 1.292369e-15 1.734723e-15
06 3.060194e-03 3.175302e-03 3.175302e-03 3.175302e-03 3.175302e-03 1.151076e-04 1.151076e-04 1.429412e-15 7.910339e-16
07 2.593777e-03 3.175302e-03 3.175302e-03 3.175302e-03 3.175302e-03 5.815252e-04 5.815252e-04 9.436896e-16 8.187895e-16
08 3.933699e-03 4.151671e-03 4.151671e-03 4.151671e-03 4.151671e-03 2.179712e-04 2.179712e-04 1.669671e-15 5.689893e-16
09 3.884484e-03 4.151671e-03 4.151671e-03 4.151671e-03 4.151671e-03 2.671867e-04 2.671867e-04 2.038300e-16 1.387779e-16
10 5.057923e-03 4.396434e-03 4.396434e-03 4.396434e-03 4.396434e-03 6.614890e-04 6.614890e-04 1.004405e-15 1.207368e-15
11 4.623402e-03 4.884469e-03 4.884469e-03 4.884469e-03 4.884469e-03 2.610673e-04 2.610673e-04 6.166942e-16 4.163336e-16
12 5.637312e-03 4.884469e-03 4.884469e-03 4.884469e-03 4.884469e-03 7.528432e-04 7.528432e-04 8.933826e-17 2.498002e-16
13 6.271883e-03 6.105602e-03 6.105602e-03 6.105602e-03 6.105602e-03 1.662813e-04 1.662813e-04 3.478121e-16 1.387779e-17
14 5.827086e-03 6.105602e-03 6.105602e-03 6.105602e-03 6.105602e-03 2.785153e-04 2.785153e-04 1.934217e-16 5.551115e-16
15 6.080851e-03 6.348456e-03 6.348456e-03 6.348456e-03 6.348456e-03 2.676044e-04 2.676044e-04 8.031770e-16 9.298118e-16
16 6.220622e-03 6.348456e-03 6.348456e-03 6.348456e-03 6.348456e-03 1.278334e-04 1.278334e-04 3.209238e-16 4.163336e-17
17 7.423895e-03 7.081254e-03 7.081254e-03 7.081254e-03 7.081254e-03 3.426407e-04 3.426407e-04 1.942890e-16 6.522560e-16
18 6.498957e-03 7.081254e-03 7.081254e-03 7.081254e-03 7.081254e-03 5.822972e-04 5.822972e-04 1.762479e-15 2.289835e-15
19 8.920158e-03 7.814769e-03 7.814769e-03 7.814769e-03 7.814769e-03 1.105389e-03 1.105389e-03 9.367507e-16 1.179612e-15
20 7.806962e-03 8.302387e-03 8.302387e-03 8.302387e-03 8.302387e-03 4.954248e-04 4.954248e-04 6.470519e-16 2.220446e-16
21 8.274862e-03 8.302387e-03 8.302387e-03 8.302387e-03 8.302387e-03 2.752503e-05 2.752503e-05 2.862294e-16 4.857226e-16
22 8.975721e-03 9.032322e-03 9.032322e-03 9.032322e-03 9.032322e-03 5.660068e-05 5.660068e-05 4.527628e-16 9.714451e-16
23 9.343753e-03 9.032322e-03 9.032322e-03 9.032322e-03 9.032364e-03 3.114311e-04 3.114311e-04 9.523632e-16 1.276756e-15
24 9.387475e-03 9.765121e-03 9.765121e-03 9.765121e-03 9.765121e-03 3.776462e-04 3.776462e-04 9.766493e-16 4.024558e-16
25 1.018511e-02 9.765121e-03 9.765121e-03 9.765121e-03 9.768851e-03 4.199923e-04 4.199923e-04 2.151057e-16 1.804112e-16
26 1.030213e-02 1.001155e-02 1.001155e-02 1.001155e-02 1.001155e-02 2.905778e-04 2.905778e-04 4.024558e-16 9.992007e-16
27 1.052388e-02 1.001155e-02 1.001155e-02 1.001155e-02 1.098625e-02 5.123266e-04 5.123266e-04 5.533768e-16 1.096345e-15
28 1.041004e-02 1.098625e-02 1.098625e-02 1.098625e-02 1.100413e-02 5.762159e-04 5.762159e-04 1.082467e-15 7.077672e-16
29 1.022058e-02 1.098625e-02 1.098625e-02 1.098625e-02 1.220261e-02 7.656688e-04 7.656688e-04 1.509209e-16 6.383782e-16
30 1.222557e-02 1.220261e-02 1.220261e-02 1.220261e-02 1.220834e-02 2.295421e-05 2.295421e-05 2.185752e-16 4.440892e-16
31 1.249839e-02 1.220503e-02 1.220261e-02 1.220261e-02 1.269542e-02 2.957741e-04 2.957741e-04 2.413045e-06 2.413045e-06
