# Hello World! This is dune-eigensolver.
# hardware number of threads is 4 number of threads used is 1
# 8 8
# Smallest eigenvalues
# Smallest eigenvalue from Arpack: 2.467350e-04
# GeneralizedSymmetricStewart:  time_total=4.735851e+02 time_factorization=2.802255e-01 time_eigendecomposition=1.147868e-03 time_matmul_dense=6.094500e-05 iterations=2294
## gen: stw     ARP-SMALL-TOL  ARPACK-TOL  ES-ARP-SMALL  ES-AR ERROR
00 9.901888e-02 -1.118897e-16 -1.118897e-16 9.901888e-02 9.901888e-02
01 9.927519e-02 7.407260e-03 7.407260e-03 9.186793e-02 9.186793e-02
02 9.927519e-02 7.407260e-03 7.407260e-03 9.186793e-02 9.186793e-02
03 9.953089e-02 1.113908e-02 1.113908e-02 8.839181e-02 8.839181e-02
04 1.000150e-01 2.459842e-02 2.459842e-02 7.541659e-02 7.541659e-02
05 1.000173e-01 2.657816e-02 2.657816e-02 7.343910e-02 7.343910e-02
06 1.002718e-01 2.657816e-02 2.657816e-02 7.369363e-02 7.369363e-02
07 1.002718e-01 2.713537e-02 2.713537e-02 7.313643e-02 7.313643e-02
08 1.010127e-01 4.310637e-02 4.310637e-02 5.790633e-02 5.790633e-02
09 1.012505e-01 4.496569e-02 4.496569e-02 5.628478e-02 5.628478e-02
10 1.012505e-01 4.496569e-02 4.496569e-02 5.628478e-02 5.628478e-02
11 1.015038e-01 4.707724e-02 4.707724e-02 5.442656e-02 5.442656e-02
12 1.015084e-01 6.225010e-02 6.225010e-02 3.925829e-02 3.925829e-02
13 1.022470e-01 6.480932e-02 6.480932e-02 3.743767e-02 3.743767e-02
14 1.022470e-01 6.480932e-02 6.480932e-02 3.743767e-02 3.743767e-02
15 1.029769e-01 6.750170e-02 6.750170e-02 3.547524e-02 3.547524e-02
16 1.029792e-01 8.238127e-02 8.238127e-02 2.059790e-02 2.059790e-02
17 1.032336e-01 8.551727e-02 8.551727e-02 1.771637e-02 1.771637e-02
18 1.032336e-01 8.551727e-02 8.551727e-02 1.771637e-02 1.771637e-02
19 1.034813e-01 8.880565e-02 8.880565e-02 1.467564e-02 1.467564e-02
20 1.039722e-01 1.033365e-01 1.033365e-01 6.357369e-04 6.357369e-04
21 1.039769e-01 1.070004e-01 1.070004e-01 3.023542e-03 3.023542e-03
22 1.051983e-01 1.070004e-01 1.070004e-01 1.802141e-03 1.802141e-03
23 1.051983e-01 1.108161e-01 1.108161e-01 5.617889e-03 5.617889e-03
24 1.052091e-01 1.249853e-01 1.249853e-01 1.977625e-02 1.977625e-02
25 1.052091e-01 1.291217e-01 1.291217e-01 2.391258e-02 2.391258e-02
26 1.054518e-01 1.291217e-01 1.291217e-01 2.366984e-02 2.366984e-02
27 1.054563e-01 1.334063e-01 1.334063e-01 2.795007e-02 2.795007e-02
28 1.061949e-01 1.471903e-01 1.471903e-01 4.099541e-02 4.099541e-02
29 1.061949e-01 1.517422e-01 1.517422e-01 4.554726e-02 4.554726e-02
30 1.069364e-01 1.517422e-01 1.517422e-01 4.480582e-02 4.480582e-02
31 1.074290e-01 1.564337e-01 1.564337e-01 4.900472e-02 4.900472e-02
