# Hello World! This is dune-eigensolver.
# hardware number of threads is 4 number of threads used is 1
# 8 8
# Smallest eigenvalues
# Smallest eigenvalue from Arpack: 4.885727e-04
# StandardInverse:  time_total=8.791499e+00 time_factorization=2.767225e-01 time_dot_product_all=5.146367e-02 time_dot_product_diagonal=1.401169e-03 iterations=42
## FTWORTH  ANALYTICAL  ARP-SMALL-TOL  ARPACK-TOL  ES-AN ERROR  ES-AR ERROR
00 4.885722e-04 4.885722e-04 4.885722e-04 4.885722e-04 3.446679e-16 1.062518e-17
01 1.221371e-03 1.221371e-03 1.221371e-03 1.221371e-03 5.079487e-14 5.046484e-14
02 1.221371e-03 1.221371e-03 1.221371e-03 1.221371e-03 1.265025e-14 1.231047e-14
03 1.954333e-03 1.954170e-03 1.954170e-03 1.954170e-03 1.629715e-07 1.629715e-07
04 2.442342e-03 2.442503e-03 2.442503e-03 2.442503e-03 1.613393e-07 1.613393e-07
05 2.442502e-03 2.442503e-03 2.442503e-03 2.442503e-03 1.511606e-09 1.511607e-09
06 3.175302e-03 3.175302e-03 3.175302e-03 3.175302e-03 1.856805e-10 1.856802e-10
07 3.175302e-03 3.175302e-03 3.175302e-03 3.175302e-03 5.880241e-11 5.880276e-11
08 4.151715e-03 4.151671e-03 4.151671e-03 4.151671e-03 4.487945e-08 4.487945e-08
09 4.151706e-03 4.151671e-03 4.151671e-03 4.151671e-03 3.526931e-08 3.526931e-08
10 4.403742e-03 4.396434e-03 4.396434e-03 4.396434e-03 7.307887e-06 7.307887e-06
11 4.877291e-03 4.884469e-03 4.884469e-03 4.884469e-03 7.177840e-06 7.177840e-06
12 4.884260e-03 4.884469e-03 4.884469e-03 4.884469e-03 2.092008e-07 2.092008e-07
13 6.137416e-03 6.105602e-03 6.105602e-03 6.105602e-03 3.181423e-05 3.181423e-05
14 6.120836e-03 6.105602e-03 6.105602e-03 6.105602e-03 1.523436e-05 1.523436e-05
15 6.313774e-03 6.348456e-03 6.348456e-03 6.348456e-03 3.468229e-05 3.468229e-05
16 6.343797e-03 6.348456e-03 6.348456e-03 6.348456e-03 4.658979e-06 4.658979e-06
17 7.074455e-03 7.081254e-03 7.081254e-03 7.081254e-03 6.799361e-06 6.799361e-06
18 7.080402e-03 7.081254e-03 7.081254e-03 7.081255e-03 8.523547e-07 8.523547e-07
19 8.175333e-03 7.814769e-03 7.814769e-03 7.814769e-03 3.605644e-04 3.605644e-04
20 7.957937e-03 8.302387e-03 8.302387e-03 8.302387e-03 3.444494e-04 3.444494e-04
21 8.441671e-03 8.302387e-03 8.302387e-03 9.032322e-03 1.392839e-04 1.392839e-04
22 8.879525e-03 9.032322e-03 9.032322e-03 9.765121e-03 1.527970e-04 1.527970e-04
23 9.130692e-03 9.032322e-03 9.032322e-03 1.001155e-02 9.837041e-05 9.837041e-05
24 9.705313e-03 9.765121e-03 9.765121e-03 1.098625e-02 5.980759e-05 5.980759e-05
25 9.900568e-03 9.765121e-03 9.765121e-03 1.220261e-02 1.354469e-04 1.354469e-04
26 9.850138e-03 1.001155e-02 1.001155e-02 1.220834e-02 1.614160e-04 1.614160e-04
27 1.018626e-02 1.001155e-02 1.001155e-02 1.269542e-02 1.747042e-04 1.747042e-04
28 1.081402e-02 1.098625e-02 1.098625e-02 1.293541e-02 1.722282e-04 1.722282e-04
29 1.097030e-02 1.098625e-02 1.098625e-02 1.415654e-02 1.595174e-05 1.595174e-05
30 1.228277e-02 1.220261e-02 1.220261e-02 1.489221e-02 8.015533e-05 8.015533e-05
31 1.231031e-02 1.220261e-02 1.220261e-02 1.586354e-02 1.077010e-04 1.077010e-04
