# Hello World! This is dune-eigensolver.
# hardware number of threads is 4 number of threads used is 1
# 8 8
# Smallest eigenvalues
# Smallest eigenvalue from Arpack: 4.885724e-04
# StandardInverse:  time_total=1.947827e+01 time_factorization=2.968278e-01 time_dot_product_all=5.284529e-02 time_dot_product_diagonal=2.317102e-03 iterations=81
# SymmetricStewart:  time_total=2.114303e+01 time_factorization=4.066167e-01 time_eigendecomposition=1.251652e-03 iterations=100
# Arpack elapsed time 5.119987e+00
# Eigensolver elapsed time 1.948868e+01
# Eigensolver with stopping criterion elapsed time 2.115364e+01
# N    M       TOL      ESARERROR         ESSTARERROR       ARPERROR           ESANERROR         ESSTANERROR      TIMERATIO      TIMEWSTOPRATIO     ARPACKITER 
# 40000   32   1.000000e-02    1.270198e-03      1.270198e-03     1.216361e-03      1.270198e-03      6.311698e-04      3.806393e+00      4.131581e+00       10 \\
## EIGENSOLVER STOPCRITERION  ANALYTICAL  ARP-SMALL-TOL  ARPACK-TOL  ES-AN ERROR  ES-AR ERROR  ESS-AN ERROR  ESS-AR ERROR
00 9.633589e-04 4.885723e-04 4.885722e-04 4.885722e-04 4.885722e-04 4.747867e-04 4.747867e-04 2.335097e-11 2.335168e-11
01 2.491569e-03 1.221371e-03 1.221371e-03 1.221371e-03 1.221371e-03 1.270198e-03 1.270198e-03 2.527364e-12 2.528741e-12
02 1.734716e-03 1.221371e-03 1.221371e-03 1.221371e-03 1.221371e-03 5.133453e-04 5.133453e-04 3.249207e-10 3.249217e-10
03 1.677432e-03 1.954170e-03 1.954170e-03 1.954170e-03 1.954170e-03 2.767381e-04 2.767381e-04 5.694504e-11 5.694467e-11
04 2.569784e-03 2.442503e-03 2.442503e-03 2.442503e-03 2.442503e-03 1.272806e-04 1.272806e-04 2.930485e-11 2.930547e-11
05 2.637887e-03 2.442503e-03 2.442503e-03 2.442503e-03 2.442503e-03 1.953841e-04 1.953841e-04 1.533700e-10 1.533705e-10
06 3.060194e-03 3.175302e-03 3.175302e-03 3.175302e-03 3.175302e-03 1.151076e-04 1.151076e-04 2.527928e-10 2.527934e-10
07 2.593777e-03 3.175302e-03 3.175302e-03 3.175302e-03 3.175302e-03 5.815252e-04 5.815252e-04 5.282706e-10 5.282707e-10
08 3.933699e-03 4.151671e-03 4.151671e-03 4.151671e-03 4.151671e-03 2.179712e-04 2.179712e-04 1.842963e-10 1.842974e-10
09 3.884484e-03 4.151689e-03 4.151671e-03 4.151671e-03 4.151671e-03 2.671867e-04 2.671867e-04 1.847714e-08 1.847714e-08
10 5.057923e-03 4.396436e-03 4.396434e-03 4.396434e-03 4.396434e-03 6.614890e-04 6.614890e-04 1.962388e-09 1.962388e-09
11 4.623402e-03 4.884474e-03 4.884469e-03 4.884469e-03 4.884469e-03 2.610673e-04 2.610673e-04 5.090523e-09 5.090523e-09
12 5.637312e-03 4.884500e-03 4.884469e-03 4.884469e-03 4.884469e-03 7.528432e-04 7.528432e-04 3.102841e-08 3.102841e-08
13 6.271883e-03 6.105612e-03 6.105602e-03 6.105602e-03 6.105602e-03 1.662813e-04 1.662813e-04 1.086308e-08 1.086308e-08
14 5.827086e-03 6.106952e-03 6.105602e-03 6.105602e-03 6.105602e-03 2.785153e-04 2.785153e-04 1.350760e-06 1.350760e-06
15 6.080851e-03 6.348536e-03 6.348456e-03 6.348456e-03 6.348456e-03 2.676044e-04 2.676044e-04 8.014384e-08 8.014384e-08
16 6.220622e-03 6.349217e-03 6.348456e-03 6.348456e-03 6.348456e-03 1.278334e-04 1.278334e-04 7.616183e-07 7.616183e-07
17 7.423895e-03 7.081343e-03 7.081254e-03 7.081254e-03 7.081254e-03 3.426407e-04 3.426407e-04 8.894457e-08 8.894457e-08
18 6.498957e-03 7.083674e-03 7.081254e-03 7.081254e-03 7.081254e-03 5.822972e-04 5.822972e-04 2.419438e-06 2.419438e-06
19 8.920158e-03 7.818760e-03 7.814769e-03 7.814769e-03 7.814769e-03 1.105389e-03 1.105389e-03 3.990851e-06 3.990851e-06
20 7.806962e-03 8.302637e-03 8.302387e-03 8.302387e-03 8.302387e-03 4.954248e-04 4.954248e-04 2.507064e-07 2.507064e-07
21 8.274862e-03 8.307363e-03 8.302387e-03 8.302387e-03 8.302387e-03 2.752503e-05 2.752503e-05 4.976477e-06 4.976477e-06
22 8.975721e-03 9.033283e-03 9.032322e-03 9.032322e-03 9.032322e-03 5.660068e-05 5.660068e-05 9.612897e-07 9.612897e-07
23 9.343753e-03 9.063228e-03 9.032322e-03 9.032322e-03 9.032364e-03 3.114311e-04 3.114311e-04 3.090579e-05 3.090579e-05
24 9.387475e-03 9.772525e-03 9.765121e-03 9.765121e-03 9.765121e-03 3.776462e-04 3.776462e-04 7.404471e-06 7.404471e-06
25 1.018511e-02 9.835063e-03 9.765121e-03 9.765121e-03 9.768851e-03 4.199923e-04 4.199923e-04 6.994179e-05 6.994179e-05
26 1.030213e-02 1.003170e-02 1.001155e-02 1.001155e-02 1.001155e-02 2.905778e-04 2.905778e-04 2.014482e-05 2.014482e-05
27 1.052388e-02 1.009745e-02 1.001155e-02 1.001155e-02 1.098625e-02 5.123266e-04 5.123266e-04 8.589456e-05 8.589456e-05
28 1.041004e-02 1.100687e-02 1.098625e-02 1.098625e-02 1.100413e-02 5.762159e-04 5.762159e-04 2.061443e-05 2.061443e-05
29 1.022058e-02 1.144050e-02 1.098625e-02 1.098625e-02 1.220261e-02 7.656688e-04 7.656688e-04 4.542500e-04 4.542500e-04
30 1.222557e-02 1.244976e-02 1.220261e-02 1.220261e-02 1.220834e-02 2.295421e-05 2.295421e-05 2.471451e-04 2.471451e-04
31 1.249839e-02 1.283378e-02 1.220261e-02 1.220261e-02 1.269542e-02 2.957741e-04 2.957741e-04 6.311698e-04 6.311698e-04
