# Hello World! This is dune-eigensolver.
# hardware number of threads is 128 number of threads used is 1
# Smallest eigenvalues performance test

### gen: stw
000 9.844555726168e-16
001 5.604527277606e-03
002 5.604527277606e-03
003 8.364570214432e-03
004 1.867846170118e-02
005 1.998225826963e-02
006 1.998225826963e-02
007 2.019289152688e-02
008 3.249101501509e-02
009 3.360924859524e-02
010 3.360924859524e-02
011 3.488628760161e-02
012 4.663987840677e-02
013 4.820241822816e-02
014 4.820241822816e-02
015 4.983381272533e-02
016 6.142593639773e-02
017 6.335506560007e-02
018 6.335506560007e-02
019 6.536816369996e-02
020 7.676862034817e-02
021 7.904383260064e-02
022 7.904383260064e-02
023 8.140616165804e-02
024 9.261371133728e-02
025 9.521091095745e-02
026 9.521091095746e-02
027 9.789731682753e-02
028 1.089020601075e-01
029 1.117968227874e-01
030 1.117968227874e-01
031 1.147801942506e-01
032 1.255726189738e-01
033 1.287398638084e-01
034 1.287398638084e-01
035 1.319937750736e-01
036 1.425632822660e-01
037 1.459773832512e-01
038 1.459773832513e-01
039 1.494745433432e-01
040 1.598118170319e-01
041 1.634468147941e-01
042 1.634468147947e-01
043 1.671602908809e-01
044 1.772567260357e-01
045 1.810865951020e-01
046 1.810865951285e-01
047 1.849893418038e-01
048 1.948380306863e-01
049 1.988369652307e-01
050 1.988369652558e-01
051 2.029026000839e-01
052 2.124979588139e-01
053 2.166406530110e-01
054 2.166406534402e-01
055 2.208433404842e-01
056 2.301815312016e-01
057 2.344434352824e-01
058 2.344434392504e-01
059 2.387584103226e-01
060 2.478370206608e-01
061 2.521945842017e-01
062 2.521945913770e-01
063 2.565981382902e-01
064 2.654163844123e-01
065 2.698472072339e-01
066 2.698472208286e-01
067 2.743170068276e-01
068 2.828752850203e-01
069 2.873584217277e-01
070 2.873585422912e-01
071 2.918737598281e-01
072 3.001742798479e-01
073 3.046898493122e-01
074 3.046899816326e-01
075 3.092313558402e-01
076 3.172767155390e-01
077 3.218065522216e-01
078 3.218110386946e-01
079 3.263562056252e-01
080 3.341505519356e-01
081 3.386799187889e-01
082 3.386839142754e-01
083 3.432256169585e-01
084 3.507692925998e-01
085 3.552833395414e-01
086 3.553082729043e-01
087 3.598097600992e-01
088 3.671307017108e-01
089 3.716007951784e-01
090 3.716142147525e-01
091 3.761169641499e-01
092 3.832001891046e-01
093 3.876358936964e-01
094 3.878011430609e-01
095 3.920768526564e-01
096 3.990281184565e-01
097 4.033487695085e-01
098 4.034707142437e-01
099 4.078450398888e-01
100 4.144050242655e-01
101 4.190030533729e-01
102 4.191921292614e-01
103 4.233150118517e-01
104 4.297036742262e-01
105 4.338442262597e-01
106 4.345339642588e-01
107 4.386598302813e-01
108 4.449531405001e-01
109 4.485954509004e-01
110 4.489977724278e-01
111 4.555510491177e-01
112 4.595477041222e-01
113 4.643052271922e-01
114 4.657484534943e-01
115 4.685858698419e-01
116 4.753062944669e-01
117 4.781872035356e-01
118 4.791901030463e-01
119 4.848647557035e-01
120 4.891064592647e-01
121 4.933741984142e-01
122 4.952301351626e-01
123 5.053672165085e-01
124 5.098048589782e-01
125 5.109643108240e-01
126 5.155633929168e-01
127 5.166134065236e-01
128 5.218755915186e-01
129 5.307018415461e-01
130 5.309483391019e-01
131 5.376074997468e-01
132 5.453260181574e-01
133 5.516657870605e-01
134 5.549676508182e-01
135 5.571816010828e-01
136 5.625231901447e-01
137 5.698828404132e-01
138 5.765339786233e-01
139 5.848002886677e-01
140 5.880654502164e-01
141 5.939375535448e-01
142 6.097085079885e-01
143 6.335864729266e-01
# rank: 0: Eigensolver elapsed time 8.726036236000e+00
# 8 8
