# Hello World! This is dune-eigensolver.
# hardware number of threads is 128 number of threads used is 1
# Smallest eigenvalues performance test

### gen: ftw
000 1.343977013013e-15
001 5.604527277606e-03
002 5.604527277606e-03
003 8.364570214432e-03
004 1.867846173879e-02
005 1.999491718552e-02
006 2.001434684606e-02
007 2.014814399696e-02
008 3.249157373632e-02
009 3.360872786414e-02
010 3.360925280105e-02
011 3.488624540568e-02
012 4.663995641394e-02
013 4.820241889623e-02
014 4.820264630101e-02
015 4.983350597722e-02
016 6.142614195852e-02
017 6.335775657838e-02
018 6.336833192263e-02
019 6.535200083830e-02
020 7.676878090004e-02
021 7.904469053396e-02
022 7.904845799561e-02
023 8.140051777789e-02
024 9.263469349680e-02
025 9.520339142108e-02
026 9.520340749629e-02
027 9.789135766658e-02
028 1.089037900315e-01
029 1.117967203232e-01
030 1.118151598483e-01
031 1.147602297453e-01
032 1.264579439048e-01
033 1.279158479766e-01
034 1.286959155759e-01
035 1.319764143390e-01
036 1.425645532917e-01
037 1.459780069878e-01
038 1.460322584557e-01
039 1.494177732511e-01
040 1.598812917557e-01
041 1.634281565540e-01
042 1.634844092477e-01
043 1.670719585651e-01
044 1.772667284594e-01
045 1.810866522864e-01
046 1.815060724335e-01
047 1.845597303876e-01
048 1.948727554015e-01
049 1.988363131206e-01
050 1.988395266730e-01
051 2.028659627904e-01
052 2.125998020304e-01
053 2.165746151476e-01
054 2.170934811402e-01
055 2.203661407828e-01
056 2.302072179206e-01
057 2.344125618566e-01
058 2.347467912827e-01
059 2.384586851406e-01
060 2.480608726542e-01
061 2.519813718917e-01
062 2.522193272831e-01
063 2.565564650236e-01
064 2.655083999725e-01
065 2.697868390325e-01
066 2.698308314187e-01
067 2.742991500625e-01
068 2.829478820007e-01
069 2.873328013490e-01
070 2.873553572607e-01
071 2.918293975371e-01
072 3.023170464079e-01
073 3.031744415025e-01
074 3.041310771174e-01
075 3.098706915640e-01
076 3.166471374038e-01
077 3.218327484791e-01
078 3.224205803463e-01
079 3.264947179566e-01
080 3.342568349440e-01
081 3.377570978042e-01
082 3.387696756240e-01
083 3.430907877900e-01
084 3.507500501833e-01
085 3.552909834344e-01
086 3.553480977457e-01
087 3.597499630980e-01
088 3.688085279368e-01
089 3.710610294816e-01
090 3.719290104871e-01
091 3.745216196884e-01
092 3.831194913040e-01
093 3.876325247028e-01
094 3.895211053559e-01
095 3.935593473472e-01
096 3.983570613561e-01
097 4.013477960234e-01
098 4.021002229575e-01
099 4.104284720620e-01
100 4.116328190938e-01
101 4.202714595245e-01
102 4.203087013616e-01
103 4.228987381713e-01
104 4.272307743427e-01
105 4.322988018270e-01
106 4.344348219939e-01
107 4.365313588980e-01
108 4.439407342115e-01
109 4.484406347249e-01
110 4.486966417344e-01
111 4.520153424537e-01
112 4.596244697208e-01
113 4.610603629730e-01
114 4.631270439624e-01
115 4.681653589432e-01
116 4.698564566363e-01
117 4.764863078336e-01
118 4.765246326601e-01
119 4.826633806141e-01
120 4.826846749754e-01
121 4.900537885191e-01
122 4.916780702368e-01
123 4.919357620084e-01
124 5.010893409434e-01
125 5.031148781053e-01
126 5.036799131742e-01
127 5.046905770533e-01
128 5.126078180415e-01
129 5.148647528035e-01
130 5.169210089518e-01
131 5.188886116283e-01
132 5.250192337829e-01
133 5.284566435732e-01
134 5.293451329770e-01
135 5.304267810838e-01
136 5.364556387989e-01
137 5.399443146348e-01
138 5.405467000942e-01
139 5.480674829151e-01
140 5.481164301909e-01
141 5.520248177428e-01
142 5.520313971368e-01
143 5.546152462557e-01
# rank: 0: Eigensolver elapsed time 7.939953302200e+01
# 8 8
