# Hello World! This is dune-eigensolver.
# hardware number of threads is 128 number of threads used is 4
# Smallest eigenvalues performance test

### gen: ftw
000 1.343977013013e-15
001 5.604527277606e-03
002 5.604527277606e-03
003 8.364570214432e-03
004 1.867905906126e-02
005 1.998534360085e-02
006 2.007062711301e-02
007 2.010083999222e-02
008 3.254393789409e-02
009 3.356262778009e-02
010 3.360992567055e-02
011 3.487930846246e-02
012 4.664699704756e-02
013 4.820248857920e-02
014 4.822446660602e-02
015 4.980457545189e-02
016 6.144598586582e-02
017 6.354510756730e-02
018 6.391314995901e-02
019 6.459998815409e-02
020 7.678009814655e-02
021 7.908313302427e-02
022 7.928410687386e-02
023 8.111511153408e-02
024 9.335655901979e-02
025 9.486484814898e-02
026 9.506997738459e-02
027 9.764443946122e-02
028 1.089652364341e-01
029 1.117924527793e-01
030 1.123517205384e-01
031 1.142307089507e-01
032 1.271137952216e-01
033 1.280402048394e-01
034 1.284365407882e-01
035 1.313968687734e-01
036 1.425938241721e-01
037 1.459960642816e-01
038 1.470032377165e-01
039 1.483991170824e-01
040 1.609724352948e-01
041 1.634617646055e-01
042 1.636820520171e-01
043 1.661944269008e-01
044 1.771343359654e-01
045 1.811032532284e-01
046 1.819414843814e-01
047 1.838054666459e-01
048 1.953536739572e-01
049 1.988508900292e-01
050 1.989072755150e-01
051 2.022979392371e-01
052 2.138180221896e-01
053 2.158302508367e-01
054 2.191863941459e-01
055 2.223661978520e-01
056 2.263695860431e-01
057 2.339512968112e-01
058 2.371241936325e-01
059 2.385889870186e-01
060 2.479438552871e-01
061 2.504115672025e-01
062 2.516152564525e-01
063 2.573802889363e-01
064 2.661537838745e-01
065 2.688241899622e-01
066 2.693026122797e-01
067 2.741563080889e-01
068 2.833225955910e-01
069 2.871161010667e-01
070 2.874978841745e-01
071 2.914992882102e-01
072 3.029444077587e-01
073 3.034430854581e-01
074 3.049063525001e-01
075 3.092865315918e-01
076 3.159437264524e-01
077 3.224844963393e-01
078 3.281337216392e-01
079 3.282537479756e-01
080 3.319543237322e-01
081 3.325910882042e-01
082 3.388966016742e-01
083 3.425931891394e-01
084 3.504156008896e-01
085 3.553623376193e-01
086 3.556418761616e-01
087 3.602499159932e-01
088 3.691328282117e-01
089 3.710591907817e-01
090 3.724050845520e-01
091 3.734802339268e-01
092 3.828876169937e-01
093 3.879998778244e-01
094 3.931075346025e-01
095 3.934440600810e-01
096 3.951272455110e-01
097 4.012221640463e-01
098 4.021854738476e-01
099 4.101316811504e-01
100 4.134920216053e-01
101 4.181029720913e-01
102 4.196264939391e-01
103 4.248341266222e-01
104 4.288605598260e-01
105 4.311798793905e-01
106 4.359222998769e-01
107 4.365111231798e-01
108 4.434921092013e-01
109 4.497231335896e-01
110 4.498998045229e-01
111 4.571049829358e-01
112 4.586381404396e-01
113 4.592927478705e-01
114 4.649223631340e-01
115 4.674693192601e-01
116 4.674907095355e-01
117 4.754383027647e-01
118 4.782135156059e-01
119 4.792461906127e-01
120 4.817378758638e-01
121 4.910128332228e-01
122 4.912449420617e-01
123 4.928684597865e-01
124 5.047101713923e-01
125 5.047914752534e-01
126 5.051014800593e-01
127 5.064100820981e-01
128 5.095260361599e-01
129 5.156762362843e-01
130 5.184489265412e-01
131 5.203841598320e-01
132 5.224495750241e-01
133 5.254101893261e-01
134 5.295560963366e-01
135 5.326695963895e-01
136 5.371344712205e-01
137 5.371990800770e-01
138 5.424799319665e-01
139 5.464990671544e-01
140 5.469663371230e-01
141 5.531789091063e-01
142 5.538441551056e-01
143 5.566255957059e-01
# rank: 0: Eigensolver elapsed time 3.645478592200e+01
# 8 8
