# Hello World! This is dune-eigensolver.
# hardware number of threads is 128 number of threads used is 1
# Smallest eigenvalues performance test

### gen: ftw
000 1.343977013013e-15
001 5.604527277606e-03
002 5.604527277606e-03
003 8.364570214432e-03
004 1.867846170118e-02
005 1.998405984382e-02
006 2.007077587812e-02
007 2.010257234422e-02
008 3.249101504087e-02
009 3.360924857010e-02
010 3.360924859530e-02
011 3.488628760092e-02
012 4.663987841104e-02
013 4.820241822819e-02
014 4.820241823900e-02
015 4.983381271018e-02
016 6.142593641734e-02
017 6.335506582901e-02
018 6.335506674881e-02
019 6.536816230266e-02
020 7.676862037309e-02
021 7.904383272487e-02
022 7.904383326910e-02
023 8.140616084043e-02
024 9.261371648784e-02
025 9.521090906658e-02
026 9.521090907891e-02
027 9.789731544640e-02
028 1.089020607465e-01
029 1.117968227307e-01
030 1.117968293930e-01
031 1.147801870627e-01
032 1.255732893904e-01
033 1.287392274144e-01
034 1.287398390610e-01
035 1.319937657984e-01
036 1.425632832639e-01
037 1.459773837376e-01
038 1.459774271176e-01
039 1.494744979922e-01
040 1.598118961176e-01
041 1.634467927027e-01
042 1.634468594444e-01
043 1.671601892320e-01
044 1.772567411605e-01
045 1.810865951439e-01
046 1.810873377082e-01
047 1.849885840005e-01
048 1.948381056359e-01
049 1.988369641456e-01
050 1.988369714937e-01
051 2.029025195565e-01
052 2.124982572243e-01
053 2.166404616687e-01
054 2.166421937563e-01
055 2.208416913792e-01
056 2.301816709531e-01
057 2.344433132761e-01
058 2.344447370913e-01
059 2.387570790832e-01
060 2.478382671098e-01
061 2.521934355342e-01
062 2.521947052376e-01
063 2.565978798340e-01
064 2.654169459532e-01
065 2.698467728448e-01
066 2.698470533595e-01
067 2.743168468664e-01
068 2.828758808099e-01
069 2.873580931578e-01
070 2.873582923350e-01
071 2.918730665124e-01
072 3.002618162150e-01
073 3.046084484929e-01
074 3.046824886956e-01
075 3.092302189585e-01
076 3.172761689396e-01
077 3.218059345920e-01
078 3.218140790818e-01
079 3.263456987865e-01
080 3.341647434278e-01
081 3.386604861483e-01
082 3.386784030979e-01
083 3.432158722015e-01
084 3.507650230747e-01
085 3.552767390668e-01
086 3.552780100878e-01
087 3.597936168077e-01
088 3.671362866816e-01
089 3.715664355735e-01
090 3.716196547659e-01
091 3.760084104483e-01
092 3.831992881731e-01
093 3.875131649846e-01
094 3.875819750879e-01
095 3.922195433446e-01
096 3.986871955829e-01
097 4.032106980850e-01
098 4.032173612471e-01
099 4.076540400350e-01
100 4.142109575684e-01
101 4.185881588890e-01
102 4.186056245869e-01
103 4.228031254486e-01
104 4.292876071379e-01
105 4.335512787841e-01
106 4.341692307078e-01
107 4.371238459528e-01
108 4.439744428470e-01
109 4.481624420408e-01
110 4.481924253676e-01
111 4.522702835269e-01
112 4.587831589406e-01
113 4.619464034498e-01
114 4.634520140567e-01
115 4.654831496921e-01
116 4.722770661910e-01
117 4.762895483839e-01
118 4.763213521133e-01
119 4.803889066164e-01
120 4.857730117230e-01
121 4.898357647263e-01
122 4.901180249177e-01
123 4.934393489277e-01
124 5.009325477890e-01
125 5.021558894713e-01
126 5.024051892492e-01
127 5.064759939610e-01
128 5.122169203006e-01
129 5.156892778578e-01
130 5.159451613759e-01
131 5.193539908672e-01
132 5.246676548001e-01
133 5.283920775045e-01
134 5.296638638763e-01
135 5.302516574133e-01
136 5.368746369915e-01
137 5.403115154734e-01
138 5.403652704980e-01
139 5.450175578991e-01
140 5.491196182311e-01
141 5.509102215606e-01
142 5.517467529359e-01
143 5.556446537923e-01
# rank: 0: Eigensolver elapsed time 1.729967038960e+02
# 8 8
