# Hello World! This is dune-eigensolver.
# hardware number of threads is 128 number of threads used is 1
# Smallest eigenvalues performance test

### gen: ftw
000 1.340941246930e-15
001 5.604527277606e-03
002 5.604527277606e-03
003 8.364570214432e-03
004 1.867846170118e-02
005 1.998226391920e-02
006 1.998274310047e-02
007 2.019240104649e-02
008 3.249101501509e-02
009 3.360924859524e-02
010 3.360924859524e-02
011 3.488628760161e-02
012 4.663987840676e-02
013 4.820241822816e-02
014 4.820241822816e-02
015 4.983381272532e-02
016 6.142593639773e-02
017 6.335506560007e-02
018 6.335506560007e-02
019 6.536816369996e-02
020 7.676862034817e-02
021 7.904383260064e-02
022 7.904383260064e-02
023 8.140616165804e-02
024 9.261371133727e-02
025 9.521091095746e-02
026 9.521091095746e-02
027 9.789731682753e-02
028 1.089020601075e-01
029 1.117968227874e-01
030 1.117968227874e-01
031 1.147801942506e-01
032 1.255726189742e-01
033 1.287398638080e-01
034 1.287398638083e-01
035 1.319937750736e-01
036 1.425632822659e-01
037 1.459773832512e-01
038 1.459773832512e-01
039 1.494745433430e-01
040 1.598118170314e-01
041 1.634468147932e-01
042 1.634468147933e-01
043 1.671602908789e-01
044 1.772567260293e-01
045 1.810865950977e-01
046 1.810865951013e-01
047 1.849893417847e-01
048 1.948380306331e-01
049 1.988369651517e-01
050 1.988369651517e-01
051 2.029025998952e-01
052 2.124979584821e-01
053 2.166406527228e-01
054 2.166406527499e-01
055 2.208433400355e-01
056 2.301815262253e-01
057 2.344434341885e-01
058 2.344434342277e-01
059 2.387584056868e-01
060 2.478370127207e-01
061 2.521945767315e-01
062 2.521945767876e-01
063 2.565981214889e-01
064 2.654163220542e-01
065 2.698471650774e-01
066 2.698471650974e-01
067 2.743169668070e-01
068 2.828752409379e-01
069 2.873583188398e-01
070 2.873583188624e-01
071 2.918734540255e-01
072 3.001736123258e-01
073 3.046892956867e-01
074 3.046893095965e-01
075 3.092304457707e-01
076 3.172753208938e-01
077 3.218055963640e-01
078 3.218055988935e-01
079 3.263549540491e-01
080 3.341484509399e-01
081 3.386767582431e-01
082 3.386767660002e-01
083 3.432182269584e-01
084 3.507650077876e-01
085 3.552764312843e-01
086 3.552764321548e-01
087 3.597954564027e-01
088 3.671009653485e-01
089 3.715820523162e-01
090 3.715821064244e-01
091 3.760656604308e-01
092 3.835023282628e-01
093 3.872083110242e-01
094 3.875748099855e-01
095 3.920116420572e-01
096 3.988528992900e-01
097 4.032391297939e-01
098 4.032391421124e-01
099 4.076192583025e-01
100 4.142382277499e-01
101 4.185629999644e-01
102 4.185630486031e-01
103 4.228774300479e-01
104 4.292813725027e-01
105 4.335367337170e-01
106 4.335394087050e-01
107 4.377758839703e-01
108 4.439742893147e-01
109 4.481537171488e-01
110 4.481538650234e-01
111 4.523166558877e-01
112 4.583146789739e-01
113 4.624064968376e-01
114 4.624829734829e-01
115 4.664155043523e-01
116 4.722900880567e-01
117 4.763019978556e-01
118 4.763022622263e-01
119 4.802934219940e-01
120 4.859077688528e-01
121 4.898309297093e-01
122 4.898340841958e-01
123 4.937280742305e-01
124 4.993963440496e-01
125 5.027852564203e-01
126 5.029833219229e-01
127 5.067998089651e-01
128 5.120688650194e-01
129 5.158019179381e-01
130 5.158059400703e-01
131 5.195126982949e-01
132 5.246131150199e-01
133 5.282572697783e-01
134 5.283547402759e-01
135 5.317651605474e-01
136 5.368088497991e-01
137 5.403525978804e-01
138 5.403537661469e-01
139 5.438818299374e-01
140 5.486848070162e-01
141 5.520764450768e-01
142 5.521028947417e-01
143 5.555307804183e-01
# rank: 0: Eigensolver elapsed time 3.520405743690e+02
# 8 8
