# Hello World! This is dune-eigensolver.
# hardware number of threads is 128 number of threads used is 8
# Smallest eigenvalues performance test

### gen: ftw
000 -7.654467337748e-17
001 5.604545650454e-03
002 5.606345406855e-03
003 8.362733728438e-03
004 1.891587095241e-02
005 1.993873867087e-02
006 1.994818344998e-02
007 2.003419517475e-02
008 3.300824004092e-02
009 3.330945380787e-02
010 3.363014353501e-02
011 3.469346655463e-02
012 4.672049607427e-02
013 4.822472535133e-02
014 4.857805649740e-02
015 5.472517527978e-02
016 5.702493558582e-02
017 6.351671905014e-02
018 6.428558497869e-02
019 6.545998109334e-02
020 7.519927240488e-02
021 8.010224855102e-02
022 8.019556895608e-02
023 8.254986550336e-02
024 9.292256433048e-02
025 9.582780644640e-02
026 9.627039910336e-02
027 1.031643965881e-01
028 1.050299937368e-01
029 1.071729097535e-01
030 1.155894663666e-01
031 1.197091244919e-01
032 1.235657669019e-01
033 1.273528133487e-01
034 1.274502593428e-01
035 1.374723594991e-01
036 1.376983830152e-01
037 1.429577153070e-01
038 1.509747884472e-01
039 1.520910112729e-01
040 1.564907508756e-01
041 1.620823274293e-01
042 1.642614887865e-01
043 1.749242106679e-01
044 1.749442874986e-01
045 1.801337486971e-01
046 1.833111126977e-01
047 1.860820962321e-01
048 1.877405561228e-01
049 1.977017323852e-01
050 2.028779375435e-01
051 2.063825962572e-01
052 2.149810806199e-01
053 2.175601193986e-01
054 2.200457104909e-01
055 2.290202862078e-01
056 2.318727773181e-01
057 2.356637750398e-01
058 2.368948345502e-01
059 2.434257742010e-01
060 2.436422914955e-01
061 2.459153056937e-01
062 2.583555268697e-01
063 2.591289734316e-01
064 2.632210954932e-01
065 2.699064956926e-01
066 2.703293062371e-01
067 2.787855409433e-01
068 2.788828343060e-01
069 2.904011165786e-01
070 2.916736533505e-01
071 2.931509178931e-01
072 2.945888173409e-01
073 2.974598366417e-01
074 3.098182192654e-01
075 3.130314956775e-01
076 3.146751726808e-01
077 3.231393221463e-01
078 3.241160631628e-01
079 3.321776512541e-01
080 3.341455018104e-01
081 3.384810681174e-01
082 3.440189607808e-01
083 3.454103320797e-01
084 3.477411408939e-01
085 3.525830452659e-01
086 3.606503451186e-01
087 3.637344012281e-01
088 3.730323560245e-01
089 3.830443009662e-01
090 3.834936226118e-01
091 3.837023537815e-01
092 3.872771346010e-01
093 3.876698129893e-01
094 3.918145738596e-01
095 3.919091429321e-01
096 3.968111831179e-01
097 4.010800898211e-01
098 4.041242870034e-01
099 4.052823205370e-01
100 4.181447988274e-01
101 4.184319262553e-01
102 4.276242385083e-01
103 4.280248335998e-01
104 4.283834419859e-01
105 4.373417681002e-01
106 4.387080848980e-01
107 4.442035442081e-01
108 4.478711706816e-01
109 4.499613090731e-01
110 4.503028813674e-01
111 4.533347795002e-01
112 4.551581845379e-01
113 4.612682794087e-01
114 4.639888873084e-01
115 4.656044198601e-01
116 4.692555275570e-01
117 4.737558621709e-01
118 4.750525346448e-01
119 4.854571854746e-01
120 4.880860839628e-01
121 4.911747906265e-01
122 5.038505545055e-01
123 5.075568965228e-01
124 5.093438080646e-01
125 5.110250814224e-01
126 5.114600920182e-01
127 5.115394022218e-01
128 5.124207748303e-01
129 5.147339261453e-01
130 5.181411286693e-01
131 5.201270683306e-01
132 5.292364207343e-01
133 5.317805072766e-01
134 5.333257589408e-01
135 5.361774958414e-01
136 5.382157824892e-01
137 5.398950292540e-01
138 5.411082806364e-01
139 5.429426091883e-01
140 5.512318759808e-01
141 5.587371527267e-01
142 5.651875160446e-01
143 5.655818785348e-01
# rank: 0: Eigensolver elapsed time 9.676562805000e+00
# 8 8
