# Hello World! This is dune-eigensolver.
# hardware number of threads is 128 number of threads used is 128
# Smallest eigenvalues performance test

### gen: stw
000 1.345928576924e-15
001 5.604527277606e-03
002 5.604527277606e-03
003 8.364570214432e-03
004 1.867846170118e-02
005 1.998225826963e-02
006 1.998225826963e-02
007 2.019289152688e-02
008 3.249101501509e-02
009 3.360924859524e-02
010 3.360924859525e-02
011 3.488628760161e-02
012 4.663987840677e-02
013 4.820241822816e-02
014 4.820241822816e-02
015 4.983381272533e-02
016 6.142593639773e-02
017 6.335506560007e-02
018 6.335506560007e-02
019 6.536816369996e-02
020 7.676862034817e-02
021 7.904383260064e-02
022 7.904383260064e-02
023 8.140616165804e-02
024 9.261371133729e-02
025 9.521091095747e-02
026 9.521091095749e-02
027 9.789731682756e-02
028 1.089020601076e-01
029 1.117968227877e-01
030 1.117968227879e-01
031 1.147801942510e-01
032 1.255726189753e-01
033 1.287398638110e-01
034 1.287398638134e-01
035 1.319937750781e-01
036 1.425632822826e-01
037 1.459773832796e-01
038 1.459773832954e-01
039 1.494745433780e-01
040 1.598118171914e-01
041 1.634468149563e-01
042 1.634468150839e-01
043 1.671602912109e-01
044 1.772567269324e-01
045 1.810865958940e-01
046 1.810865990270e-01
047 1.849893437584e-01
048 1.948380365843e-01
049 1.988369733429e-01
050 1.988369753958e-01
051 2.029026140273e-01
052 2.124979815486e-01
053 2.166406744531e-01
054 2.166406959280e-01
055 2.208433713967e-01
056 2.301817395496e-01
057 2.344435080138e-01
058 2.344436221552e-01
059 2.387586013382e-01
060 2.478373112664e-01
061 2.521949601212e-01
062 2.521950607010e-01
063 2.565987033857e-01
064 2.654179359506e-01
065 2.698482765046e-01
066 2.698488146323e-01
067 2.743181184285e-01
068 2.828770357981e-01
069 2.873615677017e-01
070 2.873637497135e-01
071 2.918810725611e-01
072 3.001853518321e-01
073 3.046997311069e-01
074 3.047012331965e-01
075 3.092458096011e-01
076 3.172963554757e-01
077 3.218214232046e-01
078 3.218626165845e-01
079 3.263757158230e-01
080 3.341791023775e-01
081 3.387266936718e-01
082 3.387539973396e-01
083 3.433062391470e-01
084 3.508122756926e-01
085 3.553610913631e-01
086 3.555607590628e-01
087 3.599337236799e-01
088 3.673367813701e-01
089 3.717455363142e-01
090 3.718763980113e-01
091 3.764776574614e-01
092 3.837238610439e-01
093 3.880769056714e-01
094 3.890796048057e-01
095 3.926014854499e-01
096 3.997818707038e-01
097 4.040210195877e-01
098 4.046492928564e-01
099 4.093163310570e-01
100 4.152708643626e-01
101 4.206112969144e-01
102 4.220950007862e-01
103 4.255525891280e-01
104 4.315747164372e-01
105 4.355754980513e-01
106 4.386081453698e-01
107 4.414758851462e-01
108 4.481477457784e-01
109 4.508023969452e-01
110 4.525554398557e-01
111 4.618619047755e-01
112 4.653808760301e-01
113 4.692705138785e-01
114 4.737443092909e-01
115 4.753446939604e-01
116 4.832044797655e-01
117 4.858280182372e-01
118 4.889444303375e-01
119 4.958365846308e-01
120 4.976532609788e-01
121 5.048782167786e-01
122 5.090615784904e-01
123 5.219450854772e-01
124 5.262544322270e-01
125 5.324094315404e-01
126 5.345492789914e-01
127 5.437631940741e-01
128 5.537525475310e-01
129 5.590003959538e-01
130 5.622116272400e-01
131 5.783912651368e-01
132 5.839329659665e-01
133 5.884067517337e-01
134 5.938485184543e-01
135 6.200460509019e-01
136 6.339594858926e-01
137 6.568377558840e-01
138 6.629631354698e-01
139 6.707091808112e-01
140 7.022070477011e-01
141 7.072096507580e-01
142 7.480506812083e-01
143 7.636705896972e-01
# rank: 0: Eigensolver elapsed time 5.665045082500e+01
# 8 8
