# Hello World! This is dune-eigensolver.
# hardware number of threads is 128 number of threads used is 64
# Smallest eigenvalues performance test

### gen: stw
000 8.456776945387e-16
001 5.604527277605e-03
002 5.604527277606e-03
003 8.364570214432e-03
004 1.867846170118e-02
005 1.998225826963e-02
006 1.998225826963e-02
007 2.019289152688e-02
008 3.249101501509e-02
009 3.360924859524e-02
010 3.360924859525e-02
011 3.488628760161e-02
012 4.663987840677e-02
013 4.820241822816e-02
014 4.820241822816e-02
015 4.983381272533e-02
016 6.142593639773e-02
017 6.335506560007e-02
018 6.335506560007e-02
019 6.536816369996e-02
020 7.676862034821e-02
021 7.904383260069e-02
022 7.904383260070e-02
023 8.140616165813e-02
024 9.261371133812e-02
025 9.521091095841e-02
026 9.521091095940e-02
027 9.789731682890e-02
028 1.089020601129e-01
029 1.117968227969e-01
030 1.117968228052e-01
031 1.147801942653e-01
032 1.255726190218e-01
033 1.287398638889e-01
034 1.287398639510e-01
035 1.319937752079e-01
036 1.425632826905e-01
037 1.459773839561e-01
038 1.459773842119e-01
039 1.494745441245e-01
040 1.598118198113e-01
041 1.634468176435e-01
042 1.634468198377e-01
043 1.671602964677e-01
044 1.772567390962e-01
045 1.810866087839e-01
046 1.810866494862e-01
047 1.849893681468e-01
048 1.948381082671e-01
049 1.988370612876e-01
050 1.988370915588e-01
051 2.029027424912e-01
052 2.124982080597e-01
053 2.166408800622e-01
054 2.166410773625e-01
055 2.208436948441e-01
056 2.301831681468e-01
057 2.344441878652e-01
058 2.344448433100e-01
059 2.387599473920e-01
060 2.478391961570e-01
061 2.521976511899e-01
062 2.521985151568e-01
063 2.566024505457e-01
064 2.654259261029e-01
065 2.698545241338e-01
066 2.698588122541e-01
067 2.743246941035e-01
068 2.828897173380e-01
069 2.873798691509e-01
070 2.873925392686e-01
071 2.919213762153e-01
072 3.002353141881e-01
073 3.047452739082e-01
074 3.047477668913e-01
075 3.093126615511e-01
076 3.173842834452e-01
077 3.218884542899e-01
078 3.220167812902e-01
079 3.264607177376e-01
080 3.343070205827e-01
081 3.389243720602e-01
082 3.389844192239e-01
083 3.435931127357e-01
084 3.509832022126e-01
085 3.556599821838e-01
086 3.562955992868e-01
087 3.603629077549e-01
088 3.679131242528e-01
089 3.722204610539e-01
090 3.727511542093e-01
091 3.774108629437e-01
092 3.853065060473e-01
093 3.893572045808e-01
094 3.921975952197e-01
095 3.942558493024e-01
096 4.013971819570e-01
097 4.056980969882e-01
098 4.076379602015e-01
099 4.132719717603e-01
100 4.177000390658e-01
101 4.241218457229e-01
102 4.286591207288e-01
103 4.302202349829e-01
104 4.362347348962e-01
105 4.408833699557e-01
106 4.450473150960e-01
107 4.492521624992e-01
108 4.547401173634e-01
109 4.566973982641e-01
110 4.610412388019e-01
111 4.694050752506e-01
112 4.763669187495e-01
113 4.837664097912e-01
114 4.868602398565e-01
115 4.920350471339e-01
116 4.983733161789e-01
117 5.040215536906e-01
118 5.086890772622e-01
119 5.152782362997e-01
120 5.170073441984e-01
121 5.278694176708e-01
122 5.415130725109e-01
123 5.530843568159e-01
124 5.633837407699e-01
125 5.745858773785e-01
126 5.788572182160e-01
127 5.866687851925e-01
128 5.990589176845e-01
129 6.197307203646e-01
130 6.267910862555e-01
131 6.400311326693e-01
132 6.512752249854e-01
133 6.591541805367e-01
134 6.652617516102e-01
135 7.119966213180e-01
136 7.227573305375e-01
137 7.625196029354e-01
138 7.673436529231e-01
139 7.757059269703e-01
140 8.106956605192e-01
141 8.196643946978e-01
142 8.509320078413e-01
143 8.616415990768e-01
# rank: 0: Eigensolver elapsed time 1.780207612700e+01
# 8 8
