# Hello World! This is dune-eigensolver.
# hardware number of threads is 128 number of threads used is 1
# Smallest eigenvalues performance test

### gen: stw
000 1.147736419793e-15
001 5.604527277606e-03
002 5.604527277606e-03
003 8.364570214432e-03
004 1.867846170118e-02
005 1.998225826963e-02
006 1.998225826964e-02
007 2.019289152688e-02
008 3.249101501509e-02
009 3.360924859524e-02
010 3.360924859524e-02
011 3.488628760161e-02
012 4.663987840676e-02
013 4.820241822816e-02
014 4.820241822816e-02
015 4.983381272532e-02
016 6.142593639773e-02
017 6.335506560007e-02
018 6.335506560007e-02
019 6.536816369996e-02
020 7.676862034817e-02
021 7.904383260064e-02
022 7.904383260064e-02
023 8.140616165804e-02
024 9.261371133727e-02
025 9.521091095746e-02
026 9.521091095746e-02
027 9.789731682753e-02
028 1.089020601075e-01
029 1.117968227874e-01
030 1.117968227874e-01
031 1.147801942506e-01
032 1.255726189738e-01
033 1.287398638084e-01
034 1.287398638084e-01
035 1.319937750736e-01
036 1.425632822659e-01
037 1.459773832512e-01
038 1.459773832512e-01
039 1.494745433430e-01
040 1.598118170312e-01
041 1.634468147932e-01
042 1.634468147932e-01
043 1.671602908792e-01
044 1.772567260292e-01
045 1.810865950977e-01
046 1.810865950978e-01
047 1.849893417883e-01
048 1.948380306326e-01
049 1.988369651518e-01
050 1.988369651518e-01
051 2.029025998962e-01
052 2.124979584786e-01
053 2.166406527263e-01
054 2.166406527280e-01
055 2.208433400629e-01
056 2.301815262449e-01
057 2.344434341954e-01
058 2.344434342212e-01
059 2.387584057480e-01
060 2.478370127201e-01
061 2.521945768285e-01
062 2.521945769111e-01
063 2.565981216365e-01
064 2.654163226573e-01
065 2.698471655565e-01
066 2.698471657554e-01
067 2.743169672587e-01
068 2.828752413055e-01
069 2.873583200439e-01
070 2.873583220457e-01
071 2.918734589966e-01
072 3.001736108424e-01
073 3.046893223184e-01
074 3.046893248947e-01
075 3.092304699388e-01
076 3.172753643444e-01
077 3.218056234552e-01
078 3.218057865248e-01
079 3.263549959886e-01
080 3.341485275800e-01
081 3.386768752860e-01
082 3.386770981352e-01
083 3.432185544821e-01
084 3.507652390763e-01
085 3.552767928887e-01
086 3.552782302833e-01
087 3.597963148750e-01
088 3.671028911801e-01
089 3.715834984715e-01
090 3.715845809405e-01
091 3.760692972491e-01
092 3.831402486786e-01
093 3.875797732679e-01
094 3.875978465145e-01
095 3.920168897675e-01
096 3.988742055265e-01
097 4.032499170485e-01
098 4.032687302792e-01
099 4.076425133159e-01
100 4.142615482132e-01
101 4.186304559974e-01
102 4.186427150855e-01
103 4.229279653344e-01
104 4.293485234970e-01
105 4.335804711193e-01
106 4.337014069009e-01
107 4.379558338566e-01
108 4.441861626034e-01
109 4.482250718944e-01
110 4.483122563830e-01
111 4.532906894678e-01
112 4.586025789594e-01
113 4.628760224553e-01
114 4.633937084902e-01
115 4.670464374302e-01
116 4.731244320120e-01
117 4.768148821998e-01
118 4.770901730635e-01
119 4.816401723534e-01
120 4.869266056661e-01
121 4.907801368334e-01
122 4.920346940040e-01
123 4.986147899808e-01
124 5.041829132131e-01
125 5.056987799895e-01
126 5.068527138434e-01
127 5.116739660483e-01
128 5.160161539814e-01
129 5.220644946187e-01
130 5.235613910875e-01
131 5.261138353326e-01
132 5.347812391836e-01
133 5.381080718760e-01
134 5.441530857141e-01
135 5.457030294488e-01
136 5.478615722597e-01
137 5.481743255781e-01
138 5.560307856923e-01
139 5.613553409646e-01
140 5.638852378791e-01
141 5.664287563010e-01
142 5.750931393010e-01
143 5.943574239434e-01
# rank: 0: Eigensolver elapsed time 1.095444268300e+01
# 8 8
