# Hello World! This is dune-eigensolver.
# hardware number of threads is 128 number of threads used is 1
# Smallest eigenvalues performance test

### gen: ftw
000 4.490765398435e-16
001 5.605740090293e-03
002 5.719587611976e-03
003 8.248597038887e-03
004 1.915371418279e-02
005 1.983142054686e-02
006 2.002499953662e-02
007 2.030582665343e-02
008 3.304842099121e-02
009 3.317692981466e-02
010 3.418712720190e-02
011 3.560289832926e-02
012 4.609148585996e-02
013 4.838019195612e-02
014 4.973379294965e-02
015 5.110986488349e-02
016 6.040253604907e-02
017 6.331766335528e-02
018 6.427513192624e-02
019 6.889933665632e-02
020 7.298051210665e-02
021 8.018204686874e-02
022 8.378174435969e-02
023 8.629656312027e-02
024 9.136481683035e-02
025 9.660887672262e-02
026 9.773968092831e-02
027 1.009266433640e-01
028 1.084737386577e-01
029 1.106841808330e-01
030 1.169243698159e-01
031 1.169343426493e-01
032 1.245325291843e-01
033 1.257123697547e-01
034 1.271093766976e-01
035 1.388419279608e-01
036 1.433325153583e-01
037 1.438642100582e-01
038 1.520828827026e-01
039 1.566487807449e-01
040 1.592085453371e-01
041 1.597321775153e-01
042 1.606483238638e-01
043 1.698091428722e-01
044 1.786533341322e-01
045 1.801047985343e-01
046 1.836847940159e-01
047 1.870249946068e-01
048 1.943737422087e-01
049 2.006198296244e-01
050 2.045677998963e-01
051 2.176195787943e-01
052 2.197499664948e-01
053 2.202204741259e-01
054 2.216176499336e-01
055 2.220135657190e-01
056 2.302870569655e-01
057 2.365415015754e-01
058 2.394922749174e-01
059 2.413095454649e-01
060 2.442849064448e-01
061 2.444892007888e-01
062 2.493102793267e-01
063 2.687206190935e-01
064 2.729851741639e-01
065 2.800625382204e-01
066 2.818721209441e-01
067 2.829726123638e-01
068 2.835124979373e-01
069 2.863970865844e-01
070 2.928526274331e-01
071 2.932322434675e-01
072 2.990135379499e-01
073 3.067936572415e-01
074 3.202756230657e-01
075 3.216092262030e-01
076 3.231588802913e-01
077 3.297875357085e-01
078 3.368591435709e-01
079 3.374933775207e-01
080 3.383223144245e-01
081 3.414416741993e-01
082 3.445479731735e-01
083 3.445725227584e-01
084 3.498890458579e-01
085 3.557819920639e-01
086 3.717508503692e-01
087 3.817697205956e-01
088 3.845174860818e-01
089 3.852935797512e-01
090 3.868488821344e-01
091 3.900495430410e-01
092 3.920042558529e-01
093 3.953520807662e-01
094 3.959087744196e-01
095 3.987942450638e-01
096 4.011844458062e-01
097 4.072398514636e-01
098 4.138397813951e-01
099 4.146569655655e-01
100 4.340721873921e-01
101 4.415404469912e-01
102 4.419816363099e-01
103 4.559887369682e-01
104 4.562064836651e-01
105 4.567935213808e-01
106 4.615493309326e-01
107 4.700962380710e-01
108 4.738795534911e-01
109 4.753138926361e-01
110 4.789728099863e-01
111 4.813782589448e-01
112 4.828922879936e-01
113 4.856007190428e-01
114 4.904940273144e-01
115 5.095197871840e-01
116 5.113898211848e-01
117 5.167814345172e-01
118 5.237914290059e-01
119 5.351204396033e-01
120 5.446774681719e-01
121 5.672744285204e-01
122 5.730215949033e-01
123 5.742779834393e-01
124 5.772951665856e-01
125 5.920036590578e-01
126 6.035052528496e-01
127 6.070265742705e-01
128 6.154406528578e-01
129 6.227012506495e-01
130 6.274992145375e-01
131 6.276979402554e-01
132 6.281725431876e-01
133 6.431284409706e-01
134 6.671277007060e-01
135 6.673523711763e-01
136 6.685286754525e-01
137 6.770335702776e-01
138 6.792296697045e-01
139 6.818854648204e-01
140 7.165890436505e-01
141 7.227577273788e-01
142 7.233656294455e-01
143 7.413618726828e-01
# rank: 0: Eigensolver elapsed time 5.595935339000e+00
# 8 8
