# Hello World! This is dune-eigensolver.
# hardware number of threads is 128 number of threads used is 32
# Smallest eigenvalues performance test

### gen: stw
000 1.147302738924e-15
001 5.604527277606e-03
002 5.604527277606e-03
003 8.364570214432e-03
004 1.867846170118e-02
005 1.998225826963e-02
006 1.998225826963e-02
007 2.019289152688e-02
008 3.249101501509e-02
009 3.360924859524e-02
010 3.360924859525e-02
011 3.488628760161e-02
012 4.663987840677e-02
013 4.820241822816e-02
014 4.820241822816e-02
015 4.983381272533e-02
016 6.142593639773e-02
017 6.335506560007e-02
018 6.335506560007e-02
019 6.536816369996e-02
020 7.676862034817e-02
021 7.904383260064e-02
022 7.904383260064e-02
023 8.140616165804e-02
024 9.261371133728e-02
025 9.521091095746e-02
026 9.521091095746e-02
027 9.789731682754e-02
028 1.089020601075e-01
029 1.117968227874e-01
030 1.117968227874e-01
031 1.147801942506e-01
032 1.255726189739e-01
033 1.287398638085e-01
034 1.287398638086e-01
035 1.319937750738e-01
036 1.425632822667e-01
037 1.459773832525e-01
038 1.459773832535e-01
039 1.494745433449e-01
040 1.598118170415e-01
041 1.634468148043e-01
042 1.634468148127e-01
043 1.671602909016e-01
044 1.772567261019e-01
045 1.810865951516e-01
046 1.810865954272e-01
047 1.849893419552e-01
048 1.948380311666e-01
049 1.988369659235e-01
050 1.988369661150e-01
051 2.029026014760e-01
052 2.124979610751e-01
053 2.166406550828e-01
054 2.166406579408e-01
055 2.208433434026e-01
056 2.301815575477e-01
057 2.344434425710e-01
058 2.344434636620e-01
059 2.387584343168e-01
060 2.478370591891e-01
061 2.521946267021e-01
062 2.521946543723e-01
063 2.565982139767e-01
064 2.654166265252e-01
065 2.698473699233e-01
066 2.698474446965e-01
067 2.743171685221e-01
068 2.828754976781e-01
069 2.873588596987e-01
070 2.873593493349e-01
071 2.918748650579e-01
072 3.001762679308e-01
073 3.046915388279e-01
074 3.046920103662e-01
075 3.092339083768e-01
076 3.172803100512e-01
077 3.218092060238e-01
078 3.218227664619e-01
079 3.263596716103e-01
080 3.341557330300e-01
081 3.386883277536e-01
082 3.386989066489e-01
083 3.432420317360e-01
084 3.507779935293e-01
085 3.552985480609e-01
086 3.553664335316e-01
087 3.598365203178e-01
088 3.671804560888e-01
089 3.716329707131e-01
090 3.716710792437e-01
091 3.762051725939e-01
092 3.833185986817e-01
093 3.877375063839e-01
094 3.881236808345e-01
095 3.921917052647e-01
096 3.992361120925e-01
097 4.035179137306e-01
098 4.037636881101e-01
099 4.081966302347e-01
100 4.146170393201e-01
101 4.194601809306e-01
102 4.199761383215e-01
103 4.239193015331e-01
104 4.301804912411e-01
105 4.342545722294e-01
106 4.356864668511e-01
107 4.394518451904e-01
108 4.458574277947e-01
109 4.491565976991e-01
110 4.499375857360e-01
111 4.577561260184e-01
112 4.608567263074e-01
113 4.657943546907e-01
114 4.682926674714e-01
115 4.702937543662e-01
116 4.777226546255e-01
117 4.800722277731e-01
118 4.818179279284e-01
119 4.882412583376e-01
120 4.914651181621e-01
121 4.966662498561e-01
122 4.987107450422e-01
123 5.100567415187e-01
124 5.150104735791e-01
125 5.165198242597e-01
126 5.206872286047e-01
127 5.271727113683e-01
128 5.301808225266e-01
129 5.384667668943e-01
130 5.392727076062e-01
131 5.506289583065e-01
132 5.550820352599e-01
133 5.637535286093e-01
134 5.658867651100e-01
135 5.744456438211e-01
136 5.849835915701e-01
137 5.974945850659e-01
138 6.010857419608e-01
139 6.109301133654e-01
140 6.269278196696e-01
141 6.291047555902e-01
142 6.595918995079e-01
143 6.811424306017e-01
# rank: 0: Eigensolver elapsed time 1.180256036500e+01
# 8 8
