# Hello World! This is dune-eigensolver.
# hardware number of threads is 128 number of threads used is 1
# Smallest eigenvalues performance test

### gen: stw
000 3.286216784804e-15
001 5.604527482367e-03
002 5.604527533210e-03
003 8.364572160518e-03
004 1.867858658601e-02
005 1.998244540104e-02
006 1.998255906284e-02
007 2.019317073506e-02
008 3.249446316657e-02
009 3.361257132339e-02
010 3.361497312778e-02
011 3.489174661695e-02
012 4.666801672138e-02
013 4.823272986967e-02
014 4.823652056198e-02
015 4.988237185472e-02
016 6.154848619092e-02
017 6.351391823936e-02
018 6.358622430416e-02
019 6.557599825870e-02
020 7.723037337840e-02
021 7.960122383536e-02
022 7.983344763506e-02
023 8.224939350245e-02
024 9.402447615084e-02
025 9.677579632778e-02
026 9.713923489904e-02
027 1.000825755824e-01
028 1.116567979151e-01
029 1.154088067739e-01
030 1.163201225607e-01
031 1.195264577249e-01
032 1.317088152292e-01
033 1.371755474722e-01
034 1.389951964068e-01
035 1.431886627008e-01
036 1.583563297233e-01
037 1.667305150962e-01
038 1.708108849272e-01
039 1.755175103787e-01
040 1.873161788313e-01
041 1.945850272696e-01
042 2.016279955485e-01
043 2.082460166026e-01
044 2.324612002284e-01
045 2.380054041293e-01
046 2.613375080298e-01
047 2.732064625856e-01
048 2.846689354383e-01
049 2.992555021446e-01
050 3.145438741097e-01
051 3.203791157334e-01
052 3.326288803387e-01
053 3.576679109848e-01
054 3.936860188395e-01
055 4.114298388854e-01
056 4.311394523938e-01
057 4.348193372407e-01
058 4.699970949386e-01
059 4.740885331305e-01
060 5.021421098856e-01
061 5.281865039930e-01
062 5.492547180543e-01
063 5.964710433295e-01
064 6.287267817183e-01
065 6.424692889597e-01
066 6.476959546938e-01
067 6.781455025394e-01
068 6.875965505044e-01
069 7.035164093451e-01
070 7.249777060278e-01
071 7.315089729211e-01
072 7.556012361545e-01
073 7.823808206168e-01
074 7.927640598970e-01
075 7.970325799566e-01
076 8.195833826696e-01
077 8.269861130551e-01
078 8.396705650834e-01
079 8.464240712347e-01
080 8.629241297365e-01
081 8.818502629786e-01
082 8.820520539187e-01
083 8.879748796047e-01
084 9.002252122809e-01
085 9.026151001739e-01
086 9.065570705622e-01
087 9.138900788014e-01
088 9.188190988064e-01
089 9.238098931644e-01
090 9.292904380441e-01
091 9.307186607710e-01
092 9.359367839036e-01
093 9.382738963853e-01
094 9.472777113305e-01
095 9.506875603835e-01
096 9.526946047216e-01
097 9.575152943689e-01
098 9.583505640932e-01
099 9.591248583976e-01
100 9.607973582606e-01
101 9.649003524905e-01
102 9.692120328470e-01
103 9.720657274925e-01
104 9.728945310115e-01
105 9.738766424800e-01
106 9.753865650374e-01
107 9.763397503770e-01
108 9.770333451665e-01
109 9.796201124576e-01
110 9.806214129685e-01
111 9.823535989955e-01
112 9.834693228989e-01
113 9.835667572202e-01
114 9.846773625251e-01
115 9.850273298044e-01
116 9.856988413098e-01
117 9.869398420966e-01
118 9.874960878470e-01
119 9.881124151045e-01
120 9.895432023732e-01
121 9.896187141940e-01
122 9.907005474762e-01
123 9.909326765686e-01
124 9.912698763614e-01
125 9.921639556920e-01
126 9.926359987983e-01
127 9.927519557145e-01
128 9.930638864764e-01
129 9.937138145831e-01
130 9.938848821685e-01
131 9.941474203164e-01
132 9.944960834181e-01
133 9.945363191127e-01
134 9.948065881842e-01
135 9.951017334199e-01
136 9.955149762672e-01
137 9.957707616126e-01
138 9.961601754515e-01
139 9.965017302837e-01
140 9.966302239987e-01
141 9.966502200642e-01
142 9.969719368680e-01
143 9.971498040173e-01
# rank: 0: Eigensolver elapsed time 2.848734338000e+00
# 8 8
