# Hello World! This is dune-eigensolver.
# hardware number of threads is 128 number of threads used is 1
# Smallest eigenvalues performance test

### gen: ftw
000 1.340941246930e-15
001 5.604527277606e-03
002 5.604527277606e-03
003 8.364570214432e-03
004 1.867846170118e-02
005 1.998225835823e-02
006 1.998226589035e-02
007 2.019288381757e-02
008 3.249101501509e-02
009 3.360924859524e-02
010 3.360924859524e-02
011 3.488628760161e-02
012 4.663987840676e-02
013 4.820241822816e-02
014 4.820241822816e-02
015 4.983381272532e-02
016 6.142593639773e-02
017 6.335506560007e-02
018 6.335506560007e-02
019 6.536816369996e-02
020 7.676862034817e-02
021 7.904383260064e-02
022 7.904383260064e-02
023 8.140616165804e-02
024 9.261371133727e-02
025 9.521091095746e-02
026 9.521091095746e-02
027 9.789731682753e-02
028 1.089020601075e-01
029 1.117968227874e-01
030 1.117968227874e-01
031 1.147801942506e-01
032 1.255726189738e-01
033 1.287398638084e-01
034 1.287398638084e-01
035 1.319937750736e-01
036 1.425632822659e-01
037 1.459773832512e-01
038 1.459773832512e-01
039 1.494745433430e-01
040 1.598118170312e-01
041 1.634468147932e-01
042 1.634468147932e-01
043 1.671602908792e-01
044 1.772567260292e-01
045 1.810865950977e-01
046 1.810865950977e-01
047 1.849893417883e-01
048 1.948380306325e-01
049 1.988369651517e-01
050 1.988369651517e-01
051 2.029025998959e-01
052 2.124979584776e-01
053 2.166406527256e-01
054 2.166406527256e-01
055 2.208433400616e-01
056 2.301815262215e-01
057 2.344434341916e-01
058 2.344434341917e-01
059 2.387584057234e-01
060 2.478370126657e-01
061 2.521945767814e-01
062 2.521945767814e-01
063 2.565981215002e-01
064 2.654163220091e-01
065 2.698471651053e-01
066 2.698471651053e-01
067 2.743169668163e-01
068 2.828752408633e-01
069 2.873583188640e-01
070 2.873583188640e-01
071 2.918734540742e-01
072 3.001735958354e-01
073 3.046893108197e-01
074 3.046893108481e-01
075 3.092304458763e-01
076 3.172753205668e-01
077 3.218055962595e-01
078 3.218055962670e-01
079 3.263549571064e-01
080 3.341484436668e-01
081 3.386767651956e-01
082 3.386767652250e-01
083 3.432182280549e-01
084 3.507650077638e-01
085 3.552764310725e-01
086 3.552764310771e-01
087 3.597954577151e-01
088 3.671009334453e-01
089 3.715820664979e-01
090 3.715820668712e-01
091 3.760657177044e-01
092 3.831391892915e-01
093 3.875714473485e-01
094 3.875748001475e-01
095 3.920116444380e-01
096 3.988528163534e-01
097 4.032391813884e-01
098 4.032391815211e-01
099 4.076192570164e-01
100 4.142382098619e-01
101 4.185629330059e-01
102 4.185629336970e-01
103 4.228776331175e-01
104 4.292813482166e-01
105 4.335366765561e-01
106 4.335367235878e-01
107 4.377786503822e-01
108 4.439742864468e-01
109 4.481536762030e-01
110 4.481536793845e-01
111 4.523168849365e-01
112 4.583116256489e-01
113 4.624094902682e-01
114 4.624115162791e-01
115 4.664869872653e-01
116 4.722898710187e-01
117 4.763020951312e-01
118 4.763021033572e-01
119 4.802935704612e-01
120 4.859079243933e-01
121 4.898308864499e-01
122 4.898310037326e-01
123 4.937312072416e-01
124 4.991763643222e-01
125 5.029877249978e-01
126 5.029965994879e-01
127 5.068040361458e-01
128 5.120665695646e-01
129 5.158035389639e-01
130 5.158037409893e-01
131 5.195155069247e-01
132 5.246121055437e-01
133 5.282542884382e-01
134 5.282601957234e-01
135 5.318637663511e-01
136 5.368073398943e-01
137 5.403534419016e-01
138 5.403535167159e-01
139 5.438732362590e-01
140 5.486597889208e-01
141 5.521052481919e-01
142 5.521072231653e-01
143 5.555306099646e-01
# rank: 0: Eigensolver elapsed time 4.786562032680e+02
# 8 8
