# Hello World! This is dune-eigensolver.
# hardware number of threads is 128 number of threads used is 32
# Smallest eigenvalues performance test

### gen: stw
000 1.117378758964e-15
001 5.604527277606e-03
002 5.604527277606e-03
003 8.364570214432e-03
004 1.867846170118e-02
005 1.998225826963e-02
006 1.998225826963e-02
007 2.019289152688e-02
008 3.249101501509e-02
009 3.360924859524e-02
010 3.360924859524e-02
011 3.488628760161e-02
012 4.663987840677e-02
013 4.820241822816e-02
014 4.820241822816e-02
015 4.983381272532e-02
016 6.142593639773e-02
017 6.335506560007e-02
018 6.335506560007e-02
019 6.536816369996e-02
020 7.676862034817e-02
021 7.904383260064e-02
022 7.904383260064e-02
023 8.140616165804e-02
024 9.261371133728e-02
025 9.521091095746e-02
026 9.521091095746e-02
027 9.789731682753e-02
028 1.089020601075e-01
029 1.117968227874e-01
030 1.117968227874e-01
031 1.147801942506e-01
032 1.255726189738e-01
033 1.287398638084e-01
034 1.287398638084e-01
035 1.319937750736e-01
036 1.425632822659e-01
037 1.459773832512e-01
038 1.459773832512e-01
039 1.494745433430e-01
040 1.598118170312e-01
041 1.634468147932e-01
042 1.634468147932e-01
043 1.671602908792e-01
044 1.772567260293e-01
045 1.810865950978e-01
046 1.810865950980e-01
047 1.849893417885e-01
048 1.948380306331e-01
049 1.988369651527e-01
050 1.988369651531e-01
051 2.029025998988e-01
052 2.124979584844e-01
053 2.166406527307e-01
054 2.166406527415e-01
055 2.208433400703e-01
056 2.301815263600e-01
057 2.344434342156e-01
058 2.344434343551e-01
059 2.387584058618e-01
060 2.478370129467e-01
061 2.521945770210e-01
062 2.521945773970e-01
063 2.565981221667e-01
064 2.654163249462e-01
065 2.698471671241e-01
066 2.698471679063e-01
067 2.743169687469e-01
068 2.828752427964e-01
069 2.873583238656e-01
070 2.873583316589e-01
071 2.918734728804e-01
072 3.001736483960e-01
073 3.046893507408e-01
074 3.046893606686e-01
075 3.092305246105e-01
076 3.172754560534e-01
077 3.218056824331e-01
078 3.218061757915e-01
079 3.263550753658e-01
080 3.341486812062e-01
081 3.386770871541e-01
082 3.386776687767e-01
083 3.432191242852e-01
084 3.507656037056e-01
085 3.552773589192e-01
086 3.552810538083e-01
087 3.597976007296e-01
088 3.671057147322e-01
089 3.715853395510e-01
090 3.715877264089e-01
091 3.760741316649e-01
092 3.831461735129e-01
093 3.875859061817e-01
094 3.876227381339e-01
095 3.920232851987e-01
096 3.988953558125e-01
097 4.032613160658e-01
098 4.032966288241e-01
099 4.076663562303e-01
100 4.142816038217e-01
101 4.186875331165e-01
102 4.187159992435e-01
103 4.229761029960e-01
104 4.294018973985e-01
105 4.336164059758e-01
106 4.338211136034e-01
107 4.380738635425e-01
108 4.443159654278e-01
109 4.482768148069e-01
110 4.484151821100e-01
111 4.537364576913e-01
112 4.587574991673e-01
113 4.631295576275e-01
114 4.638378510684e-01
115 4.673295129738e-01
116 4.735152582878e-01
117 4.770458979046e-01
118 4.774518683084e-01
119 4.822458801447e-01
120 4.873415069257e-01
121 4.912000885001e-01
122 4.926857504312e-01
123 5.003833860637e-01
124 5.053856842293e-01
125 5.069119495792e-01
126 5.078615030241e-01
127 5.125699573483e-01
128 5.170847873382e-01
129 5.238178504654e-01
130 5.250678841864e-01
131 5.284975545372e-01
132 5.368886240510e-01
133 5.404888704289e-01
134 5.465381098905e-01
135 5.481814714270e-01
136 5.501092162277e-01
137 5.510282159996e-01
138 5.598781180391e-01
139 5.650416696985e-01
140 5.676362491542e-01
141 5.704690610561e-01
142 5.794152254931e-01
143 6.001060117399e-01
# rank: 0: Eigensolver elapsed time 1.473871273800e+01
# 8 8
