# Hello World! This is dune-eigensolver.
# hardware number of threads is 128 number of threads used is 128

### gen: arpack
000 -1.025655255171e-16
001 5.604527277606e-03
002 5.604527277606e-03
003 8.364570214432e-03
004 1.867846170118e-02
005 1.998225826963e-02
006 1.998225826964e-02
007 2.019289152688e-02
008 3.249101501509e-02
009 3.360924859524e-02
010 3.360924859524e-02
011 3.488628760161e-02
012 4.663987840677e-02
013 4.820241822816e-02
014 4.820241822816e-02
015 4.983381272532e-02
016 6.142593639773e-02
017 6.335506560007e-02
018 6.335506560007e-02
019 6.536816369996e-02
020 7.676862034817e-02
021 7.904383260064e-02
022 7.904383260064e-02
023 8.140616165804e-02
024 9.261371133727e-02
025 9.521091095746e-02
026 9.521091095746e-02
027 9.789731682753e-02
028 1.089020601075e-01
029 1.117968227874e-01
030 1.117968227874e-01
031 1.147801942506e-01
032 1.255726189738e-01
033 1.287398638084e-01
034 1.287398638084e-01
035 1.319937750736e-01
036 1.425632822659e-01
037 1.459773832512e-01
038 1.459773832512e-01
039 1.494745433430e-01
040 1.598118170312e-01
041 1.634468147932e-01
042 1.634468147932e-01
043 1.671602908792e-01
044 1.772567260292e-01
045 1.810865950977e-01
046 1.810865950977e-01
047 1.849893417883e-01
048 1.948380306325e-01
049 1.988369651517e-01
050 1.988369651517e-01
051 2.029025998959e-01
052 2.124979584776e-01
053 2.166406527256e-01
054 2.166406527256e-01
055 2.208433400616e-01
056 2.301815262215e-01
057 2.344434341916e-01
058 2.344434341916e-01
059 2.387584057234e-01
060 2.478370126657e-01
061 2.521945767814e-01
062 2.521945767814e-01
063 2.565981215002e-01
064 2.654163220090e-01
065 2.698471651053e-01
066 2.698471651053e-01
067 2.743169668163e-01
068 2.828752408632e-01
069 2.873583188640e-01
070 2.873583188640e-01
071 2.918734540743e-01
072 3.001735958016e-01
073 3.046893108507e-01
074 3.046893108507e-01
075 3.092304458765e-01
076 3.172753205659e-01
077 3.218055962591e-01
078 3.218055962591e-01
079 3.263549571155e-01
080 3.341484436393e-01
081 3.386767652218e-01
082 3.386767652218e-01
083 3.432182280593e-01
084 3.507650077637e-01
085 3.552764310714e-01
086 3.552764310714e-01
087 3.597954577221e-01
088 3.671009332361e-01
089 3.715820665902e-01
090 3.715820665902e-01
091 3.760657181023e-01
092 3.831358365571e-01
093 3.875748000592e-01
094 3.875748000592e-01
095 3.920116445422e-01
096 3.988528153559e-01
097 4.032391819457e-01
098 4.032391819457e-01
099 4.076192570355e-01
100 4.142382095773e-01
101 4.185629320357e-01
102 4.185629320357e-01
103 4.228776360378e-01
104 4.292813478047e-01
105 4.335366755178e-01
106 4.335366755178e-01
107 4.377786999019e-01
108 4.439742863840e-01
109 4.481536752987e-01
110 4.481536752987e-01
111 4.523168899876e-01
112 4.583115477892e-01
113 4.624095665149e-01
114 4.624095665149e-01
115 4.664889384382e-01
116 4.722898634788e-01
117 4.763020980558e-01
118 4.763020980558e-01
119 4.802935792497e-01
120 4.859079253831e-01
121 4.898308847669e-01
122 4.898308847669e-01
123 4.937313282346e-01
124 4.991661491481e-01
125 5.029971730623e-01
126 5.029971730623e-01
127 5.068042295930e-01
128 5.120664513771e-01
129 5.158036217902e-01
130 5.158036217902e-01
131 5.195156603138e-01
132 5.246120423395e-01
133 5.282540994978e-01
134 5.282540994978e-01
135 5.318701159735e-01
136 5.368072349748e-01
137 5.403534986243e-01
138 5.403534986243e-01
139 5.438730449194e-01
140 5.486572704945e-01
141 5.521075666881e-01
142 5.521075666881e-01
143 5.555306728632e-01
# rank: 0: Arpack elapsed time 1.587040072300e+01
# 8 8
