Hello World! This is dune-ftworth.
hardware number of threads is 4 number of threads used is 1
MGS STARTS HERE
n=20
m=16
b=8
n_iter=15
start test naive mgs version
start test blocked mgs version
P_n_m_i_iblocked_perfn_perfb_perfv 1 20 16 0.101852 0.33 2.6915 2.01204 
MGS ENDS HERE
: arpack elapsed time 1.81926
eval[  0]= -1.35e-16 2.23e-17
eval[  1]=  7.41e-03 1.46e-13
eval[  2]=  7.41e-03 6.15e-14
eval[  3]=  1.11e-02 2.07e-13
eval[  4]=  2.52e-02 6.41e-04
eval[  5]=  2.60e-02 6.21e-04
eval[  6]=  2.66e-02 2.98e-05
eval[  7]=  2.71e-02 4.94e-05
eval[  8]=  4.32e-02 1.11e-04
eval[  9]=  4.52e-02 2.38e-04
eval[ 10]=  4.52e-02 2.78e-04
eval[ 11]=  4.65e-02 6.27e-04
eval[ 12]=  6.52e-02 2.96e-03
eval[ 13]=  6.67e-02 1.88e-03
eval[ 14]=  6.24e-02 2.36e-03
eval[ 15]=  6.50e-02 2.48e-03
eval[ 16]=  8.25e-02 1.44e-04
eval[ 17]=  8.56e-02 3.93e-05
eval[ 18]=  8.56e-02 6.56e-05
eval[ 19]=  8.88e-02 3.46e-05
eval[ 20]=  1.05e-01 1.53e-03
eval[ 21]=  1.07e-01 2.61e-04
eval[ 22]=  1.06e-01 8.42e-04
eval[ 23]=  1.10e-01 6.34e-04
eval[ 24]=  1.29e-01 3.84e-03
eval[ 25]=  1.26e-01 3.12e-03
eval[ 26]=  1.29e-01 2.94e-04
eval[ 27]=  1.33e-01 3.98e-04
eval[ 28]=  1.49e-01 1.33e-03
eval[ 29]=  1.51e-01 8.82e-04
eval[ 30]=  1.51e-01 2.96e-04
eval[ 31]=  1.58e-01 1.95e-03
: raes elapsed time 2.99e+00
N_M_TOL_RASERROR_ARPERROR_TIMERATIO_ARPACKITER 40000 & 32 & 2.00e-03 & 3.84e-03 & 3.90e-10 & 1.64e+00 & 2 \\
1.81e-02
4.52e-02
4.52e-02
7.23e-02
9.01e-02
9.01e-02
1.17e-01
1.17e-01
1.52e-01
1.52e-01
1.62e-01
1.79e-01
1.79e-01
2.24e-01
2.24e-01
2.31e-01
2.31e-01
2.58e-01
2.58e-01
2.87e-01
3.03e-01
3.03e-01
3.27e-01
3.27e-01
3.54e-01
3.54e-01
3.66e-01
3.66e-01
3.99e-01
3.99e-01
4.37e-01
4.37e-01
4.45e-01
4.61e-01
4.61e-01
4.64e-01
4.64e-01
5.09e-01
5.09e-01
5.40e-01
5.40e-01
5.62e-01
5.62e-01
5.71e-01
5.71e-01
5.89e-01
5.89e-01
6.34e-01
6.34e-01
6.35e-01
6.50e-01
6.50e-01
6.96e-01
6.96e-01
6.99e-01
6.99e-01
7.26e-01
7.26e-01
7.45e-01
7.45e-01
7.71e-01
7.71e-01
7.75e-01
7.75e-01
8.34e-01
8.34e-01
8.49e-01
8.49e-01
8.56e-01
8.70e-01
8.70e-01
8.76e-01
8.76e-01
9.13e-01
9.13e-01
9.21e-01
9.21e-01
9.80e-01
9.80e-01
9.83e-01
9.83e-01
1.01e+00
1.01e+00
1.01e+00
1.01e+00
1.04e+00
1.04e+00
1.06e+00
1.06e+00
1.08e+00
1.08e+00
1.11e+00
1.12e+00
1.12e+00
1.14e+00
1.14e+00
1.16e+00
1.16e+00
1.18e+00
1.18e+00
1.21e+00
1.21e+00
1.22e+00
1.22e+00
1.24e+00
1.24e+00
1.25e+00
1.25e+00
1.27e+00
1.27e+00
1.31e+00
1.31e+00
1.32e+00
1.32e+00
1.35e+00
1.35e+00
1.38e+00
1.38e+00
1.38e+00
1.39e+00
1.39e+00
1.39e+00
1.39e+00
1.43e+00
1.43e+00
1.43e+00
1.43e+00
1.49e+00
1.49e+00
1.49e+00
1.49e+00
1.53e+00
1.53e+00
1.54e+00
1.54e+00
1.55e+00
1.55e+00
1.56e+00
1.56e+00
1.57e+00
1.57e+00
1.60e+00
1.60e+00
1.61e+00
1.61e+00
1.66e+00
1.66e+00
1.67e+00
1.67e+00
1.68e+00
1.69e+00
1.69e+00
1.72e+00
1.72e+00
1.72e+00
1.72e+00
1.75e+00
1.75e+00
1.75e+00
1.75e+00
1.77e+00
1.77e+00
1.80e+00
1.80e+00
1.84e+00
1.84e+00
1.85e+00
1.85e+00
1.86e+00
1.86e+00
1.86e+00
1.86e+00
1.90e+00
1.90e+00
1.91e+00
1.91e+00
1.94e+00
1.94e+00
1.94e+00
1.94e+00
1.96e+00
1.96e+00
1.99e+00
1.99e+00
2.00e+00
2.01e+00
2.01e+00
2.03e+00
2.03e+00
2.04e+00
2.04e+00
2.05e+00
2.05e+00
2.08e+00
2.08e+00
2.10e+00
2.10e+00
2.13e+00
2.13e+00
2.13e+00
2.13e+00
2.14e+00
2.14e+00
2.17e+00
2.17e+00
2.18e+00
2.18e+00
2.19e+00
2.19e+00
2.22e+00
2.22e+00
2.22e+00
2.22e+00
2.24e+00
2.24e+00
2.27e+00
2.27e+00
2.29e+00
2.29e+00
2.32e+00
2.32e+00
2.32e+00
2.32e+00
2.33e+00
2.33e+00
2.34e+00
2.35e+00
2.35e+00
2.37e+00
2.37e+00
2.37e+00
2.37e+00
2.41e+00
2.41e+00
2.41e+00
2.41e+00
2.43e+00
2.43e+00
2.46e+00
2.46e+00
2.48e+00
2.48e+00
2.51e+00
2.51e+00
2.51e+00
2.51e+00
2.52e+00
2.52e+00
2.52e+00
2.52e+00
2.53e+00
2.53e+00
2.55e+00
2.55e+00
2.56e+00
2.56e+00
2.60e+00
2.60e+00
2.60e+00
2.60e+00
2.61e+00
2.61e+00
2.65e+00
2.65e+00
2.66e+00
2.66e+00
2.69e+00
2.69e+00
2.69e+00
2.69e+00
2.69e+00
2.70e+00
2.70e+00
2.71e+00
2.71e+00
2.72e+00
2.72e+00
2.74e+00
2.74e+00
2.74e+00
2.74e+00
2.79e+00
2.79e+00
2.79e+00
2.79e+00
2.80e+00
2.80e+00
2.84e+00
2.84e+00
2.84e+00
2.84e+00
2.87e+00
2.87e+00
2.87e+00
2.87e+00
2.88e+00
2.88e+00
2.88e+00
2.88e+00
2.90e+00
2.90e+00
2.90e+00
2.90e+00
2.91e+00
2.91e+00
2.94e+00
2.94e+00
2.97e+00
2.97e+00
2.97e+00
2.97e+00
2.97e+00
2.97e+00
3.01e+00
3.01e+00
3.02e+00
3.02e+00
3.04e+00
3.04e+00
3.05e+00
3.05e+00
3.06e+00
3.06e+00
3.06e+00
3.07e+00
3.07e+00
3.08e+00
3.08e+00
3.08e+00
3.08e+00
3.10e+00
3.10e+00
3.12e+00
3.12e+00
3.14e+00
3.14e+00
3.15e+00
3.15e+00
3.16e+00
3.16e+00
3.17e+00
3.17e+00
3.20e+00
3.20e+00
3.21e+00
3.21e+00
3.22e+00
3.22e+00
3.24e+00
3.24e+00
3.24e+00
3.24e+00
3.25e+00
3.25e+00
3.26e+00
3.26e+00
3.26e+00
3.26e+00
3.28e+00
3.28e+00
3.30e+00
3.30e+00
3.31e+00
3.31e+00
3.32e+00
3.32e+00
3.32e+00
3.32e+00
3.34e+00
3.34e+00
3.35e+00
3.35e+00
3.38e+00
3.38e+00
3.38e+00
3.38e+00
3.39e+00
3.39e+00
3.43e+00
3.43e+00
3.43e+00
3.43e+00
3.43e+00
3.44e+00
3.44e+00
3.45e+00
3.45e+00
3.45e+00
3.45e+00
3.46e+00
3.46e+00
3.47e+00
3.47e+00
3.48e+00
3.48e+00
3.48e+00
3.48e+00
3.49e+00
3.49e+00
3.52e+00
3.52e+00
3.53e+00
3.53e+00
3.53e+00
3.53e+00
3.55e+00
3.55e+00
3.58e+00
3.58e+00
3.59e+00
3.59e+00
3.59e+00
3.59e+00
3.61e+00
3.61e+00
3.62e+00
3.62e+00
3.62e+00
3.62e+00
3.63e+00
3.63e+00
3.63e+00
3.63e+00
3.64e+00
3.64e+00
3.65e+00
3.65e+00
3.65e+00
3.65e+00
3.67e+00
3.67e+00
3.67e+00
3.67e+00
3.69e+00
3.69e+00
3.69e+00
3.69e+00
3.71e+00
3.71e+00
3.72e+00
3.72e+00
3.72e+00
3.72e+00
3.74e+00
3.74e+00
3.76e+00
3.76e+00
3.76e+00
3.76e+00
3.79e+00
3.79e+00
3.79e+00
3.79e+00
3.81e+00
3.81e+00
3.81e+00
3.81e+00
3.81e+00
3.81e+00
3.81e+00
3.82e+00
3.82e+00
3.82e+00
3.82e+00
3.83e+00
3.83e+00
3.83e+00
3.83e+00
3.84e+00
3.84e+00
3.85e+00
3.85e+00
3.86e+00
3.86e+00
3.86e+00
3.86e+00
3.87e+00
3.87e+00
3.88e+00
3.88e+00
3.89e+00
3.89e+00
3.89e+00
3.89e+00
3.90e+00
3.90e+00
3.92e+00
3.92e+00
3.93e+00
3.93e+00
3.94e+00
3.94e+00
3.96e+00
3.96e+00
3.97e+00
3.97e+00
4.00e+00
4.00e+00
4.00e+00
4.00e+00
4.00e+00
4.00e+00
4.00e+00
4.00e+00
4.00e+00
4.00e+00
4.00e+00
4.00e+00
4.00e+00
4.00e+00
4.00e+00
4.00e+00
4.00e+00
4.00e+00
4.00e+00
4.00e+00
4.00e+00
4.00e+00
4.00e+00
4.00e+00
4.00e+00
4.00e+00
4.00e+00
4.00e+00
4.00e+00
4.00e+00
4.00e+00
4.00e+00
4.03e+00
4.03e+00
4.04e+00
4.04e+00
4.06e+00
4.06e+00
4.07e+00
4.07e+00
4.08e+00
4.08e+00
4.10e+00
4.10e+00
4.11e+00
4.11e+00
4.11e+00
4.11e+00
4.12e+00
4.12e+00
4.13e+00
4.13e+00
4.14e+00
4.14e+00
4.14e+00
4.14e+00
4.15e+00
4.15e+00
4.16e+00
4.16e+00
4.17e+00
4.17e+00
4.17e+00
4.17e+00
4.18e+00
4.18e+00
4.18e+00
4.18e+00
4.19e+00
4.19e+00
4.19e+00
4.19e+00
4.19e+00
4.19e+00
4.19e+00
4.21e+00
4.21e+00
4.21e+00
4.21e+00
4.24e+00
4.24e+00
4.24e+00
4.24e+00
4.26e+00
4.26e+00
4.28e+00
4.28e+00
4.28e+00
4.28e+00
4.29e+00
4.29e+00
4.31e+00
4.31e+00
4.31e+00
4.31e+00
4.33e+00
4.33e+00
4.33e+00
4.33e+00
4.35e+00
4.35e+00
4.35e+00
4.35e+00
4.36e+00
4.36e+00
4.37e+00
4.37e+00
4.37e+00
4.37e+00
4.38e+00
4.38e+00
4.38e+00
4.38e+00
4.39e+00
4.39e+00
4.41e+00
4.41e+00
4.41e+00
4.41e+00
4.42e+00
4.42e+00
4.45e+00
4.45e+00
4.47e+00
4.47e+00
4.47e+00
4.47e+00
4.48e+00
4.48e+00
4.51e+00
4.51e+00
4.52e+00
4.52e+00
4.52e+00
4.52e+00
4.53e+00
4.53e+00
4.54e+00
4.54e+00
4.55e+00
4.55e+00
4.55e+00
4.55e+00
4.56e+00
4.56e+00
4.57e+00
4.57e+00
4.57e+00
4.57e+00
4.57e+00
4.61e+00
4.61e+00
4.62e+00
4.62e+00
4.62e+00
4.62e+00
4.65e+00
4.65e+00
4.66e+00
4.66e+00
4.68e+00
4.68e+00
4.68e+00
4.68e+00
4.69e+00
4.69e+00
4.70e+00
4.70e+00
4.72e+00
4.72e+00
4.74e+00
4.74e+00
4.74e+00
4.74e+00
4.75e+00
4.75e+00
4.76e+00
4.76e+00
4.76e+00
4.76e+00
4.78e+00
4.78e+00
4.79e+00
4.79e+00
4.80e+00
4.80e+00
4.83e+00
4.83e+00
4.84e+00
4.84e+00
4.85e+00
4.85e+00
4.86e+00
4.86e+00
4.88e+00
4.88e+00
4.90e+00
4.90e+00
4.92e+00
4.92e+00
4.92e+00
4.92e+00
4.93e+00
4.93e+00
4.94e+00
4.94e+00
4.94e+00
4.95e+00
4.95e+00
4.96e+00
4.96e+00
4.98e+00
4.98e+00
4.99e+00
4.99e+00
5.03e+00
5.03e+00
5.03e+00
5.03e+00
5.03e+00
5.03e+00
5.06e+00
5.06e+00
5.09e+00
5.09e+00
5.10e+00
5.10e+00
5.10e+00
5.10e+00
5.12e+00
5.12e+00
5.12e+00
5.12e+00
5.13e+00
5.13e+00
5.13e+00
5.13e+00
5.16e+00
5.16e+00
5.16e+00
5.16e+00
5.20e+00
5.20e+00
5.21e+00
5.21e+00
5.21e+00
5.21e+00
5.26e+00
5.26e+00
5.26e+00
5.26e+00
5.28e+00
5.28e+00
5.29e+00
5.29e+00
5.30e+00
5.30e+00
5.31e+00
5.31e+00
5.31e+00
5.31e+00
5.31e+00
5.34e+00
5.34e+00
5.35e+00
5.35e+00
5.39e+00
5.39e+00
5.40e+00
5.40e+00
5.40e+00
5.40e+00
5.44e+00
5.44e+00
5.45e+00
5.45e+00
5.47e+00
5.47e+00
5.48e+00
5.48e+00
5.48e+00
5.48e+00
5.49e+00
5.49e+00
5.49e+00
5.49e+00
5.52e+00
5.52e+00
5.54e+00
5.54e+00
5.57e+00
5.57e+00
5.59e+00
5.59e+00
5.59e+00
5.59e+00
5.63e+00
5.63e+00
5.63e+00
5.63e+00
5.65e+00
5.65e+00
5.66e+00
5.67e+00
5.67e+00
5.68e+00
5.68e+00
5.68e+00
5.68e+00
5.71e+00
5.71e+00
5.73e+00
5.73e+00
5.76e+00
5.76e+00
5.78e+00
5.78e+00
5.78e+00
5.78e+00
5.81e+00
5.81e+00
5.82e+00
5.82e+00
5.83e+00
5.83e+00
5.86e+00
5.86e+00
5.87e+00
5.87e+00
5.87e+00
5.87e+00
5.90e+00
5.90e+00
5.92e+00
5.92e+00
5.95e+00
5.95e+00
5.96e+00
5.96e+00
5.97e+00
5.97e+00
5.99e+00
5.99e+00
6.00e+00
6.01e+00
6.01e+00
6.04e+00
6.04e+00
6.06e+00
6.06e+00
6.06e+00
6.06e+00
6.09e+00
6.09e+00
6.10e+00
6.10e+00
6.14e+00
6.14e+00
6.14e+00
6.14e+00
6.15e+00
6.15e+00
6.16e+00
6.16e+00
6.20e+00
6.20e+00
6.23e+00
6.23e+00
6.25e+00
6.25e+00
6.25e+00
6.25e+00
6.28e+00
6.28e+00
6.28e+00
6.28e+00
6.31e+00
6.31e+00
6.32e+00
6.33e+00
6.33e+00
6.34e+00
6.34e+00
6.39e+00
6.39e+00
6.40e+00
6.40e+00
6.43e+00
6.43e+00
6.44e+00
6.44e+00
6.45e+00
6.45e+00
6.46e+00
6.46e+00
6.47e+00
6.47e+00
6.51e+00
6.51e+00
6.51e+00
6.51e+00
6.57e+00
6.57e+00
6.57e+00
6.57e+00
6.61e+00
6.61e+00
6.61e+00
6.61e+00
6.62e+00
6.62e+00
6.62e+00
6.65e+00
6.65e+00
6.68e+00
6.68e+00
6.69e+00
6.69e+00
6.73e+00
6.73e+00
6.75e+00
6.75e+00
6.76e+00
6.76e+00
6.78e+00
6.78e+00
6.79e+00
6.79e+00
6.82e+00
6.82e+00
6.84e+00
6.84e+00
6.86e+00
6.86e+00
6.88e+00
6.88e+00
6.89e+00
6.92e+00
6.92e+00
6.94e+00
6.94e+00
6.96e+00
6.96e+00
6.99e+00
6.99e+00
6.99e+00
6.99e+00
7.02e+00
7.02e+00
7.02e+00
7.02e+00
7.08e+00
7.08e+00
7.09e+00
7.09e+00
7.12e+00
7.12e+00
7.13e+00
7.13e+00
7.14e+00
7.15e+00
7.15e+00
7.17e+00
7.17e+00
7.23e+00
7.23e+00
7.23e+00
7.23e+00
7.25e+00
7.25e+00
7.27e+00
7.27e+00
7.30e+00
7.30e+00
7.30e+00
7.30e+00
7.35e+00
7.35e+00
7.37e+00
7.37e+00
7.37e+00
7.41e+00
7.41e+00
7.43e+00
7.43e+00
7.44e+00
7.44e+00
7.46e+00
7.46e+00
7.49e+00
7.49e+00
7.54e+00
7.54e+00
7.54e+00
7.54e+00
7.56e+00
7.56e+00
7.56e+00
7.60e+00
7.60e+00
7.63e+00
7.63e+00
7.65e+00
7.65e+00
7.67e+00
7.67e+00
7.70e+00
7.70e+00
7.71e+00
7.74e+00
7.74e+00
7.77e+00
7.77e+00
7.78e+00
7.78e+00
7.82e+00
7.82e+00
7.84e+00
7.85e+00
7.85e+00
7.88e+00
7.88e+00
7.91e+00
7.91e+00
7.93e+00
7.95e+00
7.95e+00
7.98e+00
