# Hello World! This is dune-eigensolver.
# hardware number of threads is 128 number of threads used is 1
# 8 8
# Smallest eigenvalues convergence test

#  n: 28900 A.N(): 28900 br: 1
# GeneralizedSymmetricStewart:  time_total=7.918085e-01 time_factorization=9.741862e-02 time_eigendecomposition=2.766202e-03 time_matmul_dense=4.004942e-02 iterations=2

# Arpack: time_total=6.313831e+00 iterations=1

# Eigensolver elapsed time 7.936473e-01

# N= 28900 M= 144 ACCURACY= 2.500000e-01 TOL= 2.000000e-01 THRESHOLD= 9.000000e-02 ESARERROR= 9.502223e-01 ARPERROR= 6.153813e-01 ESANERROR= 0.000000e+00 TIMERATIO= 1.256998e-01 \\

## gen: stw     ARP-SMALL-TOL  ARPACK-TOL  ES-ARP-SMALL  ES-AR ERROR
00 1.031705e-09 -1.294537e-16 -1.294537e-16 1.031706e-09 1.031706e-09
01 8.831968e-03 8.824167e-03 8.824167e-03 7.801034e-06 7.801034e-06
02 8.832791e-03 8.824167e-03 8.824167e-03 8.624093e-06 8.624093e-06
03 1.337776e-02 1.334551e-02 1.334551e-02 3.224809e-05 3.224809e-05
04 2.994658e-02 2.922491e-02 2.922491e-02 7.216739e-04 7.216739e-04
05 3.257092e-02 3.180579e-02 3.180579e-02 7.651241e-04 7.651241e-04
06 3.269602e-02 3.180579e-02 3.180579e-02 8.902318e-04 8.902318e-04
07 3.376432e-02 3.271787e-02 3.271787e-02 1.046447e-03 1.046447e-03
08 5.775366e-02 5.148734e-02 5.148734e-02 6.266316e-03 6.266316e-03
09 6.034228e-02 5.402982e-02 5.402982e-02 6.312458e-03 6.312458e-03
10 6.405028e-02 5.402982e-02 5.402982e-02 1.002046e-02 1.002046e-02
11 6.625922e-02 5.691242e-02 5.691242e-02 9.346804e-03 9.346804e-03
12 9.746083e-02 7.465499e-02 7.465499e-02 2.280584e-02 2.280584e-02
13 1.042879e-01 7.811994e-02 7.811994e-02 2.616795e-02 2.616795e-02
14 1.170139e-01 7.811994e-02 7.811994e-02 3.889396e-02 3.889396e-02
15 1.207213e-01 8.178079e-02 8.178079e-02 3.894050e-02 3.894050e-02
16 1.706503e-01 9.909065e-02 9.909065e-02 7.155963e-02 7.155963e-02
17 1.730995e-01 1.033071e-01 1.033071e-01 6.979234e-02 6.979234e-02
18 1.883523e-01 1.033071e-01 1.033071e-01 8.504515e-02 8.504515e-02
19 2.156782e-01 1.077383e-01 1.077383e-01 1.079398e-01 1.079398e-01
20 2.665205e-01 1.245339e-01 1.245339e-01 1.419866e-01 1.419866e-01
21 2.727694e-01 1.294174e-01 1.294174e-01 1.433520e-01 1.433520e-01
22 3.008794e-01 1.294174e-01 1.294174e-01 1.714621e-01 1.714621e-01
23 3.105119e-01 1.345070e-01 1.345070e-01 1.760049e-01 1.760049e-01
24 3.783448e-01 1.507634e-01 1.507634e-01 2.275813e-01 2.275813e-01
25 4.013257e-01 1.562201e-01 1.562201e-01 2.451056e-01 2.451056e-01
26 4.325353e-01 1.562201e-01 1.562201e-01 2.763152e-01 2.763152e-01
27 5.001742e-01 1.618697e-01 1.618697e-01 3.383045e-01 3.383045e-01
28 5.340387e-01 1.775528e-01 1.775528e-01 3.564859e-01 3.564859e-01
29 5.383010e-01 1.834876e-01 1.834876e-01 3.548134e-01 3.548134e-01
30 5.493035e-01 1.834876e-01 1.834876e-01 3.658159e-01 3.658159e-01
31 5.898532e-01 1.895946e-01 1.895946e-01 4.002585e-01 4.002585e-01
32 6.702124e-01 2.046808e-01 2.046808e-01 4.655316e-01 4.655316e-01
33 6.976661e-01 2.109993e-01 2.109993e-01 4.866668e-01 4.866668e-01
34 7.156009e-01 2.109993e-01 2.109993e-01 5.046016e-01 5.046016e-01
35 7.235315e-01 2.174667e-01 2.174667e-01 5.060648e-01 5.060648e-01
36 7.603780e-01 2.319382e-01 2.319382e-01 5.284398e-01 5.284398e-01
37 7.660505e-01 2.385492e-01 2.385492e-01 5.275013e-01 5.275013e-01
38 7.954036e-01 2.385492e-01 2.385492e-01 5.568544e-01 5.568544e-01
39 7.974224e-01 2.452832e-01 2.452832e-01 5.521393e-01 5.521393e-01
40 8.350839e-01 2.591323e-01 2.591323e-01 5.759516e-01 5.759516e-01
41 8.402740e-01 2.659497e-01 2.659497e-01 5.743243e-01 5.743243e-01
42 8.496131e-01 2.659497e-01 2.659497e-01 5.836634e-01 5.836634e-01
43 8.607004e-01 2.728643e-01 2.728643e-01 5.878361e-01 5.878361e-01
44 8.880130e-01 2.860903e-01 2.860903e-01 6.019227e-01 6.019227e-01
45 8.948704e-01 2.930352e-01 2.930352e-01 6.018352e-01 6.018352e-01
46 9.056954e-01 2.930352e-01 2.930352e-01 6.126601e-01 6.126601e-01
47 9.112016e-01 3.000517e-01 3.000517e-01 6.111499e-01 6.111499e-01
48 9.184571e-01 3.126619e-01 3.126619e-01 6.057952e-01 6.057952e-01
49 9.241052e-01 3.196634e-01 3.196634e-01 6.044418e-01 6.044418e-01
50 9.350447e-01 3.196634e-01 3.196634e-01 6.153813e-01 6.153813e-01
51 9.354169e-01 3.267126e-01 3.267126e-01 6.087043e-01 6.087043e-01
52 9.458944e-01 3.387198e-01 3.387198e-01 6.071746e-01 6.071746e-01
53 9.481620e-01 3.457155e-01 3.457155e-01 6.024465e-01 6.024465e-01
54 9.513738e-01 3.457155e-01 3.457155e-01 6.056583e-01 6.056583e-01
55 9.538025e-01 3.527372e-01 3.527372e-01 6.010653e-01 6.010653e-01
56 9.563269e-01 3.641593e-01 3.641593e-01 5.921676e-01 5.921676e-01
57 9.589315e-01 3.710960e-01 3.710960e-01 5.878355e-01 5.878355e-01
58 9.626200e-01 3.710960e-01 3.710960e-01 5.915240e-01 5.915240e-01
59 9.647261e-01 3.780392e-01 3.780392e-01 5.866869e-01 5.866869e-01
60 9.658906e-01 3.888975e-01 3.888975e-01 5.769930e-01 5.769930e-01
61 9.671886e-01 3.957305e-01 3.957305e-01 5.714581e-01 5.714581e-01
62 9.697224e-01 3.957305e-01 3.957305e-01 5.739919e-01 5.739919e-01
63 9.712035e-01 4.025532e-01 4.025532e-01 5.686503e-01 5.686503e-01
64 9.716920e-01 4.128718e-01 4.128718e-01 5.588202e-01 5.588202e-01
65 9.758752e-01 4.195645e-01 4.195645e-01 5.563107e-01 5.563107e-01
66 9.771547e-01 4.195645e-01 4.195645e-01 5.575902e-01 5.575902e-01
67 9.787301e-01 4.262328e-01 4.262328e-01 5.524973e-01 5.524973e-01
68 9.794686e-01 4.360371e-01 4.360371e-01 5.434315e-01 5.434315e-01
69 9.801986e-01 4.425606e-01 4.425606e-01 5.376379e-01 5.376379e-01
70 9.816147e-01 4.425606e-01 4.425606e-01 5.390541e-01 5.390541e-01
71 9.820631e-01 4.490480e-01 4.490480e-01 5.330151e-01 5.330151e-01
72 9.836159e-01 4.583646e-01 4.583646e-01 5.252513e-01 5.252513e-01
73 9.846295e-01 4.646967e-01 4.646967e-01 5.199329e-01 5.199329e-01
74 9.852431e-01 4.646967e-01 4.646967e-01 5.205464e-01 5.205464e-01
75 9.862767e-01 4.709833e-01 4.709833e-01 5.152934e-01 5.152934e-01
76 9.866323e-01 4.798387e-01 4.798387e-01 5.067935e-01 5.067935e-01
77 9.869210e-01 4.859631e-01 4.859631e-01 5.009580e-01 5.009580e-01
78 9.879797e-01 4.859631e-01 4.859631e-01 5.020166e-01 5.020166e-01
79 9.885787e-01 4.920347e-01 4.920347e-01 4.965440e-01 4.965440e-01
80 9.890435e-01 5.004553e-01 5.004553e-01 4.885882e-01 4.885882e-01
81 9.893589e-01 5.063607e-01 5.063607e-01 4.829982e-01 4.829982e-01
82 9.896383e-01 5.063607e-01 5.063607e-01 4.832776e-01 4.832776e-01
83 9.904289e-01 5.122080e-01 5.122080e-01 4.782208e-01 4.782208e-01
84 9.906781e-01 5.202194e-01 5.202194e-01 4.704587e-01 4.704587e-01
85 9.913638e-01 5.258991e-01 5.258991e-01 4.654647e-01 4.654647e-01
86 9.914152e-01 5.258991e-01 5.258991e-01 4.655160e-01 4.655160e-01
87 9.916415e-01 5.315169e-01 5.315169e-01 4.601246e-01 4.601246e-01
88 9.922112e-01 5.391437e-01 5.391437e-01 4.530675e-01 4.530675e-01
89 9.922539e-01 5.445944e-01 5.445944e-01 4.476595e-01 4.476595e-01
90 9.927687e-01 5.445944e-01 5.445944e-01 4.481742e-01 4.481742e-01
91 9.930048e-01 5.499807e-01 5.499807e-01 4.430241e-01 4.430241e-01
92 9.932729e-01 5.572464e-01 5.572464e-01 4.360265e-01 4.360265e-01
93 9.937008e-01 5.624679e-01 5.624679e-01 4.312329e-01 4.312329e-01
94 9.937517e-01 5.624679e-01 5.624679e-01 4.312838e-01 4.312838e-01
95 9.939516e-01 5.676235e-01 5.676235e-01 4.263281e-01 4.263281e-01
96 9.942580e-01 5.745504e-01 5.745504e-01 4.197076e-01 4.197076e-01
97 9.943749e-01 5.795446e-01 5.795446e-01 4.148303e-01 4.148303e-01
98 9.945164e-01 5.795446e-01 5.795446e-01 4.149719e-01 4.149719e-01
99 9.947209e-01 5.844725e-01 5.844725e-01 4.102484e-01 4.102484e-01
100 9.948814e-01 5.910815e-01 5.910815e-01 4.037999e-01 4.037999e-01
101 9.951306e-01 5.958522e-01 5.958522e-01 3.992784e-01 3.992784e-01
102 9.952778e-01 5.958522e-01 5.958522e-01 3.994255e-01 3.994255e-01
103 9.953500e-01 6.005570e-01 6.005570e-01 3.947929e-01 3.947929e-01
104 9.956403e-01 6.068678e-01 6.068678e-01 3.887725e-01 3.887725e-01
105 9.957494e-01 6.114203e-01 6.114203e-01 3.843291e-01 3.843291e-01
106 9.957826e-01 6.114203e-01 6.114203e-01 3.843623e-01 3.843623e-01
107 9.959519e-01 6.159079e-01 6.159079e-01 3.800440e-01 3.800440e-01
108 9.961295e-01 6.219388e-01 6.219388e-01 3.741907e-01 3.741907e-01
109 9.961911e-01 6.262794e-01 6.262794e-01 3.699117e-01 3.699117e-01
110 9.962845e-01 6.262794e-01 6.262794e-01 3.700051e-01 3.700051e-01
111 9.963533e-01 6.305564e-01 6.305564e-01 3.657968e-01 3.657968e-01
112 9.965818e-01 6.363244e-01 6.363244e-01 3.602574e-01 3.602574e-01
113 9.966271e-01 6.404602e-01 6.404602e-01 3.561669e-01 3.561669e-01
114 9.966459e-01 6.404602e-01 6.404602e-01 3.561857e-01 3.561857e-01
115 9.967816e-01 6.445341e-01 6.445341e-01 3.522475e-01 3.522475e-01
116 9.969047e-01 6.500551e-01 6.500551e-01 3.468497e-01 3.468497e-01
117 9.969317e-01 6.539935e-01 6.539935e-01 3.429382e-01 3.429382e-01
118 9.969875e-01 6.539935e-01 6.539935e-01 3.429940e-01 3.429940e-01
119 9.971362e-01 6.578722e-01 6.578722e-01 3.392640e-01 3.392640e-01
120 9.971586e-01 6.631607e-01 6.631607e-01 3.339979e-01 3.339979e-01
121 9.972648e-01 6.669097e-01 6.669097e-01 3.303551e-01 3.303551e-01
122 9.973590e-01 6.669097e-01 6.669097e-01 3.304492e-01 3.304492e-01
123 9.973821e-01 6.706011e-01 6.706011e-01 3.267811e-01 3.267811e-01
124 9.975449e-01 6.756709e-01 6.756709e-01 3.218740e-01 3.218740e-01
125 9.975655e-01 6.792384e-01 6.792384e-01 3.183271e-01 3.183271e-01
126 9.976720e-01 6.792384e-01 6.792384e-01 3.184337e-01 3.184337e-01
127 9.977483e-01 6.827505e-01 6.827505e-01 3.149977e-01 3.149977e-01
128 9.978463e-01 6.876142e-01 6.876142e-01 3.102321e-01 3.102321e-01
129 9.979169e-01 6.910082e-01 6.910082e-01 3.069087e-01 3.069087e-01
130 9.979591e-01 6.910082e-01 6.910082e-01 3.069510e-01 3.069510e-01
131 9.980009e-01 6.943491e-01 6.943491e-01 3.036518e-01 3.036518e-01
132 9.981075e-01 6.990183e-01 6.990183e-01 2.990892e-01 2.990892e-01
133 9.981589e-01 7.022467e-01 7.022467e-01 2.959122e-01 2.959122e-01
134 9.982087e-01 7.022467e-01 7.022467e-01 2.959620e-01 2.959620e-01
135 9.982857e-01 7.054245e-01 7.054245e-01 2.928612e-01 2.928612e-01
136 9.983773e-01 7.099100e-01 7.099100e-01 2.884673e-01 2.884673e-01
137 9.984244e-01 7.129806e-01 7.129806e-01 2.854439e-01 2.854439e-01
138 9.984740e-01 7.129806e-01 7.129806e-01 2.854934e-01 2.854934e-01
139 9.985052e-01 7.160029e-01 7.160029e-01 2.825023e-01 2.825023e-01
140 9.986058e-01 7.203146e-01 7.203146e-01 2.782911e-01 2.782911e-01
141 9.986600e-01 7.232350e-01 7.232350e-01 2.754249e-01 2.754249e-01
142 9.987234e-01 7.232350e-01 7.232350e-01 2.754884e-01 2.754884e-01
143 9.988316e-01 7.261094e-01 7.261094e-01 2.727221e-01 2.727221e-01
