# Hello World! This is dune-eigensolver.
# hardware number of threads is 128 number of threads used is 1
# 8 8
# Smallest eigenvalues convergence test

#  n: 28900 A.N(): 28900 br: 1
# GeneralizedInverse:  time_total=2.250383e+01 time_factorization=9.975970e-02 iterations=91

# Arpack: time_total=6.325548e+00 iterations=1

# Eigensolver elapsed time 2.250724e+01

# N= 28900 M= 144 ACCURACY= 5.000000e-01 TOL= 1.000000e-02 THRESHOLD= 9.000000e-02 ESARERROR= 6.623807e-01 ARPERROR= 4.685647e-03 ESANERROR= 0.000000e+00 TIMERATIO= 3.558148e+00 \\

## gen: ftw     ARP-SMALL-TOL  ARPACK-TOL  ES-ARP-SMALL  ES-AR ERROR
00 -1.618714e-15 -1.294537e-16 -1.294537e-16 1.489260e-15 1.489260e-15
01 8.824167e-03 8.824167e-03 8.824167e-03 7.632783e-17 7.632783e-17
02 8.824167e-03 8.824167e-03 8.824167e-03 9.020562e-17 9.020562e-17
03 1.334551e-02 1.334551e-02 1.334551e-02 1.040834e-16 1.040834e-16
04 2.922491e-02 2.922491e-02 2.922491e-02 4.212250e-10 4.212250e-10
05 3.180580e-02 3.180579e-02 3.180579e-02 6.641439e-09 6.641439e-09
06 3.180965e-02 3.180579e-02 3.180579e-02 3.855347e-06 3.855347e-06
07 3.271401e-02 3.271787e-02 3.271787e-02 3.862410e-06 3.862410e-06
08 5.148893e-02 5.148734e-02 5.148734e-02 1.587087e-06 1.587087e-06
09 5.402924e-02 5.402982e-02 5.402982e-02 5.803733e-07 5.803733e-07
10 5.402976e-02 5.402982e-02 5.402982e-02 6.536898e-08 6.536898e-08
11 5.691147e-02 5.691242e-02 5.691242e-02 9.413448e-07 9.413448e-07
12 7.468375e-02 7.465499e-02 7.465499e-02 2.876380e-05 2.876380e-05
13 7.809167e-02 7.811994e-02 7.811994e-02 2.826892e-05 2.826892e-05
14 7.812061e-02 7.811994e-02 7.811994e-02 6.783352e-07 6.783352e-07
15 8.177962e-02 8.178079e-02 8.178079e-02 1.173216e-06 1.173216e-06
16 9.915517e-02 9.909065e-02 9.909065e-02 6.451463e-05 6.451463e-05
17 1.032608e-01 1.033071e-01 1.033071e-01 4.634050e-05 4.634050e-05
18 1.032893e-01 1.033071e-01 1.033071e-01 1.782027e-05 1.782027e-05
19 1.077380e-01 1.077383e-01 1.077383e-01 3.538612e-07 3.538612e-07
20 1.245706e-01 1.245339e-01 1.245339e-01 3.670791e-05 3.670791e-05
21 1.293997e-01 1.294174e-01 1.294174e-01 1.767903e-05 1.767903e-05
22 1.294505e-01 1.294174e-01 1.294174e-01 3.315513e-05 3.315513e-05
23 1.344548e-01 1.345070e-01 1.345070e-01 5.218402e-05 5.218402e-05
24 1.507643e-01 1.507634e-01 1.507634e-01 8.643124e-07 8.643124e-07
25 1.562584e-01 1.562201e-01 1.562201e-01 3.830229e-05 3.830229e-05
26 1.569584e-01 1.562201e-01 1.562201e-01 7.383081e-04 7.383081e-04
27 1.610922e-01 1.618697e-01 1.618697e-01 7.774681e-04 7.774681e-04
28 1.775551e-01 1.775528e-01 1.775528e-01 2.281302e-06 2.281302e-06
29 1.834876e-01 1.834876e-01 1.834876e-01 2.020354e-08 2.020354e-08
30 1.836041e-01 1.834876e-01 1.834876e-01 1.165762e-04 1.165762e-04
31 1.894826e-01 1.895946e-01 1.895946e-01 1.119956e-04 1.119956e-04
32 2.047257e-01 2.046808e-01 2.046808e-01 4.486455e-05 4.486455e-05
33 2.109775e-01 2.109993e-01 2.109993e-01 2.187948e-05 2.187948e-05
34 2.109929e-01 2.109993e-01 2.109993e-01 6.398037e-06 6.398037e-06
35 2.174434e-01 2.174667e-01 2.174667e-01 2.336107e-05 2.336107e-05
36 2.354112e-01 2.319382e-01 2.319382e-01 3.472920e-03 3.472920e-03
37 2.368047e-01 2.385492e-01 2.385492e-01 1.744527e-03 1.744527e-03
38 2.369868e-01 2.385492e-01 2.385492e-01 1.562355e-03 1.562355e-03
39 2.451173e-01 2.452832e-01 2.452832e-01 1.658798e-04 1.658798e-04
40 2.607987e-01 2.591323e-01 2.591323e-01 1.666463e-03 1.666463e-03
41 2.644784e-01 2.659497e-01 2.659497e-01 1.471315e-03 1.471315e-03
42 2.659952e-01 2.659497e-01 2.659497e-01 4.547743e-05 4.547743e-05
43 2.726238e-01 2.728643e-01 2.728643e-01 2.404863e-04 2.404863e-04
44 2.864024e-01 2.860903e-01 2.860903e-01 3.121157e-04 3.121157e-04
45 2.927305e-01 2.930352e-01 2.930352e-01 3.047629e-04 3.047629e-04
46 2.934704e-01 2.930352e-01 2.930352e-01 4.352104e-04 4.352104e-04
47 3.001849e-01 3.000517e-01 3.000517e-01 1.331895e-04 1.331895e-04
48 3.121334e-01 3.126619e-01 3.126619e-01 5.285237e-04 5.285237e-04
49 3.197510e-01 3.196634e-01 3.196634e-01 8.766173e-05 8.766173e-05
50 3.199592e-01 3.196634e-01 3.196634e-01 2.958574e-04 2.958574e-04
51 3.263421e-01 3.267126e-01 3.267126e-01 3.704584e-04 3.704584e-04
52 3.395721e-01 3.387198e-01 3.387198e-01 8.523892e-04 8.523892e-04
53 3.452024e-01 3.457155e-01 3.457155e-01 5.130979e-04 5.130979e-04
54 3.453600e-01 3.457155e-01 3.457155e-01 3.555465e-04 3.555465e-04
55 3.532325e-01 3.527372e-01 3.527372e-01 4.952969e-04 4.952969e-04
56 3.641642e-01 3.641593e-01 3.641593e-01 4.924657e-06 4.924657e-06
57 3.705672e-01 3.710960e-01 3.710960e-01 5.287690e-04 5.287690e-04
58 3.742810e-01 3.710960e-01 3.710960e-01 3.185003e-03 3.185003e-03
59 3.748470e-01 3.780392e-01 3.780392e-01 3.192229e-03 3.192229e-03
60 3.892686e-01 3.888975e-01 3.888975e-01 3.710822e-04 3.710822e-04
61 3.957501e-01 3.957305e-01 3.957305e-01 1.958064e-05 1.958064e-05
62 3.958616e-01 3.957305e-01 3.957305e-01 1.310474e-04 1.310474e-04
63 4.021032e-01 4.025532e-01 4.025532e-01 4.500589e-04 4.500589e-04
64 4.153072e-01 4.128718e-01 4.128718e-01 2.435391e-03 2.435391e-03
65 4.180744e-01 4.195645e-01 4.195645e-01 1.490060e-03 1.490060e-03
66 4.192452e-01 4.195645e-01 4.195645e-01 3.192403e-04 3.192403e-04
67 4.277413e-01 4.262328e-01 4.262328e-01 1.508476e-03 1.508476e-03
68 4.345848e-01 4.360371e-01 4.360371e-01 1.452381e-03 1.452381e-03
69 4.421483e-01 4.425606e-01 4.425606e-01 4.123173e-04 4.123173e-04
70 4.424973e-01 4.425606e-01 4.425606e-01 6.332917e-05 6.332917e-05
71 4.523011e-01 4.490480e-01 4.490480e-01 3.253125e-03 3.253125e-03
72 4.552769e-01 4.583646e-01 4.583646e-01 3.087722e-03 3.087722e-03
73 4.652109e-01 4.646967e-01 4.646967e-01 5.142181e-04 5.142181e-04
74 4.659271e-01 4.646967e-01 4.646967e-01 1.230378e-03 1.230378e-03
75 4.700523e-01 4.709833e-01 4.709833e-01 9.309775e-04 9.309775e-04
76 4.814346e-01 4.798387e-01 4.798387e-01 1.595849e-03 1.595849e-03
77 4.834694e-01 4.859631e-01 4.859631e-01 2.493690e-03 2.493690e-03
78 4.867174e-01 4.859631e-01 4.859631e-01 7.542942e-04 7.542942e-04
79 4.914002e-01 4.920347e-01 4.920347e-01 6.344146e-04 6.344146e-04
80 5.022831e-01 5.004553e-01 5.004553e-01 1.827862e-03 1.827862e-03
81 5.054573e-01 5.063607e-01 5.063607e-01 9.034162e-04 9.034162e-04
82 5.057668e-01 5.063607e-01 5.063607e-01 5.939654e-04 5.939654e-04
83 5.126960e-01 5.122080e-01 5.122080e-01 4.879380e-04 4.879380e-04
84 5.217581e-01 5.202194e-01 5.202194e-01 1.538716e-03 1.538716e-03
85 5.251953e-01 5.258991e-01 5.258991e-01 7.038891e-04 7.038891e-04
86 5.289178e-01 5.258991e-01 5.258991e-01 3.018649e-03 3.018649e-03
87 5.311834e-01 5.315169e-01 5.315169e-01 3.335340e-04 3.335340e-04
88 5.371121e-01 5.391437e-01 5.391437e-01 2.031615e-03 2.031615e-03
89 5.422205e-01 5.445944e-01 5.445944e-01 2.373916e-03 2.373916e-03
90 5.452259e-01 5.445944e-01 5.445944e-01 6.315123e-04 6.315123e-04
91 5.510281e-01 5.499807e-01 5.499807e-01 1.047413e-03 1.047413e-03
92 5.592181e-01 5.572464e-01 5.572464e-01 1.971656e-03 1.971656e-03
93 5.606203e-01 5.624679e-01 5.624679e-01 1.847591e-03 1.847591e-03
94 5.614966e-01 5.624679e-01 5.624679e-01 9.712799e-04 9.712799e-04
95 5.680028e-01 5.676235e-01 5.676235e-01 3.793001e-04 3.793001e-04
96 5.769117e-01 5.745504e-01 5.745504e-01 2.361250e-03 2.361250e-03
97 5.795369e-01 5.795446e-01 5.795446e-01 7.684619e-06 7.684619e-06
98 5.798059e-01 5.795446e-01 5.795446e-01 2.613043e-04 2.613043e-04
99 5.863345e-01 5.844725e-01 5.844725e-01 1.862030e-03 1.862030e-03
100 5.863959e-01 5.910815e-01 5.910815e-01 4.685647e-03 4.685647e-03
101 5.959638e-01 5.958522e-01 5.958522e-01 1.116069e-04 1.116069e-04
102 5.960644e-01 5.958522e-01 5.958522e-01 2.121915e-04 2.121915e-04
103 6.038401e-01 6.005570e-01 6.005570e-01 3.283042e-03 3.283042e-03
104 6.038773e-01 6.068678e-01 6.068678e-01 2.990480e-03 2.990480e-03
105 6.118897e-01 6.114203e-01 6.114203e-01 4.693273e-04 4.693273e-04
106 6.155959e-01 6.114203e-01 6.114203e-01 4.175541e-03 4.175541e-03
107 6.166033e-01 6.159079e-01 6.159079e-01 6.954318e-04 6.954318e-04
108 6.173407e-01 6.219388e-01 6.219388e-01 4.598020e-03 4.598020e-03
109 6.253955e-01 6.262794e-01 6.262794e-01 8.838549e-04 8.838549e-04
110 6.305720e-01 6.262794e-01 6.262794e-01 4.292648e-03 4.292648e-03
111 6.330306e-01 6.305564e-01 6.305564e-01 2.474191e-03 2.474191e-03
112 6.335702e-01 6.363244e-01 6.363244e-01 2.754255e-03 2.754255e-03
113 6.388606e-01 6.404602e-01 6.404602e-01 1.599579e-03 1.599579e-03
114 6.435454e-01 6.404602e-01 6.404602e-01 3.085268e-03 3.085268e-03
115 6.439582e-01 6.445341e-01 6.445341e-01 5.758972e-04 5.758972e-04
116 6.496952e-01 6.500551e-01 6.500551e-01 3.598707e-04 3.598707e-04
117 6.541362e-01 6.539935e-01 6.539935e-01 1.426784e-04 1.426784e-04
118 6.548985e-01 6.539935e-01 6.539935e-01 9.049808e-04 9.049808e-04
119 6.567892e-01 6.578722e-01 6.578722e-01 1.082938e-03 1.082938e-03
120 6.606418e-01 6.631607e-01 6.631607e-01 2.518924e-03 2.518924e-03
121 6.661886e-01 6.669097e-01 6.669097e-01 7.211052e-04 7.211052e-04
122 6.685061e-01 6.669097e-01 6.669097e-01 1.596387e-03 1.596387e-03
123 6.729035e-01 6.706011e-01 6.706011e-01 2.302413e-03 2.302413e-03
124 6.747200e-01 6.756709e-01 6.756709e-01 9.508553e-04 9.508553e-04
125 6.781323e-01 6.792384e-01 6.792384e-01 1.106133e-03 1.106133e-03
126 6.789533e-01 6.792384e-01 6.792384e-01 2.851195e-04 2.851195e-04
127 6.859060e-01 6.827505e-01 6.827505e-01 3.155455e-03 3.155455e-03
128 6.893211e-01 6.876142e-01 6.876142e-01 1.706949e-03 1.706949e-03
129 6.897069e-01 6.910082e-01 6.910082e-01 1.301274e-03 1.301274e-03
130 6.918822e-01 6.910082e-01 6.910082e-01 8.740476e-04 8.740476e-04
131 6.939935e-01 6.943491e-01 6.943491e-01 3.556450e-04 3.556450e-04
132 6.971716e-01 6.990183e-01 6.990183e-01 1.846699e-03 1.846699e-03
133 6.985775e-01 7.022467e-01 7.022467e-01 3.669281e-03 3.669281e-03
134 7.068742e-01 7.022467e-01 7.022467e-01 4.627420e-03 4.627420e-03
135 7.080802e-01 7.054245e-01 7.054245e-01 2.655730e-03 2.655730e-03
136 7.087479e-01 7.099100e-01 7.099100e-01 1.162011e-03 1.162011e-03
137 7.114218e-01 7.129806e-01 7.129806e-01 1.558740e-03 1.558740e-03
138 7.123860e-01 7.129806e-01 7.129806e-01 5.945892e-04 5.945892e-04
139 7.144259e-01 7.160029e-01 7.160029e-01 1.577009e-03 1.577009e-03
140 7.207096e-01 7.203146e-01 7.203146e-01 3.949558e-04 3.949558e-04
141 7.253756e-01 7.232350e-01 7.232350e-01 2.140526e-03 2.140526e-03
142 7.257743e-01 7.232350e-01 7.232350e-01 2.539231e-03 2.539231e-03
143 7.296963e-01 7.261094e-01 7.261094e-01 3.586865e-03 3.586865e-03
