# Hello World! This is dune-eigensolver.
# hardware number of threads is 128 number of threads used is 1
# 8 8
# Smallest eigenvalues convergence test

#  n: 28900 A.N(): 28900 br: 1
# GeneralizedInverse:  time_total=9.849257e+01 time_factorization=9.690357e-02 iterations=402

# Arpack: time_total=6.373147e+00 iterations=1

# Eigensolver elapsed time 9.849526e+01

# N= 28900 M= 144 ACCURACY= 5.000000e-01 TOL= 2.000000e-04 THRESHOLD= 9.000000e-02 ESARERROR= 6.577658e-01 ARPERROR= 1.853323e-03 ESANERROR= 0.000000e+00 TIMERATIO= 1.545473e+01 \\

## gen: ftw     ARP-SMALL-TOL  ARPACK-TOL  ES-ARP-SMALL  ES-AR ERROR
00 -1.618714e-15 -1.294537e-16 -1.294537e-16 1.489260e-15 1.489260e-15
01 8.824167e-03 8.824167e-03 8.824167e-03 4.857226e-17 4.857226e-17
02 8.824167e-03 8.824167e-03 8.824167e-03 8.326673e-17 8.326673e-17
03 1.334551e-02 1.334551e-02 1.334551e-02 1.630640e-16 1.630640e-16
04 2.922491e-02 2.922491e-02 2.922491e-02 3.295975e-16 3.295975e-16
05 3.180579e-02 3.180579e-02 3.180579e-02 4.857226e-17 4.857226e-17
06 3.180579e-02 3.180579e-02 3.180579e-02 1.509626e-13 1.509626e-13
07 3.271787e-02 3.271787e-02 3.271787e-02 1.522740e-13 1.522740e-13
08 5.148734e-02 5.148734e-02 5.148734e-02 5.689893e-16 5.689893e-16
09 5.402982e-02 5.402982e-02 5.402982e-02 4.093947e-16 4.093947e-16
10 5.402982e-02 5.402982e-02 5.402982e-02 4.371503e-16 4.371503e-16
11 5.691242e-02 5.691242e-02 5.691242e-02 4.996004e-16 4.996004e-16
12 7.465499e-02 7.465499e-02 7.465499e-02 4.857226e-16 4.857226e-16
13 7.811994e-02 7.811994e-02 7.811994e-02 2.914335e-16 2.914335e-16
14 7.811994e-02 7.811994e-02 7.811994e-02 3.053113e-16 3.053113e-16
15 8.178079e-02 8.178079e-02 8.178079e-02 2.914335e-16 2.914335e-16
16 9.909065e-02 9.909065e-02 9.909065e-02 1.249001e-16 1.249001e-16
17 1.033071e-01 1.033071e-01 1.033071e-01 6.383782e-16 6.383782e-16
18 1.033071e-01 1.033071e-01 1.033071e-01 5.412337e-16 5.412337e-16
19 1.077383e-01 1.077383e-01 1.077383e-01 3.885781e-16 3.885781e-16
20 1.245339e-01 1.245339e-01 1.245339e-01 1.526557e-15 1.526557e-15
21 1.294174e-01 1.294174e-01 1.294174e-01 7.494005e-16 7.494005e-16
22 1.294174e-01 1.294174e-01 1.294174e-01 1.110223e-15 1.110223e-15
23 1.345070e-01 1.345070e-01 1.345070e-01 2.720046e-15 2.720046e-15
24 1.507634e-01 1.507634e-01 1.507634e-01 8.326673e-17 8.326673e-17
25 1.562201e-01 1.562201e-01 1.562201e-01 1.118550e-14 1.118550e-14
26 1.562201e-01 1.562201e-01 1.562201e-01 2.504108e-13 2.504108e-13
27 1.618697e-01 1.618697e-01 1.618697e-01 2.620959e-13 2.620959e-13
28 1.775528e-01 1.775528e-01 1.775528e-01 2.997602e-15 2.997602e-15
29 1.834876e-01 1.834876e-01 1.834876e-01 2.220446e-16 2.220446e-16
30 1.834876e-01 1.834876e-01 1.834876e-01 1.889322e-13 1.889322e-13
31 1.895946e-01 1.895946e-01 1.895946e-01 1.935119e-13 1.935119e-13
32 2.046808e-01 2.046808e-01 2.046808e-01 3.490541e-13 3.490541e-13
33 2.109993e-01 2.109993e-01 2.109993e-01 1.481315e-13 1.481315e-13
34 2.109993e-01 2.109993e-01 2.109993e-01 2.153833e-14 2.153833e-14
35 2.174667e-01 2.174667e-01 2.174667e-01 1.798284e-13 1.798284e-13
36 2.319382e-01 2.319382e-01 2.319382e-01 5.745602e-10 5.745602e-10
37 2.385492e-01 2.385492e-01 2.385492e-01 4.107965e-10 4.107965e-10
38 2.385492e-01 2.385492e-01 2.385492e-01 1.611922e-10 1.611922e-10
39 2.452832e-01 2.452832e-01 2.452832e-01 2.573691e-12 2.573691e-12
40 2.591323e-01 2.591323e-01 2.591323e-01 2.191211e-10 2.191211e-10
41 2.659497e-01 2.659497e-01 2.659497e-01 1.965959e-10 1.965959e-10
42 2.659497e-01 2.659497e-01 2.659497e-01 7.855827e-12 7.855827e-12
43 2.728643e-01 2.728643e-01 2.728643e-01 3.038203e-11 3.038203e-11
44 2.860903e-01 2.860903e-01 2.860903e-01 1.141189e-10 1.141189e-10
45 2.930352e-01 2.930352e-01 2.930352e-01 1.117799e-10 1.117799e-10
46 2.930352e-01 2.930352e-01 2.930352e-01 1.983737e-10 1.983737e-10
47 3.000517e-01 3.000517e-01 3.000517e-01 2.007088e-10 2.007088e-10
48 3.126619e-01 3.126619e-01 3.126619e-01 5.184186e-11 5.184186e-11
49 3.196634e-01 3.196634e-01 3.196634e-01 1.338553e-10 1.338553e-10
50 3.196634e-01 3.196634e-01 3.196634e-01 4.202280e-10 4.202280e-10
51 3.267126e-01 3.267126e-01 3.267126e-01 6.059213e-10 6.059213e-10
52 3.387198e-01 3.387198e-01 3.387198e-01 3.268953e-09 3.268953e-09
53 3.457155e-01 3.457155e-01 3.457155e-01 1.963072e-09 1.963072e-09
54 3.457155e-01 3.457155e-01 3.457155e-01 1.231071e-09 1.231071e-09
55 3.527372e-01 3.527372e-01 3.527372e-01 7.345097e-11 7.345097e-11
56 3.641593e-01 3.641593e-01 3.641593e-01 4.545047e-09 4.545047e-09
57 3.710960e-01 3.710960e-01 3.710960e-01 4.466477e-09 4.466477e-09
58 3.710961e-01 3.710960e-01 3.710960e-01 8.236881e-08 8.236881e-08
59 3.780392e-01 3.780392e-01 3.780392e-01 8.244857e-08 8.244857e-08
60 3.889027e-01 3.888975e-01 3.888975e-01 5.118682e-06 5.118682e-06
61 3.957254e-01 3.957305e-01 3.957305e-01 5.111791e-06 5.111791e-06
62 3.957305e-01 3.957305e-01 3.957305e-01 5.416436e-09 5.416436e-09
63 4.025532e-01 4.025532e-01 4.025532e-01 1.230590e-08 1.230590e-08
64 4.128739e-01 4.128718e-01 4.128718e-01 2.105771e-06 2.105771e-06
65 4.195625e-01 4.195645e-01 4.195645e-01 1.991378e-06 1.991378e-06
66 4.195644e-01 4.195645e-01 4.195645e-01 7.397737e-08 7.397737e-08
67 4.262327e-01 4.262328e-01 4.262328e-01 3.902504e-08 3.902504e-08
68 4.360372e-01 4.360371e-01 4.360371e-01 7.982215e-08 7.982215e-08
69 4.425606e-01 4.425606e-01 4.425606e-01 4.981455e-08 4.981455e-08
70 4.425606e-01 4.425606e-01 4.425606e-01 7.487785e-09 7.487785e-09
71 4.490480e-01 4.490480e-01 4.490480e-01 2.297597e-08 2.297597e-08
72 4.583647e-01 4.583646e-01 4.583646e-01 3.284255e-08 3.284255e-08
73 4.646968e-01 4.646967e-01 4.646967e-01 1.007140e-07 1.007140e-07
74 4.646969e-01 4.646967e-01 4.646967e-01 2.576494e-07 2.576494e-07
75 4.709828e-01 4.709833e-01 4.709833e-01 4.378028e-07 4.378028e-07
76 4.798425e-01 4.798387e-01 4.798387e-01 3.787937e-06 3.787937e-06
77 4.859594e-01 4.859631e-01 4.859631e-01 3.652223e-06 3.652223e-06
78 4.859850e-01 4.859631e-01 4.859631e-01 2.190517e-05 2.190517e-05
79 4.920126e-01 4.920347e-01 4.920347e-01 2.204117e-05 2.204117e-05
80 5.004948e-01 5.004553e-01 5.004553e-01 3.955741e-05 3.955741e-05
81 5.063320e-01 5.063607e-01 5.063607e-01 2.876126e-05 2.876126e-05
82 5.063500e-01 5.063607e-01 5.063607e-01 1.078112e-05 1.078112e-05
83 5.122081e-01 5.122080e-01 5.122080e-01 4.138184e-08 4.138184e-08
84 5.202245e-01 5.202194e-01 5.202194e-01 5.072932e-06 5.072932e-06
85 5.259048e-01 5.258991e-01 5.258991e-01 5.629777e-06 5.629777e-06
86 5.259187e-01 5.258991e-01 5.258991e-01 1.956948e-05 1.956948e-05
87 5.314871e-01 5.315169e-01 5.315169e-01 2.974930e-05 2.974930e-05
88 5.391561e-01 5.391437e-01 5.391437e-01 1.241745e-05 1.241745e-05
89 5.445817e-01 5.445944e-01 5.445944e-01 1.276531e-05 1.276531e-05
90 5.445953e-01 5.445944e-01 5.445944e-01 8.422612e-07 8.422612e-07
91 5.502271e-01 5.499807e-01 5.499807e-01 2.463915e-04 2.463915e-04
92 5.570084e-01 5.572464e-01 5.572464e-01 2.380344e-04 2.380344e-04
93 5.624664e-01 5.624679e-01 5.624679e-01 1.508563e-06 1.508563e-06
94 5.631399e-01 5.624679e-01 5.624679e-01 6.720458e-04 6.720458e-04
95 5.669437e-01 5.676235e-01 5.676235e-01 6.798573e-04 6.798573e-04
96 5.745783e-01 5.745504e-01 5.745504e-01 2.783613e-05 2.783613e-05
97 5.795386e-01 5.795446e-01 5.795446e-01 5.999291e-06 5.999291e-06
98 5.795408e-01 5.795446e-01 5.795446e-01 3.735104e-06 3.735104e-06
99 5.844632e-01 5.844725e-01 5.844725e-01 9.246026e-06 9.246026e-06
100 5.910765e-01 5.910815e-01 5.910815e-01 5.043668e-06 5.043668e-06
101 5.958512e-01 5.958522e-01 5.958522e-01 1.038839e-06 1.038839e-06
102 5.958585e-01 5.958522e-01 5.958522e-01 6.286769e-06 6.286769e-06
103 6.005548e-01 6.005570e-01 6.005570e-01 2.278207e-06 2.278207e-06
104 6.068637e-01 6.068678e-01 6.068678e-01 4.082931e-06 4.082931e-06
105 6.115046e-01 6.114203e-01 6.114203e-01 8.424140e-05 8.424140e-05
106 6.115488e-01 6.114203e-01 6.114203e-01 1.284555e-04 1.284555e-04
107 6.157032e-01 6.159079e-01 6.159079e-01 2.046606e-04 2.046606e-04
108 6.219346e-01 6.219388e-01 6.219388e-01 4.203544e-06 4.203544e-06
109 6.262743e-01 6.262794e-01 6.262794e-01 5.070785e-06 5.070785e-06
110 6.262792e-01 6.262794e-01 6.262794e-01 2.057119e-07 2.057119e-07
111 6.305824e-01 6.305564e-01 6.305564e-01 2.597941e-05 2.597941e-05
112 6.368567e-01 6.363244e-01 6.363244e-01 5.323282e-04 5.323282e-04
113 6.399108e-01 6.404602e-01 6.404602e-01 5.493947e-04 5.493947e-04
114 6.404773e-01 6.404602e-01 6.404602e-01 1.716171e-05 1.716171e-05
115 6.445105e-01 6.445341e-01 6.445341e-01 2.362906e-05 2.362906e-05
116 6.500793e-01 6.500551e-01 6.500551e-01 2.419019e-05 2.419019e-05
117 6.539904e-01 6.539935e-01 6.539935e-01 3.123866e-06 3.123866e-06
118 6.544463e-01 6.539935e-01 6.539935e-01 4.528047e-04 4.528047e-04
119 6.574150e-01 6.578722e-01 6.578722e-01 4.571762e-04 4.571762e-04
120 6.631534e-01 6.631607e-01 6.631607e-01 7.366191e-06 7.366191e-06
121 6.668972e-01 6.669097e-01 6.669097e-01 1.254289e-05 1.254289e-05
122 6.669841e-01 6.669097e-01 6.669097e-01 7.432851e-05 7.432851e-05
123 6.722080e-01 6.706011e-01 6.706011e-01 1.606901e-03 1.606901e-03
124 6.758551e-01 6.756709e-01 6.756709e-01 1.841766e-04 1.841766e-04
125 6.773851e-01 6.792384e-01 6.792384e-01 1.853323e-03 1.853323e-03
126 6.792347e-01 6.792384e-01 6.792384e-01 3.723236e-06 3.723236e-06
127 6.827454e-01 6.827505e-01 6.827505e-01 5.072604e-06 5.072604e-06
128 6.876876e-01 6.876142e-01 6.876142e-01 7.340936e-05 7.340936e-05
129 6.909597e-01 6.910082e-01 6.910082e-01 4.846529e-05 4.846529e-05
130 6.919536e-01 6.910082e-01 6.910082e-01 9.454408e-04 9.454408e-04
131 6.936165e-01 6.943491e-01 6.943491e-01 7.326407e-04 7.326407e-04
132 6.987910e-01 6.990183e-01 6.990183e-01 2.273514e-04 2.273514e-04
133 7.022423e-01 7.022467e-01 7.022467e-01 4.453465e-06 4.453465e-06
134 7.024476e-01 7.022467e-01 7.022467e-01 2.008834e-04 2.008834e-04
135 7.052791e-01 7.054245e-01 7.054245e-01 1.453814e-04 1.453814e-04
136 7.099852e-01 7.099100e-01 7.099100e-01 7.521148e-05 7.521148e-05
137 7.129534e-01 7.129806e-01 7.129806e-01 2.716733e-05 2.716733e-05
138 7.133999e-01 7.129806e-01 7.129806e-01 4.193140e-04 4.193140e-04
139 7.155220e-01 7.160029e-01 7.160029e-01 4.808677e-04 4.808677e-04
140 7.203215e-01 7.203146e-01 7.203146e-01 6.905018e-06 6.905018e-06
141 7.237051e-01 7.232350e-01 7.232350e-01 4.700205e-04 4.700205e-04
142 7.238141e-01 7.232350e-01 7.232350e-01 5.790635e-04 5.790635e-04
143 7.250814e-01 7.261094e-01 7.261094e-01 1.028013e-03 1.028013e-03
