# Hello World! This is dune-eigensolver.
# hardware number of threads is 128 number of threads used is 1
# 8 8
# Smallest eigenvalues convergence test

#  n: 28900 A.N(): 28900 br: 1
# GeneralizedInverse:  time_total=1.343369e+01 time_factorization=9.688468e-02 iterations=54

# Arpack: time_total=6.322797e+00 iterations=1

# Eigensolver elapsed time 1.343657e+01

# N= 28900 M= 144 ACCURACY= 2.500000e-01 TOL= 1.000000e-02 THRESHOLD= 9.000000e-02 ESARERROR= 6.617051e-01 ARPERROR= 6.852558e-03 ESANERROR= 0.000000e+00 TIMERATIO= 2.125099e+00 \\

## gen: ftw     ARP-SMALL-TOL  ARPACK-TOL  ES-ARP-SMALL  ES-AR ERROR
00 -1.618714e-15 -1.294537e-16 -1.294537e-16 1.489260e-15 1.489260e-15
01 8.824167e-03 8.824167e-03 8.824167e-03 8.673617e-17 8.673617e-17
02 8.824167e-03 8.824167e-03 8.824167e-03 1.040834e-16 1.040834e-16
03 1.334551e-02 1.334551e-02 1.334551e-02 1.561251e-16 1.561251e-16
04 2.922510e-02 2.922491e-02 2.922491e-02 1.940790e-07 1.940790e-07
05 3.180567e-02 3.180579e-02 3.180579e-02 1.228481e-07 1.228481e-07
06 3.183433e-02 3.180579e-02 3.180579e-02 2.853415e-05 2.853415e-05
07 3.268926e-02 3.271787e-02 3.271787e-02 2.860538e-05 2.860538e-05
08 5.154247e-02 5.148734e-02 5.148734e-02 5.513167e-05 5.513167e-05
09 5.401690e-02 5.402982e-02 5.402982e-02 1.292529e-05 1.292529e-05
10 5.402866e-02 5.402982e-02 5.402982e-02 1.163139e-06 1.163139e-06
11 5.687137e-02 5.691242e-02 5.691242e-02 4.104325e-05 4.104325e-05
12 7.530855e-02 7.465499e-02 7.465499e-02 6.535592e-04 6.535592e-04
13 7.748044e-02 7.811994e-02 7.811994e-02 6.394945e-04 6.394945e-04
14 7.813898e-02 7.811994e-02 7.811994e-02 1.904709e-05 1.904709e-05
15 8.174768e-02 8.178079e-02 8.178079e-02 3.311179e-05 3.311179e-05
16 1.001353e-01 9.909065e-02 9.909065e-02 1.044692e-03 1.044692e-03
17 1.025037e-01 1.033071e-01 1.033071e-01 8.034460e-04 8.034460e-04
18 1.030736e-01 1.033071e-01 1.033071e-01 2.335414e-04 2.335414e-04
19 1.077307e-01 1.077383e-01 1.077383e-01 7.626317e-06 7.626317e-06
20 1.250915e-01 1.245339e-01 1.245339e-01 5.575927e-04 5.575927e-04
21 1.291976e-01 1.294174e-01 1.294174e-01 2.197034e-04 2.197034e-04
22 1.298522e-01 1.294174e-01 1.294174e-01 4.348751e-04 4.348751e-04
23 1.337342e-01 1.345070e-01 1.345070e-01 7.728062e-04 7.728062e-04
24 1.507771e-01 1.507634e-01 1.507634e-01 1.361874e-05 1.361874e-05
25 1.567013e-01 1.562201e-01 1.562201e-01 4.811860e-04 4.811860e-04
26 1.579862e-01 1.562201e-01 1.562201e-01 1.766110e-03 1.766110e-03
27 1.596151e-01 1.618697e-01 1.618697e-01 2.254591e-03 2.254591e-03
28 1.775739e-01 1.775528e-01 1.775528e-01 2.116723e-05 2.116723e-05
29 1.834882e-01 1.834876e-01 1.834876e-01 6.504332e-07 6.504332e-07
30 1.845956e-01 1.834876e-01 1.834876e-01 1.107987e-03 1.107987e-03
31 1.909835e-01 1.895946e-01 1.895946e-01 1.388877e-03 1.388877e-03
32 2.026167e-01 2.046808e-01 2.046808e-01 2.064159e-03 2.064159e-03
33 2.108170e-01 2.109993e-01 2.109993e-01 1.823080e-04 1.823080e-04
34 2.109328e-01 2.109993e-01 2.109993e-01 6.655847e-05 6.655847e-05
35 2.172786e-01 2.174667e-01 2.174667e-01 1.880840e-04 1.880840e-04
36 2.353093e-01 2.319382e-01 2.319382e-01 3.371096e-03 3.371096e-03
37 2.385314e-01 2.385492e-01 2.385492e-01 1.776070e-05 1.776070e-05
38 2.392676e-01 2.385492e-01 2.385492e-01 7.184362e-04 7.184362e-04
39 2.413340e-01 2.452832e-01 2.452832e-01 3.949150e-03 3.949150e-03
40 2.619100e-01 2.591323e-01 2.591323e-01 2.777770e-03 2.777770e-03
41 2.642409e-01 2.659497e-01 2.659497e-01 1.708853e-03 1.708853e-03
42 2.661926e-01 2.659497e-01 2.659497e-01 2.428899e-04 2.428899e-04
43 2.714307e-01 2.728643e-01 2.728643e-01 1.433524e-03 1.433524e-03
44 2.875906e-01 2.860903e-01 2.860903e-01 1.500290e-03 1.500290e-03
45 2.916632e-01 2.930352e-01 2.930352e-01 1.372021e-03 1.372021e-03
46 2.950431e-01 2.930352e-01 2.930352e-01 2.007885e-03 2.007885e-03
47 3.049915e-01 3.000517e-01 3.000517e-01 4.939795e-03 4.939795e-03
48 3.058093e-01 3.126619e-01 3.126619e-01 6.852558e-03 6.852558e-03
49 3.199977e-01 3.196634e-01 3.196634e-01 3.343494e-04 3.343494e-04
50 3.209735e-01 3.196634e-01 3.196634e-01 1.310125e-03 1.310125e-03
51 3.269982e-01 3.267126e-01 3.267126e-01 2.855995e-04 2.855995e-04
52 3.394273e-01 3.387198e-01 3.387198e-01 7.075495e-04 7.075495e-04
53 3.444737e-01 3.457155e-01 3.457155e-01 1.241881e-03 1.241881e-03
54 3.457461e-01 3.457155e-01 3.457155e-01 3.053474e-05 3.053474e-05
55 3.559983e-01 3.527372e-01 3.527372e-01 3.261089e-03 3.261089e-03
56 3.619327e-01 3.641593e-01 3.641593e-01 2.226562e-03 2.226562e-03
57 3.686552e-01 3.710960e-01 3.710960e-01 2.440822e-03 2.440822e-03
58 3.722694e-01 3.710960e-01 3.710960e-01 1.173413e-03 1.173413e-03
59 3.767769e-01 3.780392e-01 3.780392e-01 1.262332e-03 1.262332e-03
60 3.907940e-01 3.888975e-01 3.888975e-01 1.896493e-03 1.896493e-03
61 3.966934e-01 3.957305e-01 3.957305e-01 9.628788e-04 9.628788e-04
62 3.969142e-01 3.957305e-01 3.957305e-01 1.183722e-03 1.183722e-03
63 4.022345e-01 4.025532e-01 4.025532e-01 3.186881e-04 3.186881e-04
64 4.143918e-01 4.128718e-01 4.128718e-01 1.520073e-03 1.520073e-03
65 4.156049e-01 4.195645e-01 4.195645e-01 3.959630e-03 3.959630e-03
66 4.206716e-01 4.195645e-01 4.195645e-01 1.107088e-03 1.107088e-03
67 4.288151e-01 4.262328e-01 4.262328e-01 2.582368e-03 2.582368e-03
68 4.331105e-01 4.360371e-01 4.360371e-01 2.926620e-03 2.926620e-03
69 4.425380e-01 4.425606e-01 4.425606e-01 2.266286e-05 2.266286e-05
70 4.427541e-01 4.425606e-01 4.425606e-01 1.934457e-04 1.934457e-04
71 4.499502e-01 4.490480e-01 4.490480e-01 9.021968e-04 9.021968e-04
72 4.570489e-01 4.583646e-01 4.583646e-01 1.315742e-03 1.315742e-03
73 4.667307e-01 4.646967e-01 4.646967e-01 2.034034e-03 2.034034e-03
74 4.704736e-01 4.646967e-01 4.646967e-01 5.776903e-03 5.776903e-03
75 4.719391e-01 4.709833e-01 4.709833e-01 9.558434e-04 9.558434e-04
76 4.740518e-01 4.798387e-01 4.798387e-01 5.786902e-03 5.786902e-03
77 4.825805e-01 4.859631e-01 4.859631e-01 3.382541e-03 3.382541e-03
78 4.911075e-01 4.859631e-01 4.859631e-01 5.144463e-03 5.144463e-03
79 4.919777e-01 4.920347e-01 4.920347e-01 5.700377e-05 5.700377e-05
80 5.015964e-01 5.004553e-01 5.004553e-01 1.141160e-03 1.141160e-03
81 5.033214e-01 5.063607e-01 5.063607e-01 3.039364e-03 3.039364e-03
82 5.100486e-01 5.063607e-01 5.063607e-01 3.687899e-03 3.687899e-03
83 5.110963e-01 5.122080e-01 5.122080e-01 1.111703e-03 1.111703e-03
84 5.189271e-01 5.202194e-01 5.202194e-01 1.292272e-03 1.292272e-03
85 5.251182e-01 5.258991e-01 5.258991e-01 7.809145e-04 7.809145e-04
86 5.280440e-01 5.258991e-01 5.258991e-01 2.144884e-03 2.144884e-03
87 5.316805e-01 5.315169e-01 5.315169e-01 1.635795e-04 1.635795e-04
88 5.393385e-01 5.391437e-01 5.391437e-01 1.948400e-04 1.948400e-04
89 5.403840e-01 5.445944e-01 5.445944e-01 4.210392e-03 4.210392e-03
90 5.474374e-01 5.445944e-01 5.445944e-01 2.843009e-03 2.843009e-03
91 5.498294e-01 5.499807e-01 5.499807e-01 1.512988e-04 1.512988e-04
92 5.580227e-01 5.572464e-01 5.572464e-01 7.762449e-04 7.762449e-04
93 5.618038e-01 5.624679e-01 5.624679e-01 6.641064e-04 6.641064e-04
94 5.649703e-01 5.624679e-01 5.624679e-01 2.502455e-03 2.502455e-03
95 5.693376e-01 5.676235e-01 5.676235e-01 1.714073e-03 1.714073e-03
96 5.728552e-01 5.745504e-01 5.745504e-01 1.695219e-03 1.695219e-03
97 5.801069e-01 5.795446e-01 5.795446e-01 5.623621e-04 5.623621e-04
98 5.812170e-01 5.795446e-01 5.795446e-01 1.672427e-03 1.672427e-03
99 5.858040e-01 5.844725e-01 5.844725e-01 1.331521e-03 1.331521e-03
100 5.882499e-01 5.910815e-01 5.910815e-01 2.831636e-03 2.831636e-03
101 5.919328e-01 5.958522e-01 5.958522e-01 3.919390e-03 3.919390e-03
102 5.975734e-01 5.958522e-01 5.958522e-01 1.721182e-03 1.721182e-03
103 6.050449e-01 6.005570e-01 6.005570e-01 4.487895e-03 4.487895e-03
104 6.095318e-01 6.068678e-01 6.068678e-01 2.663950e-03 2.663950e-03
105 6.095850e-01 6.114203e-01 6.114203e-01 1.835375e-03 1.835375e-03
106 6.126222e-01 6.114203e-01 6.114203e-01 1.201914e-03 1.201914e-03
107 6.148269e-01 6.159079e-01 6.159079e-01 1.080964e-03 1.080964e-03
108 6.190709e-01 6.219388e-01 6.219388e-01 2.867893e-03 2.867893e-03
109 6.255526e-01 6.262794e-01 6.262794e-01 7.267909e-04 7.267909e-04
110 6.319436e-01 6.262794e-01 6.262794e-01 5.664242e-03 5.664242e-03
111 6.323765e-01 6.305564e-01 6.305564e-01 1.820062e-03 1.820062e-03
112 6.352471e-01 6.363244e-01 6.363244e-01 1.077309e-03 1.077309e-03
113 6.407760e-01 6.404602e-01 6.404602e-01 3.158086e-04 3.158086e-04
114 6.428614e-01 6.404602e-01 6.404602e-01 2.401229e-03 2.401229e-03
115 6.469506e-01 6.445341e-01 6.445341e-01 2.416462e-03 2.416462e-03
116 6.514140e-01 6.500551e-01 6.500551e-01 1.358891e-03 1.358891e-03
117 6.519510e-01 6.539935e-01 6.539935e-01 2.042535e-03 2.042535e-03
118 6.581525e-01 6.539935e-01 6.539935e-01 4.158954e-03 4.158954e-03
119 6.581681e-01 6.578722e-01 6.578722e-01 2.959577e-04 2.959577e-04
120 6.590729e-01 6.631607e-01 6.631607e-01 4.087813e-03 4.087813e-03
121 6.633719e-01 6.669097e-01 6.669097e-01 3.537804e-03 3.537804e-03
122 6.706151e-01 6.669097e-01 6.669097e-01 3.705392e-03 3.705392e-03
123 6.734821e-01 6.706011e-01 6.706011e-01 2.881010e-03 2.881010e-03
124 6.764631e-01 6.756709e-01 6.756709e-01 7.921963e-04 7.921963e-04
125 6.774304e-01 6.792384e-01 6.792384e-01 1.807952e-03 1.807952e-03
126 6.801945e-01 6.792384e-01 6.792384e-01 9.560728e-04 9.560728e-04
127 6.869951e-01 6.827505e-01 6.827505e-01 4.244556e-03 4.244556e-03
128 6.904449e-01 6.876142e-01 6.876142e-01 2.830776e-03 2.830776e-03
129 6.911184e-01 6.910082e-01 6.910082e-01 1.102080e-04 1.102080e-04
130 6.912453e-01 6.910082e-01 6.910082e-01 2.371504e-04 2.371504e-04
131 6.932042e-01 6.943491e-01 6.943491e-01 1.144899e-03 1.144899e-03
132 6.958444e-01 6.990183e-01 6.990183e-01 3.173948e-03 3.173948e-03
133 6.959583e-01 7.022467e-01 7.022467e-01 6.288477e-03 6.288477e-03
134 7.053700e-01 7.022467e-01 7.022467e-01 3.123291e-03 3.123291e-03
135 7.089604e-01 7.054245e-01 7.054245e-01 3.535878e-03 3.535878e-03
136 7.093888e-01 7.099100e-01 7.099100e-01 5.211627e-04 5.211627e-04
137 7.116337e-01 7.129806e-01 7.129806e-01 1.346923e-03 1.346923e-03
138 7.155569e-01 7.129806e-01 7.129806e-01 2.576348e-03 2.576348e-03
139 7.169546e-01 7.160029e-01 7.160029e-01 9.517133e-04 9.517133e-04
140 7.211058e-01 7.203146e-01 7.203146e-01 7.911395e-04 7.911395e-04
141 7.264593e-01 7.232350e-01 7.232350e-01 3.224225e-03 3.224225e-03
142 7.267454e-01 7.232350e-01 7.232350e-01 3.510411e-03 3.510411e-03
143 7.290207e-01 7.261094e-01 7.261094e-01 2.911289e-03 2.911289e-03
