# Hello World! This is dune-eigensolver.
# hardware number of threads is 128 number of threads used is 1
# 8 8
# Smallest eigenvalues convergence test

#  n: 28900 A.N(): 28900 br: 1
# GeneralizedInverse:  time_total=3.340181e+02 time_factorization=9.576116e-02 iterations=1401

# Arpack: time_total=6.312712e+00 iterations=1

# Eigensolver elapsed time 3.340189e+02

# N= 28900 M= 144 ACCURACY= 1.000000e+00 TOL= 1.000000e-04 THRESHOLD= 9.000000e-02 ESARERROR= 6.587878e-01 ARPERROR= 6.046689e-06 ESANERROR= 0.000000e+00 TIMERATIO= 5.291212e+01 \\

## gen: ftw     ARP-SMALL-TOL  ARPACK-TOL  ES-ARP-SMALL  ES-AR ERROR
00 -1.618714e-15 -1.294537e-16 -1.294537e-16 1.489260e-15 1.489260e-15
01 8.824167e-03 8.824167e-03 8.824167e-03 3.122502e-17 3.122502e-17
02 8.824167e-03 8.824167e-03 8.824167e-03 4.510281e-17 4.510281e-17
03 1.334551e-02 1.334551e-02 1.334551e-02 9.020562e-17 9.020562e-17
04 2.922491e-02 2.922491e-02 2.922491e-02 3.573530e-16 3.573530e-16
05 3.180579e-02 3.180579e-02 3.180579e-02 3.400058e-16 3.400058e-16
06 3.180579e-02 3.180579e-02 3.180579e-02 3.885781e-16 3.885781e-16
07 3.271787e-02 3.271787e-02 3.271787e-02 6.800116e-16 6.800116e-16
08 5.148734e-02 5.148734e-02 5.148734e-02 4.371503e-16 4.371503e-16
09 5.402982e-02 5.402982e-02 5.402982e-02 4.302114e-16 4.302114e-16
10 5.402982e-02 5.402982e-02 5.402982e-02 4.163336e-16 4.163336e-16
11 5.691242e-02 5.691242e-02 5.691242e-02 4.302114e-16 4.302114e-16
12 7.465499e-02 7.465499e-02 7.465499e-02 5.828671e-16 5.828671e-16
13 7.811994e-02 7.811994e-02 7.811994e-02 2.775558e-16 2.775558e-16
14 7.811994e-02 7.811994e-02 7.811994e-02 1.249001e-16 1.249001e-16
15 8.178079e-02 8.178079e-02 8.178079e-02 2.775558e-16 2.775558e-16
16 9.909065e-02 9.909065e-02 9.909065e-02 6.383782e-16 6.383782e-16
17 1.033071e-01 1.033071e-01 1.033071e-01 3.469447e-16 3.469447e-16
18 1.033071e-01 1.033071e-01 1.033071e-01 2.636780e-16 2.636780e-16
19 1.077383e-01 1.077383e-01 1.077383e-01 2.359224e-16 2.359224e-16
20 1.245339e-01 1.245339e-01 1.245339e-01 3.608225e-16 3.608225e-16
21 1.294174e-01 1.294174e-01 1.294174e-01 1.942890e-16 1.942890e-16
22 1.294174e-01 1.294174e-01 1.294174e-01 2.220446e-16 2.220446e-16
23 1.345070e-01 1.345070e-01 1.345070e-01 2.498002e-16 2.498002e-16
24 1.507634e-01 1.507634e-01 1.507634e-01 2.775558e-16 2.775558e-16
25 1.562201e-01 1.562201e-01 1.562201e-01 2.220446e-16 2.220446e-16
26 1.562201e-01 1.562201e-01 1.562201e-01 2.775558e-17 2.775558e-17
27 1.618697e-01 1.618697e-01 1.618697e-01 2.498002e-16 2.498002e-16
28 1.775528e-01 1.775528e-01 1.775528e-01 1.665335e-16 1.665335e-16
29 1.834876e-01 1.834876e-01 1.834876e-01 5.551115e-17 5.551115e-17
30 1.834876e-01 1.834876e-01 1.834876e-01 3.608225e-16 3.608225e-16
31 1.895946e-01 1.895946e-01 1.895946e-01 2.775558e-17 2.775558e-17
32 2.046808e-01 2.046808e-01 2.046808e-01 3.053113e-16 3.053113e-16
33 2.109993e-01 2.109993e-01 2.109993e-01 2.498002e-16 2.498002e-16
34 2.109993e-01 2.109993e-01 2.109993e-01 3.330669e-16 3.330669e-16
35 2.174667e-01 2.174667e-01 2.174667e-01 3.330669e-16 3.330669e-16
36 2.319382e-01 2.319382e-01 2.319382e-01 4.163336e-16 4.163336e-16
37 2.385492e-01 2.385492e-01 2.385492e-01 3.608225e-16 3.608225e-16
38 2.385492e-01 2.385492e-01 2.385492e-01 5.828671e-16 5.828671e-16
39 2.452832e-01 2.452832e-01 2.452832e-01 2.775558e-17 2.775558e-17
40 2.591323e-01 2.591323e-01 2.591323e-01 8.881784e-16 8.881784e-16
41 2.659497e-01 2.659497e-01 2.659497e-01 6.661338e-16 6.661338e-16
42 2.659497e-01 2.659497e-01 2.659497e-01 4.440892e-16 4.440892e-16
43 2.728643e-01 2.728643e-01 2.728643e-01 5.551115e-17 5.551115e-17
44 2.860903e-01 2.860903e-01 2.860903e-01 1.110223e-16 1.110223e-16
45 2.930352e-01 2.930352e-01 2.930352e-01 3.885781e-16 3.885781e-16
46 2.930352e-01 2.930352e-01 2.930352e-01 6.106227e-16 6.106227e-16
47 3.000517e-01 3.000517e-01 3.000517e-01 2.220446e-16 2.220446e-16
48 3.126619e-01 3.126619e-01 3.126619e-01 2.775558e-16 2.775558e-16
49 3.196634e-01 3.196634e-01 3.196634e-01 7.771561e-16 7.771561e-16
50 3.196634e-01 3.196634e-01 3.196634e-01 0.000000e+00 0.000000e+00
51 3.267126e-01 3.267126e-01 3.267126e-01 0.000000e+00 0.000000e+00
52 3.387198e-01 3.387198e-01 3.387198e-01 2.220446e-16 2.220446e-16
53 3.457155e-01 3.457155e-01 3.457155e-01 5.551115e-17 5.551115e-17
54 3.457155e-01 3.457155e-01 3.457155e-01 1.665335e-16 1.665335e-16
55 3.527372e-01 3.527372e-01 3.527372e-01 4.440892e-16 4.440892e-16
56 3.641593e-01 3.641593e-01 3.641593e-01 7.771561e-16 7.771561e-16
57 3.710960e-01 3.710960e-01 3.710960e-01 5.551115e-16 5.551115e-16
58 3.710960e-01 3.710960e-01 3.710960e-01 0.000000e+00 0.000000e+00
59 3.780392e-01 3.780392e-01 3.780392e-01 2.220446e-16 2.220446e-16
60 3.888975e-01 3.888975e-01 3.888975e-01 6.106227e-16 6.106227e-16
61 3.957305e-01 3.957305e-01 3.957305e-01 2.220446e-16 2.220446e-16
62 3.957305e-01 3.957305e-01 3.957305e-01 5.551115e-16 5.551115e-16
63 4.025532e-01 4.025532e-01 4.025532e-01 2.775558e-16 2.775558e-16
64 4.128718e-01 4.128718e-01 4.128718e-01 1.665335e-16 1.665335e-16
65 4.195645e-01 4.195645e-01 4.195645e-01 5.551115e-17 5.551115e-17
66 4.195645e-01 4.195645e-01 4.195645e-01 3.885781e-16 3.885781e-16
67 4.262328e-01 4.262328e-01 4.262328e-01 3.885781e-16 3.885781e-16
68 4.360371e-01 4.360371e-01 4.360371e-01 2.220446e-16 2.220446e-16
69 4.425606e-01 4.425606e-01 4.425606e-01 4.440892e-16 4.440892e-16
70 4.425606e-01 4.425606e-01 4.425606e-01 5.551115e-17 5.551115e-17
71 4.490480e-01 4.490480e-01 4.490480e-01 4.440892e-16 4.440892e-16
72 4.583646e-01 4.583646e-01 4.583646e-01 1.165734e-15 1.165734e-15
73 4.646967e-01 4.646967e-01 4.646967e-01 2.775558e-16 2.775558e-16
74 4.646967e-01 4.646967e-01 4.646967e-01 2.775558e-16 2.775558e-16
75 4.709833e-01 4.709833e-01 4.709833e-01 4.996004e-16 4.996004e-16
76 4.798387e-01 4.798387e-01 4.798387e-01 1.165734e-15 1.165734e-15
77 4.859631e-01 4.859631e-01 4.859631e-01 1.276756e-15 1.276756e-15
78 4.859631e-01 4.859631e-01 4.859631e-01 9.992007e-16 9.992007e-16
79 4.920347e-01 4.920347e-01 4.920347e-01 2.220446e-16 2.220446e-16
80 5.004553e-01 5.004553e-01 5.004553e-01 2.886580e-15 2.886580e-15
81 5.063607e-01 5.063607e-01 5.063607e-01 2.109424e-15 2.109424e-15
82 5.063607e-01 5.063607e-01 5.063607e-01 7.771561e-16 7.771561e-16
83 5.122080e-01 5.122080e-01 5.122080e-01 4.440892e-16 4.440892e-16
84 5.202194e-01 5.202194e-01 5.202194e-01 2.220446e-16 2.220446e-16
85 5.258991e-01 5.258991e-01 5.258991e-01 4.329870e-15 4.329870e-15
86 5.258991e-01 5.258991e-01 5.258991e-01 1.310063e-14 1.310063e-14
87 5.315169e-01 5.315169e-01 5.315169e-01 1.842970e-14 1.842970e-14
88 5.391437e-01 5.391437e-01 5.391437e-01 2.420286e-14 2.420286e-14
89 5.445944e-01 5.445944e-01 5.445944e-01 2.553513e-14 2.553513e-14
90 5.445944e-01 5.445944e-01 5.445944e-01 1.776357e-15 1.776357e-15
91 5.499807e-01 5.499807e-01 5.499807e-01 2.331468e-15 2.331468e-15
92 5.572464e-01 5.572464e-01 5.572464e-01 7.704948e-14 7.704948e-14
93 5.624679e-01 5.624679e-01 5.624679e-01 8.326673e-15 8.326673e-15
94 5.624679e-01 5.624679e-01 5.624679e-01 9.686696e-12 9.686696e-12
95 5.676235e-01 5.676235e-01 5.676235e-01 9.756418e-12 9.756418e-12
96 5.745504e-01 5.745504e-01 5.745504e-01 8.915091e-13 8.915091e-13
97 5.795446e-01 5.795446e-01 5.795446e-01 1.859624e-13 1.859624e-13
98 5.795446e-01 5.795446e-01 5.795446e-01 1.146860e-13 1.146860e-13
99 5.844725e-01 5.844725e-01 5.844725e-01 8.200107e-13 8.200107e-13
100 5.910815e-01 5.910815e-01 5.910815e-01 4.234391e-13 4.234391e-13
101 5.958522e-01 5.958522e-01 5.958522e-01 8.126833e-14 8.126833e-14
102 5.958522e-01 5.958522e-01 5.958522e-01 1.067035e-12 1.067035e-12
103 6.005570e-01 6.005570e-01 6.005570e-01 1.405098e-12 1.405098e-12
104 6.068678e-01 6.068678e-01 6.068678e-01 9.188206e-13 9.188206e-13
105 6.114203e-01 6.114203e-01 6.114203e-01 3.982592e-11 3.982592e-11
106 6.114203e-01 6.114203e-01 6.114203e-01 6.366907e-11 6.366907e-11
107 6.159079e-01 6.159079e-01 6.159079e-01 1.043829e-10 1.043829e-10
108 6.219388e-01 6.219388e-01 6.219388e-01 6.084355e-12 6.084355e-12
109 6.262794e-01 6.262794e-01 6.262794e-01 4.685030e-12 4.685030e-12
110 6.262794e-01 6.262794e-01 6.262794e-01 1.008083e-13 1.008083e-13
111 6.305564e-01 6.305564e-01 6.305564e-01 1.216471e-12 1.216471e-12
112 6.363244e-01 6.363244e-01 6.363244e-01 1.575171e-09 1.575171e-09
113 6.404602e-01 6.404602e-01 6.404602e-01 1.551135e-09 1.551135e-09
114 6.404602e-01 6.404602e-01 6.404602e-01 6.185197e-11 6.185197e-11
115 6.445341e-01 6.445341e-01 6.445341e-01 8.607859e-11 8.607859e-11
116 6.500551e-01 6.500551e-01 6.500551e-01 1.623996e-10 1.623996e-10
117 6.539935e-01 6.539935e-01 6.539935e-01 8.777756e-12 8.777756e-12
118 6.539935e-01 6.539935e-01 6.539935e-01 3.887163e-09 3.887163e-09
119 6.578722e-01 6.578722e-01 6.578722e-01 4.039110e-09 4.039110e-09
120 6.631607e-01 6.631607e-01 6.631607e-01 1.687046e-10 1.687046e-10
121 6.669097e-01 6.669097e-01 6.669097e-01 1.641586e-10 1.641586e-10
122 6.669097e-01 6.669097e-01 6.669097e-01 3.951418e-10 3.951418e-10
123 6.706011e-01 6.706011e-01 6.706011e-01 3.386750e-10 3.386750e-10
124 6.756710e-01 6.756709e-01 6.756709e-01 1.131808e-07 1.131808e-07
125 6.792383e-01 6.792384e-01 6.792384e-01 1.135975e-07 1.135975e-07
126 6.792384e-01 6.792384e-01 6.792384e-01 5.204948e-11 5.204948e-11
127 6.827505e-01 6.827505e-01 6.827505e-01 2.710747e-10 2.710747e-10
128 6.876142e-01 6.876142e-01 6.876142e-01 3.615975e-09 3.615975e-09
129 6.910082e-01 6.910082e-01 6.910082e-01 1.718762e-09 1.718762e-09
130 6.910083e-01 6.910082e-01 6.910082e-01 8.730263e-08 8.730263e-08
131 6.943491e-01 6.943491e-01 6.943491e-01 8.895016e-08 8.895016e-08
132 6.990183e-01 6.990183e-01 6.990183e-01 7.850947e-10 7.850947e-10
133 7.022467e-01 7.022467e-01 7.022467e-01 1.839208e-10 1.839208e-10
134 7.022468e-01 7.022467e-01 7.022467e-01 2.652117e-08 2.652117e-08
135 7.054245e-01 7.054245e-01 7.054245e-01 2.717649e-08 2.717649e-08
136 7.099100e-01 7.099100e-01 7.099100e-01 2.588214e-08 2.588214e-08
137 7.129806e-01 7.129806e-01 7.129806e-01 3.681843e-09 3.681843e-09
138 7.129807e-01 7.129806e-01 7.129806e-01 1.066818e-07 1.066818e-07
139 7.160028e-01 7.160029e-01 7.160029e-01 1.361224e-07 1.361224e-07
140 7.203147e-01 7.203146e-01 7.203146e-01 1.775674e-08 1.775674e-08
141 7.232353e-01 7.232350e-01 7.232350e-01 2.631081e-07 2.631081e-07
142 7.232408e-01 7.232350e-01 7.232350e-01 5.765534e-06 5.765534e-06
143 7.261034e-01 7.261094e-01 7.261094e-01 6.046689e-06 6.046689e-06
