# Hello World! This is dune-eigensolver.
# hardware number of threads is 128 number of threads used is 1
# 8 8
# Smallest eigenvalues convergence test

#  n: 28900 A.N(): 28900 br: 1
# GeneralizedInverse:  time_total=1.062219e+02 time_factorization=9.692013e-02 iterations=443

# Arpack: time_total=6.294567e+00 iterations=1

# Eigensolver elapsed time 1.062248e+02

# N= 28900 M= 144 ACCURACY= 5.000000e-01 TOL= 1.000000e-04 THRESHOLD= 9.000000e-02 ESARERROR= 6.577767e-01 ARPERROR= 2.297544e-03 ESANERROR= 0.000000e+00 TIMERATIO= 1.687563e+01 \\

## gen: ftw     ARP-SMALL-TOL  ARPACK-TOL  ES-ARP-SMALL  ES-AR ERROR
00 -1.618714e-15 -1.294537e-16 -1.294537e-16 1.489260e-15 1.489260e-15
01 8.824167e-03 8.824167e-03 8.824167e-03 7.632783e-17 7.632783e-17
02 8.824167e-03 8.824167e-03 8.824167e-03 1.144917e-16 1.144917e-16
03 1.334551e-02 1.334551e-02 1.334551e-02 1.387779e-16 1.387779e-16
04 2.922491e-02 2.922491e-02 2.922491e-02 2.706169e-16 2.706169e-16
05 3.180579e-02 3.180579e-02 3.180579e-02 3.053113e-16 3.053113e-16
06 3.180579e-02 3.180579e-02 3.180579e-02 1.551537e-14 1.551537e-14
07 3.271787e-02 3.271787e-02 3.271787e-02 1.663947e-14 1.663947e-14
08 5.148734e-02 5.148734e-02 5.148734e-02 3.955170e-16 3.955170e-16
09 5.402982e-02 5.402982e-02 5.402982e-02 5.273559e-16 5.273559e-16
10 5.402982e-02 5.402982e-02 5.402982e-02 4.232725e-16 4.232725e-16
11 5.691242e-02 5.691242e-02 5.691242e-02 6.106227e-16 6.106227e-16
12 7.465499e-02 7.465499e-02 7.465499e-02 6.383782e-16 6.383782e-16
13 7.811994e-02 7.811994e-02 7.811994e-02 1.526557e-16 1.526557e-16
14 7.811994e-02 7.811994e-02 7.811994e-02 1.249001e-16 1.249001e-16
15 8.178079e-02 8.178079e-02 8.178079e-02 4.024558e-16 4.024558e-16
16 9.909065e-02 9.909065e-02 9.909065e-02 6.522560e-16 6.522560e-16
17 1.033071e-01 1.033071e-01 1.033071e-01 2.636780e-16 2.636780e-16
18 1.033071e-01 1.033071e-01 1.033071e-01 2.636780e-16 2.636780e-16
19 1.077383e-01 1.077383e-01 1.077383e-01 2.220446e-16 2.220446e-16
20 1.245339e-01 1.245339e-01 1.245339e-01 1.110223e-16 1.110223e-16
21 1.294174e-01 1.294174e-01 1.294174e-01 4.163336e-16 4.163336e-16
22 1.294174e-01 1.294174e-01 1.294174e-01 2.498002e-16 2.498002e-16
23 1.345070e-01 1.345070e-01 1.345070e-01 6.383782e-16 6.383782e-16
24 1.507634e-01 1.507634e-01 1.507634e-01 1.942890e-16 1.942890e-16
25 1.562201e-01 1.562201e-01 1.562201e-01 3.885781e-16 3.885781e-16
26 1.562201e-01 1.562201e-01 1.562201e-01 1.376677e-14 1.376677e-14
27 1.618697e-01 1.618697e-01 1.618697e-01 1.454392e-14 1.454392e-14
28 1.775528e-01 1.775528e-01 1.775528e-01 6.938894e-16 6.938894e-16
29 1.834876e-01 1.834876e-01 1.834876e-01 2.775558e-16 2.775558e-16
30 1.834876e-01 1.834876e-01 1.834876e-01 1.262879e-14 1.262879e-14
31 1.895946e-01 1.895946e-01 1.895946e-01 1.368350e-14 1.368350e-14
32 2.046808e-01 2.046808e-01 2.046808e-01 2.911560e-14 2.911560e-14
33 2.109993e-01 2.109993e-01 2.109993e-01 1.212919e-14 1.212919e-14
34 2.109993e-01 2.109993e-01 2.109993e-01 1.776357e-15 1.776357e-15
35 2.174667e-01 2.174667e-01 2.174667e-01 1.543210e-14 1.543210e-14
36 2.319382e-01 2.319382e-01 2.319382e-01 5.790401e-11 5.790401e-11
37 2.385492e-01 2.385492e-01 2.385492e-01 4.139991e-11 4.139991e-11
38 2.385492e-01 2.385492e-01 2.385492e-01 1.624037e-11 1.624037e-11
39 2.452832e-01 2.452832e-01 2.452832e-01 2.654266e-13 2.654266e-13
40 2.591323e-01 2.591323e-01 2.591323e-01 2.626527e-11 2.626527e-11
41 2.659497e-01 2.659497e-01 2.659497e-01 2.352873e-11 2.352873e-11
42 2.659497e-01 2.659497e-01 2.659497e-01 9.934276e-13 9.934276e-13
43 2.728643e-01 2.728643e-01 2.728643e-01 3.732070e-12 3.732070e-12
44 2.860903e-01 2.860903e-01 2.860903e-01 1.607348e-11 1.607348e-11
45 2.930352e-01 2.930352e-01 2.930352e-01 1.574280e-11 1.574280e-11
46 2.930352e-01 2.930352e-01 2.930352e-01 2.869099e-11 2.869099e-11
47 3.000517e-01 3.000517e-01 3.000517e-01 2.902328e-11 2.902328e-11
48 3.126619e-01 3.126619e-01 3.126619e-01 8.483103e-12 8.483103e-12
49 3.196634e-01 3.196634e-01 3.196634e-01 2.259237e-11 2.259237e-11
50 3.196634e-01 3.196634e-01 3.196634e-01 7.079148e-11 7.079148e-11
51 3.267126e-01 3.267126e-01 3.267126e-01 1.018672e-10 1.018672e-10
52 3.387198e-01 3.387198e-01 3.387198e-01 6.144745e-10 6.144745e-10
53 3.457155e-01 3.457155e-01 3.457155e-01 3.687771e-10 3.687771e-10
54 3.457155e-01 3.457155e-01 3.457155e-01 2.312429e-10 2.312429e-10
55 3.527372e-01 3.527372e-01 3.527372e-01 1.435352e-11 1.435352e-11
56 3.641593e-01 3.641593e-01 3.641593e-01 9.715494e-10 9.715494e-10
57 3.710960e-01 3.710960e-01 3.710960e-01 9.544409e-10 9.544409e-10
58 3.710960e-01 3.710960e-01 3.710960e-01 1.808761e-08 1.808761e-08
59 3.780392e-01 3.780392e-01 3.780392e-01 1.810481e-08 1.810481e-08
60 3.888988e-01 3.888975e-01 3.888975e-01 1.232271e-06 1.232271e-06
61 3.957293e-01 3.957305e-01 3.957305e-01 1.230586e-06 1.230586e-06
62 3.957305e-01 3.957305e-01 3.957305e-01 1.356081e-09 1.356081e-09
63 4.025532e-01 4.025532e-01 4.025532e-01 3.040262e-09 3.040262e-09
64 4.128723e-01 4.128718e-01 4.128718e-01 5.652385e-07 5.652385e-07
65 4.195639e-01 4.195645e-01 4.195645e-01 5.344007e-07 5.344007e-07
66 4.195645e-01 4.195645e-01 4.195645e-01 1.971187e-08 1.971187e-08
67 4.262328e-01 4.262328e-01 4.262328e-01 1.090956e-08 1.090956e-08
68 4.360372e-01 4.360371e-01 4.360371e-01 2.388216e-08 2.388216e-08
69 4.425606e-01 4.425606e-01 4.425606e-01 1.463668e-08 1.463668e-08
70 4.425606e-01 4.425606e-01 4.425606e-01 2.192062e-09 2.192062e-09
71 4.490480e-01 4.490480e-01 4.490480e-01 1.466926e-09 1.466926e-09
72 4.583646e-01 4.583646e-01 4.583646e-01 1.720974e-08 1.720974e-08
73 4.646967e-01 4.646967e-01 4.646967e-01 3.400016e-08 3.400016e-08
74 4.646968e-01 4.646967e-01 4.646967e-01 8.595448e-08 8.595448e-08
75 4.709831e-01 4.709833e-01 4.709833e-01 1.458383e-07 1.458383e-07
76 4.798401e-01 4.798387e-01 4.798387e-01 1.342361e-06 1.342361e-06
77 4.859618e-01 4.859631e-01 4.859631e-01 1.294213e-06 1.294213e-06
78 4.859710e-01 4.859631e-01 4.859631e-01 7.949249e-06 7.949249e-06
79 4.920267e-01 4.920347e-01 4.920347e-01 7.997458e-06 7.997458e-06
80 5.004705e-01 5.004553e-01 5.004553e-01 1.520849e-05 1.520849e-05
81 5.063497e-01 5.063607e-01 5.063607e-01 1.107014e-05 1.107014e-05
82 5.063566e-01 5.063607e-01 5.063607e-01 4.132501e-06 4.132501e-06
83 5.122081e-01 5.122080e-01 5.122080e-01 9.996428e-09 9.996428e-09
84 5.202215e-01 5.202194e-01 5.202194e-01 2.094321e-06 2.094321e-06
85 5.259015e-01 5.258991e-01 5.258991e-01 2.390231e-06 2.390231e-06
86 5.259074e-01 5.258991e-01 5.258991e-01 8.250161e-06 8.250161e-06
87 5.315043e-01 5.315169e-01 5.315169e-01 1.257072e-05 1.257072e-05
88 5.391492e-01 5.391437e-01 5.391437e-01 5.530948e-06 5.530948e-06
89 5.445888e-01 5.445944e-01 5.445944e-01 5.609134e-06 5.609134e-06
90 5.445948e-01 5.445944e-01 5.445944e-01 3.781176e-07 3.781176e-07
91 5.500665e-01 5.499807e-01 5.499807e-01 8.576171e-05 8.576171e-05
92 5.571646e-01 5.572464e-01 5.572464e-01 8.186500e-05 8.186500e-05
93 5.624672e-01 5.624679e-01 5.624679e-01 6.766211e-07 6.766211e-07
94 5.628099e-01 5.624679e-01 5.624679e-01 3.420341e-04 3.420341e-04
95 5.672778e-01 5.676235e-01 5.676235e-01 3.456933e-04 3.456933e-04
96 5.745642e-01 5.745504e-01 5.745504e-01 1.374555e-05 1.374555e-05
97 5.795416e-01 5.795446e-01 5.795446e-01 2.971078e-06 2.971078e-06
98 5.795427e-01 5.795446e-01 5.795446e-01 1.824260e-06 1.824260e-06
99 5.844671e-01 5.844725e-01 5.844725e-01 5.418414e-06 5.418414e-06
100 5.910800e-01 5.910815e-01 5.910815e-01 1.543985e-06 1.543985e-06
101 5.958517e-01 5.958522e-01 5.958522e-01 5.334700e-07 5.334700e-07
102 5.958555e-01 5.958522e-01 5.958522e-01 3.324497e-06 3.324497e-06
103 6.005551e-01 6.005570e-01 6.005570e-01 1.900280e-06 1.900280e-06
104 6.068664e-01 6.068678e-01 6.068678e-01 1.408207e-06 1.408207e-06
105 6.114669e-01 6.114203e-01 6.114203e-01 4.661054e-05 4.661054e-05
106 6.114931e-01 6.114203e-01 6.114203e-01 7.279284e-05 7.279284e-05
107 6.157918e-01 6.159079e-01 6.159079e-01 1.160701e-04 1.160701e-04
108 6.219376e-01 6.219388e-01 6.219388e-01 1.125209e-06 1.125209e-06
109 6.262765e-01 6.262794e-01 6.262794e-01 2.859903e-06 2.859903e-06
110 6.262792e-01 6.262794e-01 6.262794e-01 1.190939e-07 1.190939e-07
111 6.305682e-01 6.305564e-01 6.305564e-01 1.177360e-05 1.177360e-05
112 6.366602e-01 6.363244e-01 6.363244e-01 3.358302e-04 3.358302e-04
113 6.401178e-01 6.404602e-01 6.404602e-01 3.423725e-04 3.423725e-04
114 6.404704e-01 6.404602e-01 6.404602e-01 1.017208e-05 1.017208e-05
115 6.445198e-01 6.445341e-01 6.445341e-01 1.437159e-05 1.437159e-05
116 6.500703e-01 6.500551e-01 6.500551e-01 1.524178e-05 1.524178e-05
117 6.539916e-01 6.539935e-01 6.539935e-01 1.954779e-06 1.954779e-06
118 6.542857e-01 6.539935e-01 6.539935e-01 2.921523e-04 2.921523e-04
119 6.575746e-01 6.578722e-01 6.578722e-01 2.975393e-04 2.975393e-04
120 6.631593e-01 6.631607e-01 6.631607e-01 1.417825e-06 1.417825e-06
121 6.669018e-01 6.669097e-01 6.669097e-01 7.931738e-06 7.931738e-06
122 6.669423e-01 6.669097e-01 6.669097e-01 3.259393e-05 3.259393e-05
123 6.716349e-01 6.706011e-01 6.706011e-01 1.033852e-03 1.033852e-03
124 6.769096e-01 6.756709e-01 6.756709e-01 1.238752e-03 1.238752e-03
125 6.769408e-01 6.792384e-01 6.792384e-01 2.297544e-03 2.297544e-03
126 6.792360e-01 6.792384e-01 6.792384e-01 2.365811e-06 2.365811e-06
127 6.827464e-01 6.827505e-01 6.827505e-01 4.078472e-06 4.078472e-06
128 6.876618e-01 6.876142e-01 6.876142e-01 4.762545e-05 4.762545e-05
129 6.909778e-01 6.910082e-01 6.910082e-01 3.041747e-05 3.041747e-05
130 6.917103e-01 6.910082e-01 6.910082e-01 7.021707e-04 7.021707e-04
131 6.937535e-01 6.943491e-01 6.943491e-01 5.956743e-04 5.956743e-04
132 6.989019e-01 6.990183e-01 6.990183e-01 1.164526e-04 1.164526e-04
133 7.022442e-01 7.022467e-01 7.022467e-01 2.550559e-06 2.550559e-06
134 7.023886e-01 7.022467e-01 7.022467e-01 1.418424e-04 1.418424e-04
135 7.053144e-01 7.054245e-01 7.054245e-01 1.100843e-04 1.100843e-04
136 7.099710e-01 7.099100e-01 7.099100e-01 6.100153e-05 6.100153e-05
137 7.129670e-01 7.129806e-01 7.129806e-01 1.355797e-05 1.355797e-05
138 7.132891e-01 7.129806e-01 7.129806e-01 3.084950e-04 3.084950e-04
139 7.156405e-01 7.160029e-01 7.160029e-01 3.623731e-04 3.623731e-04
140 7.203250e-01 7.203146e-01 7.203146e-01 1.038108e-05 1.038108e-05
141 7.236772e-01 7.232350e-01 7.232350e-01 4.421245e-04 4.421245e-04
142 7.238035e-01 7.232350e-01 7.232350e-01 5.684383e-04 5.684383e-04
143 7.250923e-01 7.261094e-01 7.261094e-01 1.017143e-03 1.017143e-03
