# Hello World! This is dune-eigensolver.
# hardware number of threads is 128 number of threads used is 1
# 8 8
# Smallest eigenvalues convergence test

#  n: 28900 A.N(): 28900 br: 1
# GeneralizedInverse:  time_total=6.576885e+00 time_factorization=9.623797e-02 iterations=26

# Arpack: time_total=6.327459e+00 iterations=1

# Eigensolver elapsed time 6.579560e+00

# N= 28900 M= 144 ACCURACY= 1.000000e+00 TOL= 1.000000e-01 THRESHOLD= 9.000000e-02 ESARERROR= 6.649183e-01 ARPERROR= 1.289730e-02 ESANERROR= 0.000000e+00 TIMERATIO= 1.039842e+00 \\

## gen: ftw     ARP-SMALL-TOL  ARPACK-TOL  ES-ARP-SMALL  ES-AR ERROR
00 -1.618714e-15 -1.294537e-16 -1.294537e-16 1.489260e-15 1.489260e-15
01 8.824167e-03 8.824167e-03 8.824167e-03 1.969015e-13 1.969015e-13
02 8.824167e-03 8.824167e-03 8.824167e-03 6.972121e-12 6.972121e-12
03 1.334551e-02 1.334551e-02 1.334551e-02 7.169234e-12 7.169234e-12
04 2.924916e-02 2.922491e-02 2.922491e-02 2.425156e-05 2.425156e-05
05 3.178881e-02 3.180579e-02 3.180579e-02 1.698186e-05 1.698186e-05
06 3.192472e-02 3.180579e-02 3.180579e-02 1.189311e-04 1.189311e-04
07 3.259167e-02 3.271787e-02 3.271787e-02 1.262007e-04 1.262007e-04
08 5.263194e-02 5.148734e-02 5.148734e-02 1.144597e-03 1.144597e-03
09 5.360430e-02 5.402982e-02 5.402982e-02 4.255184e-04 4.255184e-04
10 5.396603e-02 5.402982e-02 5.402982e-02 6.378730e-05 6.378730e-05
11 5.625713e-02 5.691242e-02 5.691242e-02 6.552856e-04 6.552856e-04
12 7.555108e-02 7.465499e-02 7.465499e-02 8.960891e-04 8.960891e-04
13 7.740070e-02 7.811994e-02 7.811994e-02 7.192373e-04 7.192373e-04
14 7.832801e-02 7.811994e-02 7.811994e-02 2.080776e-04 2.080776e-04
15 8.140302e-02 8.178079e-02 8.178079e-02 3.777724e-04 3.777724e-04
16 1.003483e-01 9.909065e-02 9.909065e-02 1.257640e-03 1.257640e-03
17 1.023321e-01 1.033071e-01 1.033071e-01 9.750576e-04 9.750576e-04
18 1.031003e-01 1.033071e-01 1.033071e-01 2.068151e-04 2.068151e-04
19 1.082661e-01 1.077383e-01 1.077383e-01 5.277307e-04 5.277307e-04
20 1.266476e-01 1.245339e-01 1.245339e-01 2.113735e-03 2.113735e-03
21 1.297225e-01 1.294174e-01 1.294174e-01 3.051072e-04 3.051072e-04
22 1.297765e-01 1.294174e-01 1.294174e-01 3.591700e-04 3.591700e-04
23 1.312913e-01 1.345070e-01 1.345070e-01 3.215699e-03 3.215699e-03
24 1.507964e-01 1.507634e-01 1.507634e-01 3.296439e-05 3.296439e-05
25 1.564560e-01 1.562201e-01 1.562201e-01 2.358194e-04 2.358194e-04
26 1.586417e-01 1.562201e-01 1.562201e-01 2.421572e-03 2.421572e-03
27 1.605354e-01 1.618697e-01 1.618697e-01 1.334240e-03 1.334240e-03
28 1.765309e-01 1.775528e-01 1.775528e-01 1.021880e-03 1.021880e-03
29 1.833059e-01 1.834876e-01 1.834876e-01 1.816367e-04 1.816367e-04
30 1.864684e-01 1.834876e-01 1.834876e-01 2.980862e-03 2.980862e-03
31 1.908025e-01 1.895946e-01 1.895946e-01 1.207889e-03 1.207889e-03
32 2.028751e-01 2.046808e-01 2.046808e-01 1.805699e-03 1.805699e-03
33 2.099077e-01 2.109993e-01 2.109993e-01 1.091605e-03 1.091605e-03
34 2.106637e-01 2.109993e-01 2.109993e-01 3.355870e-04 3.355870e-04
35 2.187036e-01 2.174667e-01 2.174667e-01 1.236872e-03 1.236872e-03
36 2.388142e-01 2.319382e-01 2.319382e-01 6.875914e-03 6.875914e-03
37 2.395723e-01 2.385492e-01 2.385492e-01 1.023145e-03 1.023145e-03
38 2.406789e-01 2.385492e-01 2.385492e-01 2.129693e-03 2.129693e-03
39 2.494196e-01 2.452832e-01 2.452832e-01 4.136376e-03 4.136376e-03
40 2.507006e-01 2.591323e-01 2.591323e-01 8.431619e-03 8.431619e-03
41 2.621239e-01 2.659497e-01 2.659497e-01 3.825816e-03 3.825816e-03
42 2.672717e-01 2.659497e-01 2.659497e-01 1.321984e-03 1.321984e-03
43 2.683562e-01 2.728643e-01 2.728643e-01 4.508081e-03 4.508081e-03
44 2.899707e-01 2.860903e-01 2.860903e-01 3.880387e-03 3.880387e-03
45 2.953299e-01 2.930352e-01 2.930352e-01 2.294717e-03 2.294717e-03
46 2.969490e-01 2.930352e-01 2.930352e-01 3.913747e-03 3.913747e-03
47 2.992132e-01 3.000517e-01 3.000517e-01 8.384827e-04 8.384827e-04
48 3.036203e-01 3.126619e-01 3.126619e-01 9.041583e-03 9.041583e-03
49 3.212115e-01 3.196634e-01 3.196634e-01 1.548135e-03 1.548135e-03
50 3.241074e-01 3.196634e-01 3.196634e-01 4.444012e-03 4.444012e-03
51 3.282177e-01 3.267126e-01 3.267126e-01 1.505161e-03 1.505161e-03
52 3.386175e-01 3.387198e-01 3.387198e-01 1.022629e-04 1.022629e-04
53 3.451153e-01 3.457155e-01 3.457155e-01 6.002465e-04 6.002465e-04
54 3.506490e-01 3.457155e-01 3.457155e-01 4.933410e-03 4.933410e-03
55 3.589112e-01 3.527372e-01 3.527372e-01 6.174031e-03 6.174031e-03
56 3.600766e-01 3.641593e-01 3.641593e-01 4.082622e-03 4.082622e-03
57 3.648843e-01 3.710960e-01 3.710960e-01 6.211660e-03 6.211660e-03
58 3.739511e-01 3.710960e-01 3.710960e-01 2.855125e-03 2.855125e-03
59 3.749845e-01 3.780392e-01 3.780392e-01 3.054736e-03 3.054736e-03
60 3.956925e-01 3.888975e-01 3.888975e-01 6.795011e-03 6.795011e-03
61 4.025595e-01 3.957305e-01 3.957305e-01 6.829025e-03 6.829025e-03
62 4.033786e-01 3.957305e-01 3.957305e-01 7.648137e-03 7.648137e-03
63 4.045092e-01 4.025532e-01 4.025532e-01 1.955978e-03 1.955978e-03
64 4.127065e-01 4.128718e-01 4.128718e-01 1.652830e-04 1.652830e-04
65 4.154351e-01 4.195645e-01 4.195645e-01 4.129371e-03 4.129371e-03
66 4.158476e-01 4.195645e-01 4.195645e-01 3.716885e-03 3.716885e-03
67 4.236225e-01 4.262328e-01 4.262328e-01 2.610312e-03 2.610312e-03
68 4.247079e-01 4.360371e-01 4.360371e-01 1.132922e-02 1.132922e-02
69 4.459172e-01 4.425606e-01 4.425606e-01 3.356548e-03 3.356548e-03
70 4.500365e-01 4.425606e-01 4.425606e-01 7.475869e-03 7.475869e-03
71 4.518576e-01 4.490480e-01 4.490480e-01 2.809551e-03 2.809551e-03
72 4.534893e-01 4.583646e-01 4.583646e-01 4.875282e-03 4.875282e-03
73 4.705250e-01 4.646967e-01 4.646967e-01 5.828336e-03 5.828336e-03
74 4.711772e-01 4.646967e-01 4.646967e-01 6.480527e-03 6.480527e-03
75 4.735556e-01 4.709833e-01 4.709833e-01 2.572365e-03 2.572365e-03
76 4.762637e-01 4.798387e-01 4.798387e-01 3.575080e-03 3.575080e-03
77 4.779849e-01 4.859631e-01 4.859631e-01 7.978155e-03 7.978155e-03
78 4.925278e-01 4.859631e-01 4.859631e-01 6.564735e-03 6.564735e-03
79 4.942154e-01 4.920347e-01 4.920347e-01 2.180725e-03 2.180725e-03
80 4.982149e-01 5.004553e-01 5.004553e-01 2.240352e-03 2.240352e-03
81 5.040029e-01 5.063607e-01 5.063607e-01 2.357838e-03 2.357838e-03
82 5.085643e-01 5.063607e-01 5.063607e-01 2.203533e-03 2.203533e-03
83 5.107514e-01 5.122080e-01 5.122080e-01 1.456644e-03 1.456644e-03
84 5.178065e-01 5.202194e-01 5.202194e-01 2.412930e-03 2.412930e-03
85 5.236970e-01 5.258991e-01 5.258991e-01 2.202152e-03 2.202152e-03
86 5.387964e-01 5.258991e-01 5.258991e-01 1.289730e-02 1.289730e-02
87 5.400644e-01 5.315169e-01 5.315169e-01 8.547519e-03 8.547519e-03
88 5.405745e-01 5.391437e-01 5.391437e-01 1.430853e-03 1.430853e-03
89 5.410943e-01 5.445944e-01 5.445944e-01 3.500184e-03 3.500184e-03
90 5.484424e-01 5.445944e-01 5.445944e-01 3.847982e-03 3.847982e-03
91 5.517747e-01 5.499807e-01 5.499807e-01 1.793998e-03 1.793998e-03
92 5.580082e-01 5.572464e-01 5.572464e-01 7.617428e-04 7.617428e-04
93 5.622803e-01 5.624679e-01 5.624679e-01 1.876258e-04 1.876258e-04
94 5.636286e-01 5.624679e-01 5.624679e-01 1.160693e-03 1.160693e-03
95 5.724426e-01 5.676235e-01 5.676235e-01 4.819087e-03 4.819087e-03
96 5.731384e-01 5.745504e-01 5.745504e-01 1.412053e-03 1.412053e-03
97 5.798827e-01 5.795446e-01 5.795446e-01 3.381699e-04 3.381699e-04
98 5.834831e-01 5.795446e-01 5.795446e-01 3.938540e-03 3.938540e-03
99 5.835900e-01 5.844725e-01 5.844725e-01 8.825248e-04 8.825248e-04
100 5.874246e-01 5.910815e-01 5.910815e-01 3.656924e-03 3.656924e-03
101 5.922183e-01 5.958522e-01 5.958522e-01 3.633885e-03 3.633885e-03
102 5.946469e-01 5.958522e-01 5.958522e-01 1.205269e-03 1.205269e-03
103 5.969618e-01 6.005570e-01 6.005570e-01 3.595250e-03 3.595250e-03
104 6.027754e-01 6.068678e-01 6.068678e-01 4.092406e-03 4.092406e-03
105 6.158543e-01 6.114203e-01 6.114203e-01 4.433977e-03 4.433977e-03
106 6.170832e-01 6.114203e-01 6.114203e-01 5.662893e-03 5.662893e-03
107 6.185296e-01 6.159079e-01 6.159079e-01 2.621720e-03 2.621720e-03
108 6.243536e-01 6.219388e-01 6.219388e-01 2.414801e-03 2.414801e-03
109 6.297220e-01 6.262794e-01 6.262794e-01 3.442596e-03 3.442596e-03
110 6.323409e-01 6.262794e-01 6.262794e-01 6.061571e-03 6.061571e-03
111 6.324037e-01 6.305564e-01 6.305564e-01 1.847227e-03 1.847227e-03
112 6.344705e-01 6.363244e-01 6.363244e-01 1.853926e-03 1.853926e-03
113 6.431312e-01 6.404602e-01 6.404602e-01 2.670980e-03 2.670980e-03
114 6.471644e-01 6.404602e-01 6.404602e-01 6.704172e-03 6.704172e-03
115 6.504026e-01 6.445341e-01 6.445341e-01 5.868429e-03 5.868429e-03
116 6.526828e-01 6.500551e-01 6.500551e-01 2.627691e-03 2.627691e-03
117 6.549787e-01 6.539935e-01 6.539935e-01 9.851344e-04 9.851344e-04
118 6.550225e-01 6.539935e-01 6.539935e-01 1.028959e-03 1.028959e-03
119 6.567628e-01 6.578722e-01 6.578722e-01 1.109329e-03 1.109329e-03
120 6.693054e-01 6.631607e-01 6.631607e-01 6.144622e-03 6.144622e-03
121 6.704869e-01 6.669097e-01 6.669097e-01 3.577165e-03 3.577165e-03
122 6.755462e-01 6.669097e-01 6.669097e-01 8.636484e-03 8.636484e-03
123 6.769020e-01 6.706011e-01 6.706011e-01 6.300931e-03 6.300931e-03
124 6.778361e-01 6.756709e-01 6.756709e-01 2.165185e-03 2.165185e-03
125 6.787377e-01 6.792384e-01 6.792384e-01 5.006612e-04 5.006612e-04
126 6.851181e-01 6.792384e-01 6.792384e-01 5.879696e-03 5.879696e-03
127 6.886271e-01 6.827505e-01 6.827505e-01 5.876629e-03 5.876629e-03
128 6.900340e-01 6.876142e-01 6.876142e-01 2.419832e-03 2.419832e-03
129 6.965712e-01 6.910082e-01 6.910082e-01 5.562985e-03 5.562985e-03
130 6.971766e-01 6.910082e-01 6.910082e-01 6.168387e-03 6.168387e-03
131 6.974525e-01 6.943491e-01 6.943491e-01 3.103324e-03 3.103324e-03
132 6.995437e-01 6.990183e-01 6.990183e-01 5.253986e-04 5.253986e-04
133 7.047083e-01 7.022467e-01 7.022467e-01 2.461573e-03 2.461573e-03
134 7.065263e-01 7.022467e-01 7.022467e-01 4.279569e-03 4.279569e-03
135 7.084627e-01 7.054245e-01 7.054245e-01 3.038202e-03 3.038202e-03
136 7.120677e-01 7.099100e-01 7.099100e-01 2.157772e-03 2.157772e-03
137 7.155012e-01 7.129806e-01 7.129806e-01 2.520592e-03 2.520592e-03
138 7.165004e-01 7.129806e-01 7.129806e-01 3.519784e-03 3.519784e-03
139 7.212443e-01 7.160029e-01 7.160029e-01 5.241413e-03 5.241413e-03
140 7.228273e-01 7.203146e-01 7.203146e-01 2.512673e-03 2.512673e-03
141 7.256800e-01 7.232350e-01 7.232350e-01 2.444937e-03 2.444937e-03
142 7.285509e-01 7.232350e-01 7.232350e-01 5.315875e-03 5.315875e-03
143 7.322339e-01 7.261094e-01 7.261094e-01 6.124508e-03 6.124508e-03
