# Hello World! This is dune-eigensolver.
# hardware number of threads is 128 number of threads used is 1
# 8 8
# Smallest eigenvalues convergence test

#  n: 28900 A.N(): 28900 br: 1
# GeneralizedSymmetricStewart:  time_total=4.512480e+00 time_factorization=9.784171e-02 time_eigendecomposition=2.310037e-02 time_matmul_dense=4.209372e-02 iterations=15

# Arpack: time_total=6.418017e+00 iterations=1

# Eigensolver elapsed time 4.512942e+00

# N= 28900 M= 144 ACCURACY= 7.500000e-01 TOL= 1.000000e-03 THRESHOLD= 9.000000e-02 ESARERROR= 7.804723e-01 ARPERROR= 1.216785e-01 ESANERROR= 0.000000e+00 TIMERATIO= 7.031676e-01 \\

## gen: stw     ARP-SMALL-TOL  ARPACK-TOL  ES-ARP-SMALL  ES-AR ERROR
00 -1.457601e-15 -1.294537e-16 -1.294537e-16 1.328148e-15 1.328148e-15
01 8.824167e-03 8.824167e-03 8.824167e-03 4.371503e-16 4.371503e-16
02 8.824167e-03 8.824167e-03 8.824167e-03 9.714451e-17 9.714451e-17
03 1.334551e-02 1.334551e-02 1.334551e-02 7.632783e-17 7.632783e-17
04 2.922491e-02 2.922491e-02 2.922491e-02 3.122502e-16 3.122502e-16
05 3.180579e-02 3.180579e-02 3.180579e-02 2.567391e-16 2.567391e-16
06 3.180579e-02 3.180579e-02 3.180579e-02 2.775558e-16 2.775558e-16
07 3.271787e-02 3.271787e-02 3.271787e-02 7.632783e-16 7.632783e-16
08 5.148734e-02 5.148734e-02 5.148734e-02 4.579670e-16 4.579670e-16
09 5.402982e-02 5.402982e-02 5.402982e-02 5.273559e-16 5.273559e-16
10 5.402982e-02 5.402982e-02 5.402982e-02 1.249001e-16 1.249001e-16
11 5.691242e-02 5.691242e-02 5.691242e-02 4.787837e-16 4.787837e-16
12 7.465499e-02 7.465499e-02 7.465499e-02 4.440892e-16 4.440892e-16
13 7.811994e-02 7.811994e-02 7.811994e-02 1.387779e-17 1.387779e-17
14 7.811994e-02 7.811994e-02 7.811994e-02 1.387779e-17 1.387779e-17
15 8.178079e-02 8.178079e-02 8.178079e-02 4.579670e-16 4.579670e-16
16 9.909065e-02 9.909065e-02 9.909065e-02 2.636780e-16 2.636780e-16
17 1.033071e-01 1.033071e-01 1.033071e-01 5.828671e-16 5.828671e-16
18 1.033071e-01 1.033071e-01 1.033071e-01 1.665335e-16 1.665335e-16
19 1.077383e-01 1.077383e-01 1.077383e-01 1.526557e-16 1.526557e-16
20 1.245339e-01 1.245339e-01 1.245339e-01 1.110223e-15 1.110223e-15
21 1.294174e-01 1.294174e-01 1.294174e-01 7.216450e-16 7.216450e-16
22 1.294174e-01 1.294174e-01 1.294174e-01 1.082467e-15 1.082467e-15
23 1.345070e-01 1.345070e-01 1.345070e-01 9.992007e-16 9.992007e-16
24 1.507634e-01 1.507634e-01 1.507634e-01 5.551115e-16 5.551115e-16
25 1.562201e-01 1.562201e-01 1.562201e-01 2.775558e-17 2.775558e-17
26 1.562201e-01 1.562201e-01 1.562201e-01 5.273559e-16 5.273559e-16
27 1.618697e-01 1.618697e-01 1.618697e-01 5.273559e-16 5.273559e-16
28 1.775528e-01 1.775528e-01 1.775528e-01 6.383782e-16 6.383782e-16
29 1.834876e-01 1.834876e-01 1.834876e-01 1.026956e-15 1.026956e-15
30 1.834876e-01 1.834876e-01 1.834876e-01 2.997602e-15 2.997602e-15
31 1.895946e-01 1.895946e-01 1.895946e-01 8.326673e-16 8.326673e-16
32 2.046808e-01 2.046808e-01 2.046808e-01 2.220446e-16 2.220446e-16
33 2.109993e-01 2.109993e-01 2.109993e-01 1.582068e-15 1.582068e-15
34 2.109993e-01 2.109993e-01 2.109993e-01 2.609024e-15 2.609024e-15
35 2.174667e-01 2.174667e-01 2.174667e-01 7.216450e-16 7.216450e-16
36 2.319382e-01 2.319382e-01 2.319382e-01 6.383782e-16 6.383782e-16
37 2.385492e-01 2.385492e-01 2.385492e-01 2.498002e-16 2.498002e-16
38 2.385492e-01 2.385492e-01 2.385492e-01 9.242607e-15 9.242607e-15
39 2.452832e-01 2.452832e-01 2.452832e-01 7.660539e-15 7.660539e-15
40 2.591323e-01 2.591323e-01 2.591323e-01 6.383782e-14 6.383782e-14
41 2.659497e-01 2.659497e-01 2.659497e-01 7.988055e-14 7.988055e-14
42 2.659497e-01 2.659497e-01 2.659497e-01 1.083023e-13 1.083023e-13
43 2.728643e-01 2.728643e-01 2.728643e-01 1.679767e-13 1.679767e-13
44 2.860903e-01 2.860903e-01 2.860903e-01 9.621748e-13 9.621748e-13
45 2.930352e-01 2.930352e-01 2.930352e-01 7.615575e-13 7.615575e-13
46 2.930352e-01 2.930352e-01 2.930352e-01 3.278100e-12 3.278100e-12
47 3.000517e-01 3.000517e-01 3.000517e-01 2.620182e-12 2.620182e-12
48 3.126619e-01 3.126619e-01 3.126619e-01 9.705625e-12 9.705625e-12
49 3.196634e-01 3.196634e-01 3.196634e-01 2.652029e-11 2.652029e-11
50 3.196634e-01 3.196634e-01 3.196634e-01 3.229356e-11 3.229356e-11
51 3.267126e-01 3.267126e-01 3.267126e-01 3.988493e-11 3.988493e-11
52 3.387198e-01 3.387198e-01 3.387198e-01 9.224665e-11 9.224665e-11
53 3.457155e-01 3.457155e-01 3.457155e-01 2.099440e-10 2.099440e-10
54 3.457155e-01 3.457155e-01 3.457155e-01 3.099452e-10 3.099452e-10
55 3.527372e-01 3.527372e-01 3.527372e-01 4.164467e-10 4.164467e-10
56 3.641593e-01 3.641593e-01 3.641593e-01 1.028697e-09 1.028697e-09
57 3.710960e-01 3.710960e-01 3.710960e-01 1.152523e-09 1.152523e-09
58 3.710960e-01 3.710960e-01 3.710960e-01 2.363144e-09 2.363144e-09
59 3.780392e-01 3.780392e-01 3.780392e-01 3.119801e-09 3.119801e-09
60 3.888975e-01 3.888975e-01 3.888975e-01 3.839509e-09 3.839509e-09
61 3.957305e-01 3.957305e-01 3.957305e-01 7.134334e-09 7.134334e-09
62 3.957305e-01 3.957305e-01 3.957305e-01 1.493750e-08 1.493750e-08
63 4.025532e-01 4.025532e-01 4.025532e-01 2.108352e-08 2.108352e-08
64 4.128718e-01 4.128718e-01 4.128718e-01 3.778599e-08 3.778599e-08
65 4.195645e-01 4.195645e-01 4.195645e-01 3.535868e-08 3.535868e-08
66 4.195645e-01 4.195645e-01 4.195645e-01 4.199442e-08 4.199442e-08
67 4.262328e-01 4.262328e-01 4.262328e-01 6.215859e-08 6.215859e-08
68 4.360372e-01 4.360371e-01 4.360371e-01 8.748591e-08 8.748591e-08
69 4.425608e-01 4.425606e-01 4.425606e-01 1.434998e-07 1.434998e-07
70 4.425609e-01 4.425606e-01 4.425606e-01 2.725814e-07 2.725814e-07
71 4.490489e-01 4.490480e-01 4.490480e-01 9.330354e-07 9.330354e-07
72 4.583652e-01 4.583646e-01 4.583646e-01 5.438866e-07 5.438866e-07
73 4.646975e-01 4.646967e-01 4.646967e-01 8.721855e-07 8.721855e-07
74 4.646978e-01 4.646967e-01 4.646967e-01 1.160800e-06 1.160800e-06
75 4.709842e-01 4.709833e-01 4.709833e-01 9.179720e-07 9.179720e-07
76 4.798412e-01 4.798387e-01 4.798387e-01 2.484032e-06 2.484032e-06
77 4.859650e-01 4.859631e-01 4.859631e-01 1.975944e-06 1.975944e-06
78 4.859661e-01 4.859631e-01 4.859631e-01 3.023999e-06 3.023999e-06
79 4.920381e-01 4.920347e-01 4.920347e-01 3.443496e-06 3.443496e-06
80 5.004637e-01 5.004553e-01 5.004553e-01 8.388717e-06 8.388717e-06
81 5.063699e-01 5.063607e-01 5.063607e-01 9.118228e-06 9.118228e-06
82 5.063712e-01 5.063607e-01 5.063607e-01 1.049418e-05 1.049418e-05
83 5.122220e-01 5.122080e-01 5.122080e-01 1.393126e-05 1.393126e-05
84 5.202420e-01 5.202194e-01 5.202194e-01 2.260910e-05 2.260910e-05
85 5.259248e-01 5.258991e-01 5.258991e-01 2.562629e-05 2.562629e-05
86 5.259432e-01 5.258991e-01 5.258991e-01 4.408751e-05 4.408751e-05
87 5.315553e-01 5.315169e-01 5.315169e-01 3.839072e-05 3.839072e-05
88 5.391971e-01 5.391437e-01 5.391437e-01 5.343560e-05 5.343560e-05
89 5.446643e-01 5.445944e-01 5.445944e-01 6.989826e-05 6.989826e-05
90 5.446664e-01 5.445944e-01 5.445944e-01 7.195004e-05 7.195004e-05
91 5.500512e-01 5.499807e-01 5.499807e-01 7.050196e-05 7.050196e-05
92 5.573546e-01 5.572464e-01 5.572464e-01 1.081184e-04 1.081184e-04
93 5.626562e-01 5.624679e-01 5.624679e-01 1.883420e-04 1.883420e-04
94 5.627738e-01 5.624679e-01 5.624679e-01 3.059104e-04 3.059104e-04
95 5.678535e-01 5.676235e-01 5.676235e-01 2.299951e-04 2.299951e-04
96 5.748831e-01 5.745504e-01 5.745504e-01 3.327046e-04 3.327046e-04
97 5.797269e-01 5.795446e-01 5.795446e-01 1.823360e-04 1.823360e-04
98 5.801006e-01 5.795446e-01 5.795446e-01 5.559937e-04 5.559937e-04
99 5.850014e-01 5.844725e-01 5.844725e-01 5.288696e-04 5.288696e-04
100 5.916573e-01 5.910815e-01 5.910815e-01 5.758171e-04 5.758171e-04
101 5.967301e-01 5.958522e-01 5.958522e-01 8.778677e-04 8.778677e-04
102 5.971367e-01 5.958522e-01 5.958522e-01 1.284486e-03 1.284486e-03
103 6.012795e-01 6.005570e-01 6.005570e-01 7.225091e-04 7.225091e-04
104 6.084883e-01 6.068678e-01 6.068678e-01 1.620490e-03 1.620490e-03
105 6.125898e-01 6.114203e-01 6.114203e-01 1.169513e-03 1.169513e-03
106 6.128671e-01 6.114203e-01 6.114203e-01 1.446817e-03 1.446817e-03
107 6.177448e-01 6.159079e-01 6.159079e-01 1.836888e-03 1.836888e-03
108 6.236973e-01 6.219388e-01 6.219388e-01 1.758534e-03 1.758534e-03
109 6.284679e-01 6.262794e-01 6.262794e-01 2.188560e-03 2.188560e-03
110 6.291467e-01 6.262794e-01 6.262794e-01 2.867319e-03 2.867319e-03
111 6.347132e-01 6.305564e-01 6.305564e-01 4.156809e-03 4.156809e-03
112 6.402131e-01 6.363244e-01 6.363244e-01 3.888694e-03 3.888694e-03
113 6.454967e-01 6.404602e-01 6.404602e-01 5.036491e-03 5.036491e-03
114 6.463819e-01 6.404602e-01 6.404602e-01 5.921691e-03 5.921691e-03
115 6.498551e-01 6.445341e-01 6.445341e-01 5.320936e-03 5.320936e-03
116 6.553965e-01 6.500551e-01 6.500551e-01 5.341463e-03 5.341463e-03
117 6.601404e-01 6.539935e-01 6.539935e-01 6.146877e-03 6.146877e-03
118 6.603543e-01 6.539935e-01 6.539935e-01 6.360812e-03 6.360812e-03
119 6.651506e-01 6.578722e-01 6.578722e-01 7.278423e-03 7.278423e-03
120 6.713805e-01 6.631607e-01 6.631607e-01 8.219753e-03 8.219753e-03
121 6.758568e-01 6.669097e-01 6.669097e-01 8.947093e-03 8.947093e-03
122 6.828307e-01 6.669097e-01 6.669097e-01 1.592092e-02 1.592092e-02
123 6.871250e-01 6.706011e-01 6.706011e-01 1.652394e-02 1.652394e-02
124 6.916693e-01 6.756709e-01 6.756709e-01 1.599837e-02 1.599837e-02
125 6.967822e-01 6.792384e-01 6.792384e-01 1.754384e-02 1.754384e-02
126 7.023537e-01 6.792384e-01 6.792384e-01 2.311530e-02 2.311530e-02
127 7.048091e-01 6.827505e-01 6.827505e-01 2.205857e-02 2.205857e-02
128 7.135729e-01 6.876142e-01 6.876142e-01 2.595869e-02 2.595869e-02
129 7.150410e-01 6.910082e-01 6.910082e-01 2.403286e-02 2.403286e-02
130 7.223068e-01 6.910082e-01 6.910082e-01 3.129865e-02 3.129865e-02
131 7.277257e-01 6.943491e-01 6.943491e-01 3.337652e-02 3.337652e-02
132 7.444732e-01 6.990183e-01 6.990183e-01 4.545492e-02 4.545492e-02
133 7.494742e-01 7.022467e-01 7.022467e-01 4.722744e-02 4.722744e-02
134 7.562076e-01 7.022467e-01 7.022467e-01 5.396083e-02 5.396083e-02
135 7.664077e-01 7.054245e-01 7.054245e-01 6.098323e-02 6.098323e-02
136 7.734795e-01 7.099100e-01 7.099100e-01 6.356952e-02 6.356952e-02
137 7.760063e-01 7.129806e-01 7.129806e-01 6.302568e-02 6.302568e-02
138 7.935367e-01 7.129806e-01 7.129806e-01 8.055615e-02 8.055615e-02
139 8.026176e-01 7.160029e-01 7.160029e-01 8.661469e-02 8.661469e-02
140 8.111334e-01 7.203146e-01 7.203146e-01 9.081876e-02 9.081876e-02
141 8.263490e-01 7.232350e-01 7.232350e-01 1.031140e-01 1.031140e-01
142 8.403107e-01 7.232350e-01 7.232350e-01 1.170757e-01 1.170757e-01
143 8.477879e-01 7.261094e-01 7.261094e-01 1.216785e-01 1.216785e-01
