# Hello World! This is dune-eigensolver.
# hardware number of threads is 128 number of threads used is 1
# 8 8
# Smallest eigenvalues convergence test

#  n: 28900 A.N(): 28900 br: 1
# GeneralizedSymmetricStewart:  time_total=1.097420e+00 time_factorization=1.005323e-01 time_eigendecomposition=4.172347e-03 time_matmul_dense=4.061929e-02 iterations=3

# Arpack: time_total=6.361797e+00 iterations=1

# Eigensolver elapsed time 1.099311e+00

# N= 28900 M= 144 ACCURACY= 7.500000e-01 TOL= 2.000000e-01 THRESHOLD= 9.000000e-02 ESARERROR= 9.420821e-01 ARPERROR= 4.834830e-01 ESANERROR= 0.000000e+00 TIMERATIO= 1.727988e-01 \\

## gen: stw     ARP-SMALL-TOL  ARPACK-TOL  ES-ARP-SMALL  ES-AR ERROR
00 1.208669e-15 -1.294537e-16 -1.294537e-16 1.338122e-15 1.338122e-15
01 8.824168e-03 8.824167e-03 8.824167e-03 9.264491e-10 9.264491e-10
02 8.824168e-03 8.824167e-03 8.824167e-03 1.075987e-09 1.075987e-09
03 1.334552e-02 1.334551e-02 1.334551e-02 8.083398e-09 8.083398e-09
04 2.922573e-02 2.922491e-02 2.922491e-02 8.228750e-07 8.228750e-07
05 3.180685e-02 3.180579e-02 3.180579e-02 1.058173e-06 1.058173e-06
06 3.180696e-02 3.180579e-02 3.180579e-02 1.166532e-06 1.166532e-06
07 3.271923e-02 3.271787e-02 3.271787e-02 1.361655e-06 1.361655e-06
08 5.151332e-02 5.148734e-02 5.148734e-02 2.597690e-05 2.597690e-05
09 5.405379e-02 5.402982e-02 5.402982e-02 2.397016e-05 2.397016e-05
10 5.406433e-02 5.402982e-02 5.402982e-02 3.451091e-05 3.451091e-05
11 5.695500e-02 5.691242e-02 5.691242e-02 4.258289e-05 4.258289e-05
12 7.481866e-02 7.465499e-02 7.465499e-02 1.636692e-04 1.636692e-04
13 7.832294e-02 7.811994e-02 7.811994e-02 2.030013e-04 2.030013e-04
14 7.846988e-02 7.811994e-02 7.811994e-02 3.499472e-04 3.499472e-04
15 8.210028e-02 8.178079e-02 8.178079e-02 3.194894e-04 3.194894e-04
16 1.000497e-01 9.909065e-02 9.909065e-02 9.590069e-04 9.590069e-04
17 1.042167e-01 1.033071e-01 1.033071e-01 9.095759e-04 9.095759e-04
18 1.044802e-01 1.033071e-01 1.033071e-01 1.173041e-03 1.173041e-03
19 1.093269e-01 1.077383e-01 1.077383e-01 1.588519e-03 1.588519e-03
20 1.277956e-01 1.245339e-01 1.245339e-01 3.261725e-03 3.261725e-03
21 1.333161e-01 1.294174e-01 1.294174e-01 3.898776e-03 3.898776e-03
22 1.337661e-01 1.294174e-01 1.294174e-01 4.348699e-03 4.348699e-03
23 1.385698e-01 1.345070e-01 1.345070e-01 4.062834e-03 4.062834e-03
24 1.589834e-01 1.507634e-01 1.507634e-01 8.219961e-03 8.219961e-03
25 1.664410e-01 1.562201e-01 1.562201e-01 1.022089e-02 1.022089e-02
26 1.671993e-01 1.562201e-01 1.562201e-01 1.097915e-02 1.097915e-02
27 1.807781e-01 1.618697e-01 1.618697e-01 1.890840e-02 1.890840e-02
28 1.972760e-01 1.775528e-01 1.775528e-01 1.972323e-02 1.972323e-02
29 2.061952e-01 1.834876e-01 1.834876e-01 2.270764e-02 2.270764e-02
30 2.072370e-01 1.834876e-01 1.834876e-01 2.374943e-02 2.374943e-02
31 2.217053e-01 1.895946e-01 1.895946e-01 3.211061e-02 3.211061e-02
32 2.547641e-01 2.046808e-01 2.046808e-01 5.008331e-02 5.008331e-02
33 2.681331e-01 2.109993e-01 2.109993e-01 5.713379e-02 5.713379e-02
34 2.775677e-01 2.109993e-01 2.109993e-01 6.656841e-02 6.656841e-02
35 2.953315e-01 2.174667e-01 2.174667e-01 7.786475e-02 7.786475e-02
36 3.127221e-01 2.319382e-01 2.319382e-01 8.078387e-02 8.078387e-02
37 3.233440e-01 2.385492e-01 2.385492e-01 8.479481e-02 8.479481e-02
38 3.386545e-01 2.385492e-01 2.385492e-01 1.001053e-01 1.001053e-01
39 3.594257e-01 2.452832e-01 2.452832e-01 1.141425e-01 1.141425e-01
40 4.118518e-01 2.591323e-01 2.591323e-01 1.527196e-01 1.527196e-01
41 4.303925e-01 2.659497e-01 2.659497e-01 1.644428e-01 1.644428e-01
42 4.366149e-01 2.659497e-01 2.659497e-01 1.706652e-01 1.706652e-01
43 4.555572e-01 2.728643e-01 2.728643e-01 1.826930e-01 1.826930e-01
44 5.314191e-01 2.860903e-01 2.860903e-01 2.453289e-01 2.453289e-01
45 5.364910e-01 2.930352e-01 2.930352e-01 2.434558e-01 2.434558e-01
46 5.681100e-01 2.930352e-01 2.930352e-01 2.750748e-01 2.750748e-01
47 5.937607e-01 3.000517e-01 3.000517e-01 2.937090e-01 2.937090e-01
48 6.041667e-01 3.126619e-01 3.126619e-01 2.915048e-01 2.915048e-01
49 6.408365e-01 3.196634e-01 3.196634e-01 3.211731e-01 3.211731e-01
50 6.769333e-01 3.196634e-01 3.196634e-01 3.572699e-01 3.572699e-01
51 6.950057e-01 3.267126e-01 3.267126e-01 3.682931e-01 3.682931e-01
52 7.086742e-01 3.387198e-01 3.387198e-01 3.699544e-01 3.699544e-01
53 7.496367e-01 3.457155e-01 3.457155e-01 4.039211e-01 4.039211e-01
54 7.632758e-01 3.457155e-01 3.457155e-01 4.175603e-01 4.175603e-01
55 7.668583e-01 3.527372e-01 3.527372e-01 4.141211e-01 4.141211e-01
56 7.835500e-01 3.641593e-01 3.641593e-01 4.193907e-01 4.193907e-01
57 7.966017e-01 3.710960e-01 3.710960e-01 4.255057e-01 4.255057e-01
58 8.186165e-01 3.710960e-01 3.710960e-01 4.475206e-01 4.475206e-01
59 8.351898e-01 3.780392e-01 3.780392e-01 4.571506e-01 4.571506e-01
60 8.435655e-01 3.888975e-01 3.888975e-01 4.546679e-01 4.546679e-01
61 8.501451e-01 3.957305e-01 3.957305e-01 4.544146e-01 4.544146e-01
62 8.692825e-01 3.957305e-01 3.957305e-01 4.735520e-01 4.735520e-01
63 8.744212e-01 4.025532e-01 4.025532e-01 4.718680e-01 4.718680e-01
64 8.788172e-01 4.128718e-01 4.128718e-01 4.659455e-01 4.659455e-01
65 8.979904e-01 4.195645e-01 4.195645e-01 4.784260e-01 4.784260e-01
66 9.021545e-01 4.195645e-01 4.195645e-01 4.825901e-01 4.825901e-01
67 9.080111e-01 4.262328e-01 4.262328e-01 4.817783e-01 4.817783e-01
68 9.164021e-01 4.360371e-01 4.360371e-01 4.803650e-01 4.803650e-01
69 9.230926e-01 4.425606e-01 4.425606e-01 4.805320e-01 4.805320e-01
70 9.255559e-01 4.425606e-01 4.425606e-01 4.829952e-01 4.829952e-01
71 9.299504e-01 4.490480e-01 4.490480e-01 4.809024e-01 4.809024e-01
72 9.389292e-01 4.583646e-01 4.583646e-01 4.805646e-01 4.805646e-01
73 9.435570e-01 4.646967e-01 4.646967e-01 4.788604e-01 4.788604e-01
74 9.481797e-01 4.646967e-01 4.646967e-01 4.834830e-01 4.834830e-01
75 9.541551e-01 4.709833e-01 4.709833e-01 4.831719e-01 4.831719e-01
76 9.573782e-01 4.798387e-01 4.798387e-01 4.775394e-01 4.775394e-01
77 9.585333e-01 4.859631e-01 4.859631e-01 4.725703e-01 4.725703e-01
78 9.610477e-01 4.859631e-01 4.859631e-01 4.750847e-01 4.750847e-01
79 9.642465e-01 4.920347e-01 4.920347e-01 4.722118e-01 4.722118e-01
80 9.657176e-01 5.004553e-01 5.004553e-01 4.652623e-01 4.652623e-01
81 9.674587e-01 5.063607e-01 5.063607e-01 4.610980e-01 4.610980e-01
82 9.685113e-01 5.063607e-01 5.063607e-01 4.621506e-01 4.621506e-01
83 9.715205e-01 5.122080e-01 5.122080e-01 4.593124e-01 4.593124e-01
84 9.740897e-01 5.202194e-01 5.202194e-01 4.538703e-01 4.538703e-01
85 9.747525e-01 5.258991e-01 5.258991e-01 4.488533e-01 4.488533e-01
86 9.757942e-01 5.258991e-01 5.258991e-01 4.498950e-01 4.498950e-01
87 9.785547e-01 5.315169e-01 5.315169e-01 4.470378e-01 4.470378e-01
88 9.789757e-01 5.391437e-01 5.391437e-01 4.398320e-01 4.398320e-01
89 9.795923e-01 5.445944e-01 5.445944e-01 4.349979e-01 4.349979e-01
90 9.818531e-01 5.445944e-01 5.445944e-01 4.372587e-01 4.372587e-01
91 9.830927e-01 5.499807e-01 5.499807e-01 4.331120e-01 4.331120e-01
92 9.841255e-01 5.572464e-01 5.572464e-01 4.268790e-01 4.268790e-01
93 9.846046e-01 5.624679e-01 5.624679e-01 4.221368e-01 4.221368e-01
94 9.850236e-01 5.624679e-01 5.624679e-01 4.225557e-01 4.225557e-01
95 9.856400e-01 5.676235e-01 5.676235e-01 4.180165e-01 4.180165e-01
96 9.876557e-01 5.745504e-01 5.745504e-01 4.131053e-01 4.131053e-01
97 9.877984e-01 5.795446e-01 5.795446e-01 4.082538e-01 4.082538e-01
98 9.880402e-01 5.795446e-01 5.795446e-01 4.084956e-01 4.084956e-01
99 9.888008e-01 5.844725e-01 5.844725e-01 4.043283e-01 4.043283e-01
100 9.889510e-01 5.910815e-01 5.910815e-01 3.978695e-01 3.978695e-01
101 9.898559e-01 5.958522e-01 5.958522e-01 3.940037e-01 3.940037e-01
102 9.901847e-01 5.958522e-01 5.958522e-01 3.943325e-01 3.943325e-01
103 9.903839e-01 6.005570e-01 6.005570e-01 3.898268e-01 3.898268e-01
104 9.914975e-01 6.068678e-01 6.068678e-01 3.846297e-01 3.846297e-01
105 9.918393e-01 6.114203e-01 6.114203e-01 3.804189e-01 3.804189e-01
106 9.920066e-01 6.114203e-01 6.114203e-01 3.805863e-01 3.805863e-01
107 9.921203e-01 6.159079e-01 6.159079e-01 3.762124e-01 3.762124e-01
108 9.927394e-01 6.219388e-01 6.219388e-01 3.708006e-01 3.708006e-01
109 9.930613e-01 6.262794e-01 6.262794e-01 3.667819e-01 3.667819e-01
110 9.932162e-01 6.262794e-01 6.262794e-01 3.669369e-01 3.669369e-01
111 9.933010e-01 6.305564e-01 6.305564e-01 3.627446e-01 3.627446e-01
112 9.936233e-01 6.363244e-01 6.363244e-01 3.572989e-01 3.572989e-01
113 9.938972e-01 6.404602e-01 6.404602e-01 3.534371e-01 3.534371e-01
114 9.939399e-01 6.404602e-01 6.404602e-01 3.534797e-01 3.534797e-01
115 9.944370e-01 6.445341e-01 6.445341e-01 3.499028e-01 3.499028e-01
116 9.944838e-01 6.500551e-01 6.500551e-01 3.444287e-01 3.444287e-01
117 9.945687e-01 6.539935e-01 6.539935e-01 3.405752e-01 3.405752e-01
118 9.948582e-01 6.539935e-01 6.539935e-01 3.408646e-01 3.408646e-01
119 9.953975e-01 6.578722e-01 6.578722e-01 3.375253e-01 3.375253e-01
120 9.954256e-01 6.631607e-01 6.631607e-01 3.322648e-01 3.322648e-01
121 9.955396e-01 6.669097e-01 6.669097e-01 3.286298e-01 3.286298e-01
122 9.958290e-01 6.669097e-01 6.669097e-01 3.289193e-01 3.289193e-01
123 9.958427e-01 6.706011e-01 6.706011e-01 3.252417e-01 3.252417e-01
124 9.959618e-01 6.756709e-01 6.756709e-01 3.202909e-01 3.202909e-01
125 9.963066e-01 6.792384e-01 6.792384e-01 3.170683e-01 3.170683e-01
126 9.963377e-01 6.792384e-01 6.792384e-01 3.170993e-01 3.170993e-01
127 9.965415e-01 6.827505e-01 6.827505e-01 3.137910e-01 3.137910e-01
128 9.967688e-01 6.876142e-01 6.876142e-01 3.091546e-01 3.091546e-01
129 9.968601e-01 6.910082e-01 6.910082e-01 3.058519e-01 3.058519e-01
130 9.969307e-01 6.910082e-01 6.910082e-01 3.059225e-01 3.059225e-01
131 9.970098e-01 6.943491e-01 6.943491e-01 3.026607e-01 3.026607e-01
132 9.970498e-01 6.990183e-01 6.990183e-01 2.980315e-01 2.980315e-01
133 9.973516e-01 7.022467e-01 7.022467e-01 2.951048e-01 2.951048e-01
134 9.974040e-01 7.022467e-01 7.022467e-01 2.951572e-01 2.951572e-01
135 9.976116e-01 7.054245e-01 7.054245e-01 2.921871e-01 2.921871e-01
136 9.976805e-01 7.099100e-01 7.099100e-01 2.877706e-01 2.877706e-01
137 9.977501e-01 7.129806e-01 7.129806e-01 2.847695e-01 2.847695e-01
138 9.978866e-01 7.129806e-01 7.129806e-01 2.849060e-01 2.849060e-01
139 9.979736e-01 7.160029e-01 7.160029e-01 2.819707e-01 2.819707e-01
140 9.980315e-01 7.203146e-01 7.203146e-01 2.777168e-01 2.777168e-01
141 9.980848e-01 7.232350e-01 7.232350e-01 2.748497e-01 2.748497e-01
142 9.982569e-01 7.232350e-01 7.232350e-01 2.750219e-01 2.750219e-01
143 9.983467e-01 7.261094e-01 7.261094e-01 2.722373e-01 2.722373e-01
