# Hello World! This is dune-eigensolver.
# hardware number of threads is 128 number of threads used is 1
# 8 8
# Smallest eigenvalues convergence test

#  n: 28900 A.N(): 28900 br: 1
# GeneralizedSymmetricStewart:  time_total=6.100767e+00 time_factorization=9.749744e-02 time_eigendecomposition=3.122607e-02 time_matmul_dense=4.142301e-02 iterations=20

# Arpack: time_total=6.378057e+00 iterations=1

# Eigensolver elapsed time 6.101197e+00

# N= 28900 M= 144 ACCURACY= 7.500000e-01 TOL= 1.000000e-04 THRESHOLD= 9.000000e-02 ESARERROR= 6.950378e-01 ARPERROR= 3.624395e-02 ESANERROR= 0.000000e+00 TIMERATIO= 9.565918e-01 \\

## gen: stw     ARP-SMALL-TOL  ARPACK-TOL  ES-ARP-SMALL  ES-AR ERROR
00 -1.405777e-15 -1.294537e-16 -1.294537e-16 1.276323e-15 1.276323e-15
01 8.824167e-03 8.824167e-03 8.824167e-03 4.857226e-17 4.857226e-17
02 8.824167e-03 8.824167e-03 8.824167e-03 2.706169e-16 2.706169e-16
03 1.334551e-02 1.334551e-02 1.334551e-02 1.700029e-16 1.700029e-16
04 2.922491e-02 2.922491e-02 2.922491e-02 1.873501e-16 1.873501e-16
05 3.180579e-02 3.180579e-02 3.180579e-02 4.579670e-16 4.579670e-16
06 3.180579e-02 3.180579e-02 3.180579e-02 4.718448e-16 4.718448e-16
07 3.271787e-02 3.271787e-02 3.271787e-02 5.967449e-16 5.967449e-16
08 5.148734e-02 5.148734e-02 5.148734e-02 3.191891e-16 3.191891e-16
09 5.402982e-02 5.402982e-02 5.402982e-02 6.591949e-16 6.591949e-16
10 5.402982e-02 5.402982e-02 5.402982e-02 2.983724e-16 2.983724e-16
11 5.691242e-02 5.691242e-02 5.691242e-02 4.232725e-16 4.232725e-16
12 7.465499e-02 7.465499e-02 7.465499e-02 6.383782e-16 6.383782e-16
13 7.811994e-02 7.811994e-02 7.811994e-02 6.661338e-16 6.661338e-16
14 7.811994e-02 7.811994e-02 7.811994e-02 3.608225e-16 3.608225e-16
15 8.178079e-02 8.178079e-02 8.178079e-02 8.326673e-17 8.326673e-17
16 9.909065e-02 9.909065e-02 9.909065e-02 1.387779e-16 1.387779e-16
17 1.033071e-01 1.033071e-01 1.033071e-01 5.273559e-16 5.273559e-16
18 1.033071e-01 1.033071e-01 1.033071e-01 2.220446e-16 2.220446e-16
19 1.077383e-01 1.077383e-01 1.077383e-01 3.608225e-16 3.608225e-16
20 1.245339e-01 1.245339e-01 1.245339e-01 1.387779e-16 1.387779e-16
21 1.294174e-01 1.294174e-01 1.294174e-01 1.665335e-16 1.665335e-16
22 1.294174e-01 1.294174e-01 1.294174e-01 9.159340e-16 9.159340e-16
23 1.345070e-01 1.345070e-01 1.345070e-01 4.718448e-16 4.718448e-16
24 1.507634e-01 1.507634e-01 1.507634e-01 5.551115e-17 5.551115e-17
25 1.562201e-01 1.562201e-01 1.562201e-01 1.665335e-16 1.665335e-16
26 1.562201e-01 1.562201e-01 1.562201e-01 2.220446e-16 2.220446e-16
27 1.618697e-01 1.618697e-01 1.618697e-01 6.661338e-16 6.661338e-16
28 1.775528e-01 1.775528e-01 1.775528e-01 8.604228e-16 8.604228e-16
29 1.834876e-01 1.834876e-01 1.834876e-01 1.387779e-16 1.387779e-16
30 1.834876e-01 1.834876e-01 1.834876e-01 2.775558e-16 2.775558e-16
31 1.895946e-01 1.895946e-01 1.895946e-01 9.159340e-16 9.159340e-16
32 2.046808e-01 2.046808e-01 2.046808e-01 3.386180e-15 3.386180e-15
33 2.109993e-01 2.109993e-01 2.109993e-01 1.110223e-15 1.110223e-15
34 2.109993e-01 2.109993e-01 2.109993e-01 1.249001e-15 1.249001e-15
35 2.174667e-01 2.174667e-01 2.174667e-01 3.053113e-16 3.053113e-16
36 2.319382e-01 2.319382e-01 2.319382e-01 3.608225e-16 3.608225e-16
37 2.385492e-01 2.385492e-01 2.385492e-01 1.304512e-15 1.304512e-15
38 2.385492e-01 2.385492e-01 2.385492e-01 8.326673e-17 8.326673e-17
39 2.452832e-01 2.452832e-01 2.452832e-01 1.831868e-15 1.831868e-15
40 2.591323e-01 2.591323e-01 2.591323e-01 2.220446e-16 2.220446e-16
41 2.659497e-01 2.659497e-01 2.659497e-01 2.442491e-15 2.442491e-15
42 2.659497e-01 2.659497e-01 2.659497e-01 2.220446e-15 2.220446e-15
43 2.728643e-01 2.728643e-01 2.728643e-01 2.275957e-15 2.275957e-15
44 2.860903e-01 2.860903e-01 2.860903e-01 1.332268e-15 1.332268e-15
45 2.930352e-01 2.930352e-01 2.930352e-01 5.551115e-16 5.551115e-16
46 2.930352e-01 2.930352e-01 2.930352e-01 1.665335e-16 1.665335e-16
47 3.000517e-01 3.000517e-01 3.000517e-01 1.165734e-15 1.165734e-15
48 3.126619e-01 3.126619e-01 3.126619e-01 2.053913e-15 2.053913e-15
49 3.196634e-01 3.196634e-01 3.196634e-01 5.440093e-15 5.440093e-15
50 3.196634e-01 3.196634e-01 3.196634e-01 6.106227e-15 6.106227e-15
51 3.267126e-01 3.267126e-01 3.267126e-01 1.149081e-14 1.149081e-14
52 3.387198e-01 3.387198e-01 3.387198e-01 2.770006e-14 2.770006e-14
53 3.457155e-01 3.457155e-01 3.457155e-01 9.425793e-14 9.425793e-14
54 3.457155e-01 3.457155e-01 3.457155e-01 1.206812e-13 1.206812e-13
55 3.527372e-01 3.527372e-01 3.527372e-01 2.479683e-13 2.479683e-13
56 3.641593e-01 3.641593e-01 3.641593e-01 7.640555e-13 7.640555e-13
57 3.710960e-01 3.710960e-01 3.710960e-01 7.183143e-13 7.183143e-13
58 3.710960e-01 3.710960e-01 3.710960e-01 1.646960e-12 1.646960e-12
59 3.780392e-01 3.780392e-01 3.780392e-01 2.538358e-12 2.538358e-12
60 3.888975e-01 3.888975e-01 3.888975e-01 6.001533e-12 6.001533e-12
61 3.957305e-01 3.957305e-01 3.957305e-01 7.418510e-12 7.418510e-12
62 3.957305e-01 3.957305e-01 3.957305e-01 2.499034e-11 2.499034e-11
63 4.025532e-01 4.025532e-01 4.025532e-01 4.479184e-11 4.479184e-11
64 4.128718e-01 4.128718e-01 4.128718e-01 7.544559e-11 7.544559e-11
65 4.195645e-01 4.195645e-01 4.195645e-01 9.308909e-11 9.308909e-11
66 4.195645e-01 4.195645e-01 4.195645e-01 1.410216e-10 1.410216e-10
67 4.262328e-01 4.262328e-01 4.262328e-01 2.238214e-10 2.238214e-10
68 4.360371e-01 4.360371e-01 4.360371e-01 3.569515e-10 3.569515e-10
69 4.425606e-01 4.425606e-01 4.425606e-01 5.880567e-10 5.880567e-10
70 4.425606e-01 4.425606e-01 4.425606e-01 1.117844e-09 1.117844e-09
71 4.490480e-01 4.490480e-01 4.490480e-01 6.101937e-09 6.101937e-09
72 4.583646e-01 4.583646e-01 4.583646e-01 3.187004e-09 3.187004e-09
73 4.646967e-01 4.646967e-01 4.646967e-01 6.137415e-09 6.137415e-09
74 4.646967e-01 4.646967e-01 4.646967e-01 6.847156e-09 6.847156e-09
75 4.709833e-01 4.709833e-01 4.709833e-01 5.861719e-09 5.861719e-09
76 4.798388e-01 4.798387e-01 4.798387e-01 2.381408e-08 2.381408e-08
77 4.859631e-01 4.859631e-01 4.859631e-01 2.021701e-08 2.021701e-08
78 4.859631e-01 4.859631e-01 4.859631e-01 3.425215e-08 3.425215e-08
79 4.920347e-01 4.920347e-01 4.920347e-01 3.501424e-08 3.501424e-08
80 5.004554e-01 5.004553e-01 5.004553e-01 1.399860e-07 1.399860e-07
81 5.063609e-01 5.063607e-01 5.063607e-01 1.354126e-07 1.354126e-07
82 5.063609e-01 5.063607e-01 5.063607e-01 1.938566e-07 1.938566e-07
83 5.122084e-01 5.122080e-01 5.122080e-01 3.571155e-07 3.571155e-07
84 5.202198e-01 5.202194e-01 5.202194e-01 4.171684e-07 4.171684e-07
85 5.258998e-01 5.258991e-01 5.258991e-01 6.135021e-07 6.135021e-07
86 5.259003e-01 5.258991e-01 5.258991e-01 1.101337e-06 1.101337e-06
87 5.315178e-01 5.315169e-01 5.315169e-01 8.650111e-07 8.650111e-07
88 5.391455e-01 5.391437e-01 5.391437e-01 1.831077e-06 1.831077e-06
89 5.445962e-01 5.445944e-01 5.445944e-01 1.743264e-06 1.743264e-06
90 5.445970e-01 5.445944e-01 5.445944e-01 2.533955e-06 2.533955e-06
91 5.499840e-01 5.499807e-01 5.499807e-01 3.248235e-06 3.248235e-06
92 5.572511e-01 5.572464e-01 5.572464e-01 4.660833e-06 4.660833e-06
93 5.624783e-01 5.624679e-01 5.624679e-01 1.040981e-05 1.040981e-05
94 5.624813e-01 5.624679e-01 5.624679e-01 1.338220e-05 1.338220e-05
95 5.676377e-01 5.676235e-01 5.676235e-01 1.414603e-05 1.414603e-05
96 5.745695e-01 5.745504e-01 5.745504e-01 1.911761e-05 1.911761e-05
97 5.795550e-01 5.795446e-01 5.795446e-01 1.039799e-05 1.039799e-05
98 5.795922e-01 5.795446e-01 5.795446e-01 4.762781e-05 4.762781e-05
99 5.845049e-01 5.844725e-01 5.844725e-01 3.242839e-05 3.242839e-05
100 5.911192e-01 5.910815e-01 5.910815e-01 3.769775e-05 3.769775e-05
101 5.959177e-01 5.958522e-01 5.958522e-01 6.551957e-05 6.551957e-05
102 5.960105e-01 5.958522e-01 5.958522e-01 1.583048e-04 1.583048e-04
103 6.006052e-01 6.005570e-01 6.005570e-01 4.820400e-05 4.820400e-05
104 6.069955e-01 6.068678e-01 6.068678e-01 1.276263e-04 1.276263e-04
105 6.115190e-01 6.114203e-01 6.114203e-01 9.868283e-05 9.868283e-05
106 6.115595e-01 6.114203e-01 6.114203e-01 1.391551e-04 1.391551e-04
107 6.161507e-01 6.159079e-01 6.159079e-01 2.428453e-04 2.428453e-04
108 6.221027e-01 6.219388e-01 6.219388e-01 1.639378e-04 1.639378e-04
109 6.265326e-01 6.262794e-01 6.262794e-01 2.532313e-04 2.532313e-04
110 6.267402e-01 6.262794e-01 6.262794e-01 4.608723e-04 4.608723e-04
111 6.312656e-01 6.305564e-01 6.305564e-01 7.091353e-04 7.091353e-04
112 6.368631e-01 6.363244e-01 6.363244e-01 5.387344e-04 5.387344e-04
113 6.409992e-01 6.404602e-01 6.404602e-01 5.389878e-04 5.389878e-04
114 6.415060e-01 6.404602e-01 6.404602e-01 1.045812e-03 1.045812e-03
115 6.456099e-01 6.445341e-01 6.445341e-01 1.075815e-03 1.075815e-03
116 6.512944e-01 6.500551e-01 6.500551e-01 1.239346e-03 1.239346e-03
117 6.547044e-01 6.539935e-01 6.539935e-01 7.108307e-04 7.108307e-04
118 6.550681e-01 6.539935e-01 6.539935e-01 1.074561e-03 1.074561e-03
119 6.591743e-01 6.578722e-01 6.578722e-01 1.302168e-03 1.302168e-03
120 6.651042e-01 6.631607e-01 6.631607e-01 1.943480e-03 1.943480e-03
121 6.686086e-01 6.669097e-01 6.669097e-01 1.698829e-03 1.698829e-03
122 6.702737e-01 6.669097e-01 6.669097e-01 3.363992e-03 3.363992e-03
123 6.735512e-01 6.706011e-01 6.706011e-01 2.950132e-03 2.950132e-03
124 6.788760e-01 6.756709e-01 6.756709e-01 3.205093e-03 3.205093e-03
125 6.832386e-01 6.792384e-01 6.792384e-01 4.000200e-03 4.000200e-03
126 6.868918e-01 6.792384e-01 6.792384e-01 7.653445e-03 7.653445e-03
127 6.897445e-01 6.827505e-01 6.827505e-01 6.993947e-03 6.993947e-03
128 6.914319e-01 6.876142e-01 6.876142e-01 3.817771e-03 3.817771e-03
129 6.976851e-01 6.910082e-01 6.910082e-01 6.676948e-03 6.676948e-03
130 6.994005e-01 6.910082e-01 6.910082e-01 8.392272e-03 8.392272e-03
131 7.054294e-01 6.943491e-01 6.943491e-01 1.108023e-02 1.108023e-02
132 7.107324e-01 6.990183e-01 6.990183e-01 1.171412e-02 1.171412e-02
133 7.147576e-01 7.022467e-01 7.022467e-01 1.251085e-02 1.251085e-02
134 7.194427e-01 7.022467e-01 7.022467e-01 1.719593e-02 1.719593e-02
135 7.237847e-01 7.054245e-01 7.054245e-01 1.836016e-02 1.836016e-02
136 7.277978e-01 7.099100e-01 7.099100e-01 1.788788e-02 1.788788e-02
137 7.329074e-01 7.129806e-01 7.129806e-01 1.992684e-02 1.992684e-02
138 7.381738e-01 7.129806e-01 7.129806e-01 2.519321e-02 2.519321e-02
139 7.409037e-01 7.160029e-01 7.160029e-01 2.490079e-02 2.490079e-02
140 7.467714e-01 7.203146e-01 7.203146e-01 2.645674e-02 2.645674e-02
141 7.488030e-01 7.232350e-01 7.232350e-01 2.556794e-02 2.556794e-02
142 7.588462e-01 7.232350e-01 7.232350e-01 3.561120e-02 3.561120e-02
143 7.623534e-01 7.261094e-01 7.261094e-01 3.624395e-02 3.624395e-02
