# Hello World! This is dune-eigensolver.
# hardware number of threads is 128 number of threads used is 1
# 8 8
# Smallest eigenvalues convergence test

#  n: 28900 A.N(): 28900 br: 1
# GeneralizedSymmetricStewart:  time_total=1.936960e+00 time_factorization=9.813433e-02 time_eigendecomposition=8.487121e-03 time_matmul_dense=4.004888e-02 iterations=6

# Arpack: time_total=6.310251e+00 iterations=1

# Eigensolver elapsed time 1.937378e+00

# N= 28900 M= 144 ACCURACY= 2.500000e-01 TOL= 2.000000e-04 THRESHOLD= 9.000000e-02 ESARERROR= 9.283281e-01 ARPERROR= 3.174677e-01 ESANERROR= 0.000000e+00 TIMERATIO= 3.070207e-01 \\

## gen: stw     ARP-SMALL-TOL  ARPACK-TOL  ES-ARP-SMALL  ES-AR ERROR
00 -1.549325e-15 -1.294537e-16 -1.294537e-16 1.419871e-15 1.419871e-15
01 8.824167e-03 8.824167e-03 8.824167e-03 3.053113e-16 3.053113e-16
02 8.824167e-03 8.824167e-03 8.824167e-03 9.020562e-17 9.020562e-17
03 1.334551e-02 1.334551e-02 1.334551e-02 1.700029e-16 1.700029e-16
04 2.922491e-02 2.922491e-02 2.922491e-02 1.026956e-15 1.026956e-15
05 3.180579e-02 3.180579e-02 3.180579e-02 2.650657e-15 2.650657e-15
06 3.180579e-02 3.180579e-02 3.180579e-02 2.615963e-15 2.615963e-15
07 3.271787e-02 3.271787e-02 3.271787e-02 4.191092e-15 4.191092e-15
08 5.148734e-02 5.148734e-02 5.148734e-02 8.168050e-13 8.168050e-13
09 5.402982e-02 5.402982e-02 5.402982e-02 1.175372e-12 1.175372e-12
10 5.402982e-02 5.402982e-02 5.402982e-02 1.807936e-12 1.807936e-12
11 5.691242e-02 5.691242e-02 5.691242e-02 3.144075e-12 3.144075e-12
12 7.465499e-02 7.465499e-02 7.465499e-02 5.678125e-11 5.678125e-11
13 7.811994e-02 7.811994e-02 7.811994e-02 7.911652e-11 7.911652e-11
14 7.811994e-02 7.811994e-02 7.811994e-02 1.457330e-10 1.457330e-10
15 8.178079e-02 8.178079e-02 8.178079e-02 1.881275e-10 1.881275e-10
16 9.909066e-02 9.909065e-02 9.909065e-02 1.840914e-09 1.840914e-09
17 1.033071e-01 1.033071e-01 1.033071e-01 2.086339e-09 2.086339e-09
18 1.033071e-01 1.033071e-01 1.033071e-01 2.698756e-09 2.698756e-09
19 1.077383e-01 1.077383e-01 1.077383e-01 4.355542e-09 4.355542e-09
20 1.245339e-01 1.245339e-01 1.245339e-01 2.154432e-08 2.154432e-08
21 1.294174e-01 1.294174e-01 1.294174e-01 3.531273e-08 3.531273e-08
22 1.294174e-01 1.294174e-01 1.294174e-01 3.664149e-08 3.664149e-08
23 1.345071e-01 1.345070e-01 1.345070e-01 4.663985e-08 4.663985e-08
24 1.507637e-01 1.507634e-01 1.507634e-01 2.215803e-07 2.215803e-07
25 1.562204e-01 1.562201e-01 1.562201e-01 2.969533e-07 2.969533e-07
26 1.562205e-01 1.562201e-01 1.562201e-01 3.227490e-07 3.227490e-07
27 1.618703e-01 1.618697e-01 1.618697e-01 5.904169e-07 5.904169e-07
28 1.775538e-01 1.775528e-01 1.775528e-01 1.070790e-06 1.070790e-06
29 1.834891e-01 1.834876e-01 1.834876e-01 1.516348e-06 1.516348e-06
30 1.834898e-01 1.834876e-01 1.834876e-01 2.255949e-06 2.255949e-06
31 1.895976e-01 1.895946e-01 1.895946e-01 2.973836e-06 2.973836e-06
32 2.046877e-01 2.046808e-01 2.046808e-01 6.836656e-06 6.836656e-06
33 2.110094e-01 2.109993e-01 2.109993e-01 1.001942e-05 1.001942e-05
34 2.110140e-01 2.109993e-01 2.109993e-01 1.468365e-05 1.468365e-05
35 2.174793e-01 2.174667e-01 2.174667e-01 1.257681e-05 1.257681e-05
36 2.319648e-01 2.319382e-01 2.319382e-01 2.657179e-05 2.657179e-05
37 2.385770e-01 2.385492e-01 2.385492e-01 2.781893e-05 2.781893e-05
38 2.385935e-01 2.385492e-01 2.385492e-01 4.426671e-05 4.426671e-05
39 2.453427e-01 2.452832e-01 2.452832e-01 5.947361e-05 5.947361e-05
40 2.592489e-01 2.591323e-01 2.591323e-01 1.166241e-04 1.166241e-04
41 2.660764e-01 2.659497e-01 2.659497e-01 1.266649e-04 1.266649e-04
42 2.661015e-01 2.659497e-01 2.659497e-01 1.517504e-04 1.517504e-04
43 2.730570e-01 2.728643e-01 2.728643e-01 1.927242e-04 1.927242e-04
44 2.864678e-01 2.860903e-01 2.860903e-01 3.775343e-04 3.775343e-04
45 2.934393e-01 2.930352e-01 2.930352e-01 4.040420e-04 4.040420e-04
46 2.936390e-01 2.930352e-01 2.930352e-01 6.038099e-04 6.038099e-04
47 3.005977e-01 3.000517e-01 3.000517e-01 5.460012e-04 5.460012e-04
48 3.133946e-01 3.126619e-01 3.126619e-01 7.327078e-04 7.327078e-04
49 3.207059e-01 3.196634e-01 3.196634e-01 1.042501e-03 1.042501e-03
50 3.209838e-01 3.196634e-01 3.196634e-01 1.320437e-03 1.320437e-03
51 3.282000e-01 3.267126e-01 3.267126e-01 1.487391e-03 1.487391e-03
52 3.407737e-01 3.387198e-01 3.387198e-01 2.053990e-03 2.053990e-03
53 3.480589e-01 3.457155e-01 3.457155e-01 2.343333e-03 2.343333e-03
54 3.486761e-01 3.457155e-01 3.457155e-01 2.960571e-03 2.960571e-03
55 3.556489e-01 3.527372e-01 3.527372e-01 2.911668e-03 2.911668e-03
56 3.687265e-01 3.641593e-01 3.641593e-01 4.567211e-03 4.567211e-03
57 3.758069e-01 3.710960e-01 3.710960e-01 4.710919e-03 4.710919e-03
58 3.784041e-01 3.710960e-01 3.710960e-01 7.308149e-03 7.308149e-03
59 3.852888e-01 3.780392e-01 3.780392e-01 7.249539e-03 7.249539e-03
60 3.965778e-01 3.888975e-01 3.888975e-01 7.680219e-03 7.680219e-03
61 4.040617e-01 3.957305e-01 3.957305e-01 8.331160e-03 8.331160e-03
62 4.095340e-01 3.957305e-01 3.957305e-01 1.380346e-02 1.380346e-02
63 4.172819e-01 4.025532e-01 4.025532e-01 1.472874e-02 1.472874e-02
64 4.326634e-01 4.128718e-01 4.128718e-01 1.979166e-02 1.979166e-02
65 4.344214e-01 4.195645e-01 4.195645e-01 1.485687e-02 1.485687e-02
66 4.424673e-01 4.195645e-01 4.195645e-01 2.290285e-02 2.290285e-02
67 4.457679e-01 4.262328e-01 4.262328e-01 1.953511e-02 1.953511e-02
68 4.613170e-01 4.360371e-01 4.360371e-01 2.527990e-02 2.527990e-02
69 4.728878e-01 4.425606e-01 4.425606e-01 3.032720e-02 3.032720e-02
70 4.757451e-01 4.425606e-01 4.425606e-01 3.318444e-02 3.318444e-02
71 4.899907e-01 4.490480e-01 4.490480e-01 4.094266e-02 4.094266e-02
72 5.074986e-01 4.583646e-01 4.583646e-01 4.913396e-02 4.913396e-02
73 5.222149e-01 4.646967e-01 4.646967e-01 5.751820e-02 5.751820e-02
74 5.240262e-01 4.646967e-01 4.646967e-01 5.932948e-02 5.932948e-02
75 5.454868e-01 4.709833e-01 4.709833e-01 7.450351e-02 7.450351e-02
76 5.506609e-01 4.798387e-01 4.798387e-01 7.082215e-02 7.082215e-02
77 5.592799e-01 4.859631e-01 4.859631e-01 7.331687e-02 7.331687e-02
78 5.691683e-01 4.859631e-01 4.859631e-01 8.320522e-02 8.320522e-02
79 5.902371e-01 4.920347e-01 4.920347e-01 9.820244e-02 9.820244e-02
80 6.170445e-01 5.004553e-01 5.004553e-01 1.165892e-01 1.165892e-01
81 6.222352e-01 5.063607e-01 5.063607e-01 1.158745e-01 1.158745e-01
82 6.438587e-01 5.063607e-01 5.063607e-01 1.374980e-01 1.374980e-01
83 6.577858e-01 5.122080e-01 5.122080e-01 1.455778e-01 1.455778e-01
84 6.716292e-01 5.202194e-01 5.202194e-01 1.514098e-01 1.514098e-01
85 6.880113e-01 5.258991e-01 5.258991e-01 1.621122e-01 1.621122e-01
86 7.017361e-01 5.258991e-01 5.258991e-01 1.758369e-01 1.758369e-01
87 7.181294e-01 5.315169e-01 5.315169e-01 1.866125e-01 1.866125e-01
88 7.278816e-01 5.391437e-01 5.391437e-01 1.887379e-01 1.887379e-01
89 7.430155e-01 5.445944e-01 5.445944e-01 1.984211e-01 1.984211e-01
90 7.477257e-01 5.445944e-01 5.445944e-01 2.031313e-01 2.031313e-01
91 7.741268e-01 5.499807e-01 5.499807e-01 2.241460e-01 2.241460e-01
92 7.809510e-01 5.572464e-01 5.572464e-01 2.237046e-01 2.237046e-01
93 7.977718e-01 5.624679e-01 5.624679e-01 2.353040e-01 2.353040e-01
94 8.073543e-01 5.624679e-01 5.624679e-01 2.448864e-01 2.448864e-01
95 8.256235e-01 5.676235e-01 5.676235e-01 2.580000e-01 2.580000e-01
96 8.326266e-01 5.745504e-01 5.745504e-01 2.580762e-01 2.580762e-01
97 8.343831e-01 5.795446e-01 5.795446e-01 2.548385e-01 2.548385e-01
98 8.414405e-01 5.795446e-01 5.795446e-01 2.618960e-01 2.618960e-01
99 8.750731e-01 5.844725e-01 5.844725e-01 2.906006e-01 2.906006e-01
100 8.799971e-01 5.910815e-01 5.910815e-01 2.889155e-01 2.889155e-01
101 8.934086e-01 5.958522e-01 5.958522e-01 2.975564e-01 2.975564e-01
102 8.955467e-01 5.958522e-01 5.958522e-01 2.996945e-01 2.996945e-01
103 9.060052e-01 6.005570e-01 6.005570e-01 3.054482e-01 3.054482e-01
104 9.128241e-01 6.068678e-01 6.068678e-01 3.059563e-01 3.059563e-01
105 9.176055e-01 6.114203e-01 6.114203e-01 3.061852e-01 3.061852e-01
106 9.221548e-01 6.114203e-01 6.114203e-01 3.107345e-01 3.107345e-01
107 9.293975e-01 6.159079e-01 6.159079e-01 3.134896e-01 3.134896e-01
108 9.318214e-01 6.219388e-01 6.219388e-01 3.098826e-01 3.098826e-01
109 9.401466e-01 6.262794e-01 6.262794e-01 3.138672e-01 3.138672e-01
110 9.437471e-01 6.262794e-01 6.262794e-01 3.174677e-01 3.174677e-01
111 9.468766e-01 6.305564e-01 6.305564e-01 3.163201e-01 3.163201e-01
112 9.496604e-01 6.363244e-01 6.363244e-01 3.133360e-01 3.133360e-01
113 9.520681e-01 6.404602e-01 6.404602e-01 3.116079e-01 3.116079e-01
114 9.530860e-01 6.404602e-01 6.404602e-01 3.126259e-01 3.126259e-01
115 9.580059e-01 6.445341e-01 6.445341e-01 3.134718e-01 3.134718e-01
116 9.642625e-01 6.500551e-01 6.500551e-01 3.142074e-01 3.142074e-01
117 9.646922e-01 6.539935e-01 6.539935e-01 3.106987e-01 3.106987e-01
118 9.682526e-01 6.539935e-01 6.539935e-01 3.142591e-01 3.142591e-01
119 9.703539e-01 6.578722e-01 6.578722e-01 3.124817e-01 3.124817e-01
120 9.711950e-01 6.631607e-01 6.631607e-01 3.080343e-01 3.080343e-01
121 9.730913e-01 6.669097e-01 6.669097e-01 3.061815e-01 3.061815e-01
122 9.743563e-01 6.669097e-01 6.669097e-01 3.074465e-01 3.074465e-01
123 9.758535e-01 6.706011e-01 6.706011e-01 3.052525e-01 3.052525e-01
124 9.782773e-01 6.756709e-01 6.756709e-01 3.026064e-01 3.026064e-01
125 9.810046e-01 6.792384e-01 6.792384e-01 3.017662e-01 3.017662e-01
126 9.820307e-01 6.792384e-01 6.792384e-01 3.027923e-01 3.027923e-01
127 9.838382e-01 6.827505e-01 6.827505e-01 3.010877e-01 3.010877e-01
128 9.847009e-01 6.876142e-01 6.876142e-01 2.970867e-01 2.970867e-01
129 9.860938e-01 6.910082e-01 6.910082e-01 2.950856e-01 2.950856e-01
130 9.875351e-01 6.910082e-01 6.910082e-01 2.965269e-01 2.965269e-01
131 9.879227e-01 6.943491e-01 6.943491e-01 2.935735e-01 2.935735e-01
132 9.885763e-01 6.990183e-01 6.990183e-01 2.895580e-01 2.895580e-01
133 9.898297e-01 7.022467e-01 7.022467e-01 2.875830e-01 2.875830e-01
134 9.905927e-01 7.022467e-01 7.022467e-01 2.883460e-01 2.883460e-01
135 9.910884e-01 7.054245e-01 7.054245e-01 2.856639e-01 2.856639e-01
136 9.915281e-01 7.099100e-01 7.099100e-01 2.816181e-01 2.816181e-01
137 9.923789e-01 7.129806e-01 7.129806e-01 2.793983e-01 2.793983e-01
138 9.926233e-01 7.129806e-01 7.129806e-01 2.796428e-01 2.796428e-01
139 9.932280e-01 7.160029e-01 7.160029e-01 2.772251e-01 2.772251e-01
140 9.936167e-01 7.203146e-01 7.203146e-01 2.733021e-01 2.733021e-01
141 9.942166e-01 7.232350e-01 7.232350e-01 2.709815e-01 2.709815e-01
142 9.948686e-01 7.232350e-01 7.232350e-01 2.716336e-01 2.716336e-01
143 9.954174e-01 7.261094e-01 7.261094e-01 2.693080e-01 2.693080e-01
