# Hello World! This is dune-eigensolver.
# hardware number of threads is 128 number of threads used is 1
# 8 8
# Smallest eigenvalues convergence test

#  n: 28900 A.N(): 28900 br: 1
# GeneralizedInverse:  time_total=2.493409e+01 time_factorization=9.734220e-02 iterations=103

# Arpack: time_total=6.260063e+00 iterations=1

# Eigensolver elapsed time 2.493747e+01

# N= 28900 M= 144 ACCURACY= 2.500000e-01 TOL= 2.000000e-03 THRESHOLD= 9.000000e-02 ESARERROR= 6.623787e-01 ARPERROR= 4.830465e-03 ESANERROR= 0.000000e+00 TIMERATIO= 3.983581e+00 \\

## gen: ftw     ARP-SMALL-TOL  ARPACK-TOL  ES-ARP-SMALL  ES-AR ERROR
00 -1.618714e-15 -1.294537e-16 -1.294537e-16 1.489260e-15 1.489260e-15
01 8.824167e-03 8.824167e-03 8.824167e-03 1.387779e-17 1.387779e-17
02 8.824167e-03 8.824167e-03 8.824167e-03 5.204170e-17 5.204170e-17
03 1.334551e-02 1.334551e-02 1.334551e-02 1.006140e-16 1.006140e-16
04 2.922491e-02 2.922491e-02 2.922491e-02 5.863718e-11 5.863718e-11
05 3.180580e-02 3.180579e-02 3.180579e-02 3.605781e-09 3.605781e-09
06 3.180779e-02 3.180579e-02 3.180579e-02 2.000418e-06 2.000418e-06
07 3.271586e-02 3.271787e-02 3.271787e-02 2.004082e-06 2.004082e-06
08 5.148785e-02 5.148734e-02 5.148734e-02 5.096066e-07 5.096066e-07
09 5.402961e-02 5.402982e-02 5.402982e-02 2.086520e-07 2.086520e-07
10 5.402980e-02 5.402982e-02 5.402982e-02 2.452578e-08 2.452578e-08
11 5.691214e-02 5.691242e-02 5.691242e-02 2.764289e-07 2.764289e-07
12 7.466486e-02 7.465499e-02 7.465499e-02 9.871223e-06 9.871223e-06
13 7.811023e-02 7.811994e-02 7.811994e-02 9.704091e-06 9.704091e-06
14 7.812017e-02 7.811994e-02 7.811994e-02 2.291494e-07 2.291494e-07
15 8.178040e-02 8.178079e-02 8.178079e-02 3.962810e-07 3.962810e-07
16 9.911485e-02 9.909065e-02 9.909065e-02 2.419680e-05 2.419680e-05
17 1.032898e-01 1.033071e-01 1.033071e-01 1.733340e-05 1.733340e-05
18 1.033004e-01 1.033071e-01 1.033071e-01 6.733034e-06 6.733034e-06
19 1.077382e-01 1.077383e-01 1.077383e-01 1.303650e-07 1.303650e-07
20 1.245486e-01 1.245339e-01 1.245339e-01 1.474951e-05 1.474951e-05
21 1.294102e-01 1.294174e-01 1.294174e-01 7.170800e-06 7.170800e-06
22 1.294307e-01 1.294174e-01 1.294174e-01 1.335927e-05 1.335927e-05
23 1.344861e-01 1.345070e-01 1.345070e-01 2.093798e-05 2.093798e-05
24 1.507638e-01 1.507634e-01 1.507634e-01 3.676084e-07 3.676084e-07
25 1.562366e-01 1.562201e-01 1.562201e-01 1.647898e-05 1.647898e-05
26 1.565648e-01 1.562201e-01 1.562201e-01 3.447078e-04 3.447078e-04
27 1.615081e-01 1.618697e-01 1.618697e-01 3.615536e-04 3.615536e-04
28 1.775538e-01 1.775528e-01 1.775528e-01 1.039581e-06 1.039581e-06
29 1.834876e-01 1.834876e-01 1.834876e-01 9.402087e-09 9.402087e-09
30 1.835415e-01 1.834876e-01 1.834876e-01 5.390679e-05 5.390679e-05
31 1.895408e-01 1.895946e-01 1.895946e-01 5.387930e-05 5.387930e-05
32 2.047049e-01 2.046808e-01 2.046808e-01 2.404379e-05 2.404379e-05
33 2.109887e-01 2.109993e-01 2.109993e-01 1.066290e-05 1.066290e-05
34 2.109963e-01 2.109993e-01 2.109993e-01 3.027588e-06 3.027588e-06
35 2.174553e-01 2.174667e-01 2.174667e-01 1.140727e-05 1.140727e-05
36 2.360310e-01 2.319382e-01 2.319382e-01 4.092722e-03 4.092722e-03
37 2.364663e-01 2.385492e-01 2.385492e-01 2.082915e-03 2.082915e-03
38 2.366033e-01 2.385492e-01 2.385492e-01 1.945941e-03 1.945941e-03
39 2.452194e-01 2.452832e-01 2.452832e-01 6.384032e-05 6.384032e-05
40 2.601281e-01 2.591323e-01 2.591323e-01 9.958248e-04 9.958248e-04
41 2.650600e-01 2.659497e-01 2.659497e-01 8.897560e-04 8.897560e-04
42 2.659752e-01 2.659497e-01 2.659497e-01 2.545662e-05 2.545662e-05
43 2.727328e-01 2.728643e-01 2.728643e-01 1.314507e-04 1.314507e-04
44 2.862697e-01 2.860903e-01 2.860903e-01 1.793833e-04 1.793833e-04
45 2.928597e-01 2.930352e-01 2.930352e-01 1.754972e-04 1.754972e-04
46 2.932891e-01 2.930352e-01 2.930352e-01 2.539174e-04 2.539174e-04
47 3.000075e-01 3.000517e-01 3.000517e-01 4.418721e-05 4.418721e-05
48 3.124762e-01 3.126619e-01 3.126619e-01 1.856914e-04 1.856914e-04
49 3.197175e-01 3.196634e-01 3.196634e-01 5.412797e-05 5.412797e-05
50 3.198420e-01 3.196634e-01 3.196634e-01 1.786443e-04 1.786443e-04
51 3.264735e-01 3.267126e-01 3.267126e-01 2.391049e-04 2.391049e-04
52 3.392873e-01 3.387198e-01 3.387198e-01 5.675369e-04 5.675369e-04
53 3.453753e-01 3.457155e-01 3.457155e-01 3.402373e-04 3.402373e-04
54 3.454856e-01 3.457155e-01 3.457155e-01 2.299652e-04 2.299652e-04
55 3.529690e-01 3.527372e-01 3.527372e-01 2.318158e-04 2.318158e-04
56 3.642535e-01 3.641593e-01 3.641593e-01 9.427399e-05 9.427399e-05
57 3.707592e-01 3.710960e-01 3.710960e-01 3.367564e-04 3.367564e-04
58 3.740775e-01 3.710960e-01 3.710960e-01 2.981555e-03 2.981555e-03
59 3.750534e-01 3.780392e-01 3.780392e-01 2.985844e-03 2.985844e-03
60 3.892740e-01 3.888975e-01 3.888975e-01 3.764692e-04 3.764692e-04
61 3.955910e-01 3.957305e-01 3.957305e-01 1.395241e-04 1.395241e-04
62 3.958292e-01 3.957305e-01 3.957305e-01 9.866448e-05 9.866448e-05
63 4.022410e-01 4.025532e-01 4.025532e-01 3.122402e-04 3.122402e-04
64 4.152008e-01 4.128718e-01 4.128718e-01 2.329021e-03 2.329021e-03
65 4.185113e-01 4.195645e-01 4.195645e-01 1.053142e-03 1.053142e-03
66 4.187453e-01 4.195645e-01 4.195645e-01 8.191324e-04 8.191324e-04
67 4.270099e-01 4.262328e-01 4.262328e-01 7.770969e-04 7.770969e-04
68 4.353191e-01 4.360371e-01 4.360371e-01 7.179942e-04 7.179942e-04
69 4.422430e-01 4.425606e-01 4.425606e-01 3.176612e-04 3.176612e-04
70 4.425108e-01 4.425606e-01 4.425606e-01 4.978180e-05 4.978180e-05
71 4.534963e-01 4.490480e-01 4.490480e-01 4.448335e-03 4.448335e-03
72 4.540517e-01 4.583646e-01 4.583646e-01 4.312945e-03 4.312945e-03
73 4.650426e-01 4.646967e-01 4.646967e-01 3.459505e-04 3.459505e-04
74 4.655024e-01 4.646967e-01 4.646967e-01 8.057351e-04 8.057351e-04
75 4.701031e-01 4.709833e-01 4.709833e-01 8.801668e-04 8.801668e-04
76 4.823889e-01 4.798387e-01 4.798387e-01 2.550218e-03 2.550218e-03
77 4.830945e-01 4.859631e-01 4.859631e-01 2.868578e-03 2.868578e-03
78 4.867559e-01 4.859631e-01 4.859631e-01 7.928365e-04 7.928365e-04
79 4.911827e-01 4.920347e-01 4.920347e-01 8.519966e-04 8.519966e-04
80 5.025230e-01 5.004553e-01 5.004553e-01 2.067712e-03 2.067712e-03
81 5.053264e-01 5.063607e-01 5.063607e-01 1.034377e-03 1.034377e-03
82 5.055101e-01 5.063607e-01 5.063607e-01 8.506714e-04 8.506714e-04
83 5.126248e-01 5.122080e-01 5.122080e-01 4.167545e-04 4.167545e-04
84 5.217440e-01 5.202194e-01 5.202194e-01 1.524584e-03 1.524584e-03
85 5.257154e-01 5.258991e-01 5.258991e-01 1.837389e-04 1.837389e-04
86 5.283796e-01 5.258991e-01 5.258991e-01 2.480464e-03 2.480464e-03
87 5.335005e-01 5.315169e-01 5.315169e-01 1.983576e-03 1.983576e-03
88 5.351320e-01 5.391437e-01 5.391437e-01 4.011638e-03 4.011638e-03
89 5.422511e-01 5.445944e-01 5.445944e-01 2.343341e-03 2.343341e-03
90 5.450055e-01 5.445944e-01 5.445944e-01 4.111041e-04 4.111041e-04
91 5.520650e-01 5.499807e-01 5.499807e-01 2.084257e-03 2.084257e-03
92 5.590876e-01 5.572464e-01 5.572464e-01 1.841152e-03 1.841152e-03
93 5.596636e-01 5.624679e-01 5.624679e-01 2.804300e-03 2.804300e-03
94 5.614959e-01 5.624679e-01 5.624679e-01 9.720200e-04 9.720200e-04
95 5.677344e-01 5.676235e-01 5.676235e-01 1.108781e-04 1.108781e-04
96 5.769730e-01 5.745504e-01 5.745504e-01 2.422631e-03 2.422631e-03
97 5.796438e-01 5.795446e-01 5.795446e-01 9.924494e-05 9.924494e-05
98 5.801052e-01 5.795446e-01 5.795446e-01 5.605956e-04 5.605956e-04
99 5.853821e-01 5.844725e-01 5.844725e-01 9.096057e-04 9.096057e-04
100 5.870719e-01 5.910815e-01 5.910815e-01 4.009660e-03 4.009660e-03
101 5.959372e-01 5.958522e-01 5.958522e-01 8.499584e-05 8.499584e-05
102 5.961278e-01 5.958522e-01 5.958522e-01 2.755695e-04 2.755695e-04
103 6.032671e-01 6.005570e-01 6.005570e-01 2.710089e-03 2.710089e-03
104 6.040673e-01 6.068678e-01 6.068678e-01 2.800496e-03 2.800496e-03
105 6.119576e-01 6.114203e-01 6.114203e-01 5.372623e-04 5.372623e-04
106 6.154551e-01 6.114203e-01 6.114203e-01 4.034734e-03 4.034734e-03
107 6.158816e-01 6.159079e-01 6.159079e-01 2.634036e-05 2.634036e-05
108 6.181531e-01 6.219388e-01 6.219388e-01 3.785636e-03 3.785636e-03
109 6.255726e-01 6.262794e-01 6.262794e-01 7.067899e-04 7.067899e-04
110 6.292264e-01 6.262794e-01 6.262794e-01 2.946989e-03 2.946989e-03
111 6.334420e-01 6.305564e-01 6.305564e-01 2.885570e-03 2.885570e-03
112 6.344151e-01 6.363244e-01 6.363244e-01 1.909307e-03 1.909307e-03
113 6.381474e-01 6.404602e-01 6.404602e-01 2.312759e-03 2.312759e-03
114 6.433351e-01 6.404602e-01 6.404602e-01 2.874953e-03 2.874953e-03
115 6.438075e-01 6.445341e-01 6.445341e-01 7.266676e-04 7.266676e-04
116 6.495596e-01 6.500551e-01 6.500551e-01 4.954786e-04 4.954786e-04
117 6.542115e-01 6.539935e-01 6.539935e-01 2.179670e-04 2.179670e-04
118 6.555096e-01 6.539935e-01 6.539935e-01 1.516051e-03 1.516051e-03
119 6.567107e-01 6.578722e-01 6.578722e-01 1.161451e-03 1.161451e-03
120 6.604950e-01 6.631607e-01 6.631607e-01 2.665697e-03 2.665697e-03
121 6.665071e-01 6.669097e-01 6.669097e-01 4.026519e-04 4.026519e-04
122 6.682129e-01 6.669097e-01 6.669097e-01 1.303133e-03 1.303133e-03
123 6.722821e-01 6.706011e-01 6.706011e-01 1.681004e-03 1.681004e-03
124 6.747880e-01 6.756709e-01 6.756709e-01 8.829342e-04 8.829342e-04
125 6.784739e-01 6.792384e-01 6.792384e-01 7.644883e-04 7.644883e-04
126 6.788892e-01 6.792384e-01 6.792384e-01 3.492104e-04 3.492104e-04
127 6.853509e-01 6.827505e-01 6.827505e-01 2.600354e-03 2.600354e-03
128 6.891507e-01 6.876142e-01 6.876142e-01 1.536514e-03 1.536514e-03
129 6.894645e-01 6.910082e-01 6.910082e-01 1.543683e-03 1.543683e-03
130 6.919279e-01 6.910082e-01 6.910082e-01 9.197503e-04 9.197503e-04
131 6.937286e-01 6.943491e-01 6.943491e-01 6.205395e-04 6.205395e-04
132 6.986991e-01 6.990183e-01 6.990183e-01 3.191753e-04 3.191753e-04
133 6.988205e-01 7.022467e-01 7.022467e-01 3.426218e-03 3.426218e-03
134 7.070772e-01 7.022467e-01 7.022467e-01 4.830465e-03 4.830465e-03
135 7.074751e-01 7.054245e-01 7.054245e-01 2.050624e-03 2.050624e-03
136 7.081352e-01 7.099100e-01 7.099100e-01 1.774720e-03 1.774720e-03
137 7.120517e-01 7.129806e-01 7.129806e-01 9.288864e-04 9.288864e-04
138 7.122010e-01 7.129806e-01 7.129806e-01 7.795807e-04 7.795807e-04
139 7.143517e-01 7.160029e-01 7.160029e-01 1.651210e-03 1.651210e-03
140 7.204037e-01 7.203146e-01 7.203146e-01 8.906399e-05 8.906399e-05
141 7.251220e-01 7.232350e-01 7.232350e-01 1.886942e-03 1.886942e-03
142 7.256441e-01 7.232350e-01 7.232350e-01 2.409108e-03 2.409108e-03
143 7.296943e-01 7.261094e-01 7.261094e-01 3.584921e-03 3.584921e-03
