# Hello World! This is dune-eigensolver.
# hardware number of threads is 128 number of threads used is 1
# 8 8
# Smallest eigenvalues convergence test

#  n: 28900 A.N(): 28900 br: 1
# GeneralizedInverse:  time_total=2.126586e+00 time_factorization=9.671871e-02 iterations=8

# Arpack: time_total=6.312064e+00 iterations=1

# Eigensolver elapsed time 2.129498e+00

# N= 28900 M= 144 ACCURACY= 5.000000e-01 TOL= 2.000000e-01 THRESHOLD= 9.000000e-02 ESARERROR= 8.528004e-01 ARPERROR= 1.957729e-01 ESANERROR= 0.000000e+00 TIMERATIO= 3.373695e-01 \\

## gen: ftw     ARP-SMALL-TOL  ARPACK-TOL  ES-ARP-SMALL  ES-AR ERROR
00 9.109467e-16 -1.294537e-16 -1.294537e-16 1.040400e-15 1.040400e-15
01 8.824330e-03 8.824167e-03 8.824167e-03 1.630891e-07 1.630891e-07
02 8.829948e-03 8.824167e-03 8.824167e-03 5.780210e-06 5.780210e-06
03 1.333978e-02 1.334551e-02 1.334551e-02 5.724280e-06 5.724280e-06
04 2.978792e-02 2.922491e-02 2.922491e-02 5.630095e-04 5.630095e-04
05 3.156306e-02 3.180579e-02 3.180579e-02 2.427279e-04 2.427279e-04
06 3.202890e-02 3.180579e-02 3.180579e-02 2.231119e-04 2.231119e-04
07 3.254584e-02 3.271787e-02 3.271787e-02 1.720265e-04 1.720265e-04
08 5.252019e-02 5.148734e-02 5.148734e-02 1.032845e-03 1.032845e-03
09 5.360043e-02 5.402982e-02 5.402982e-02 4.293921e-04 4.293921e-04
10 5.450617e-02 5.402982e-02 5.402982e-02 4.763480e-04 4.763480e-04
11 5.587044e-02 5.691242e-02 5.691242e-02 1.041976e-03 1.041976e-03
12 7.511965e-02 7.465499e-02 7.465499e-02 4.646577e-04 4.646577e-04
13 7.920729e-02 7.811994e-02 7.811994e-02 1.087357e-03 1.087357e-03
14 7.968018e-02 7.811994e-02 7.811994e-02 1.560239e-03 1.560239e-03
15 9.105615e-02 8.178079e-02 8.178079e-02 9.275361e-03 9.275361e-03
16 9.425152e-02 9.909065e-02 9.909065e-02 4.839130e-03 4.839130e-03
17 1.019858e-01 1.033071e-01 1.033071e-01 1.321318e-03 1.321318e-03
18 1.040739e-01 1.033071e-01 1.033071e-01 7.667228e-04 7.667228e-04
19 1.150521e-01 1.077383e-01 1.077383e-01 7.313726e-03 7.313726e-03
20 1.259114e-01 1.245339e-01 1.245339e-01 1.377472e-03 1.377472e-03
21 1.300564e-01 1.294174e-01 1.294174e-01 6.390742e-04 6.390742e-04
22 1.303455e-01 1.294174e-01 1.294174e-01 9.281476e-04 9.281476e-04
23 1.398594e-01 1.345070e-01 1.345070e-01 5.352425e-03 5.352425e-03
24 1.409514e-01 1.507634e-01 1.507634e-01 9.812017e-03 9.812017e-03
25 1.578409e-01 1.562201e-01 1.562201e-01 1.620781e-03 1.620781e-03
26 1.610005e-01 1.562201e-01 1.562201e-01 4.780346e-03 4.780346e-03
27 1.707000e-01 1.618697e-01 1.618697e-01 8.830305e-03 8.830305e-03
28 1.811152e-01 1.775528e-01 1.775528e-01 3.562387e-03 3.562387e-03
29 1.819105e-01 1.834876e-01 1.834876e-01 1.577107e-03 1.577107e-03
30 1.892844e-01 1.834876e-01 1.834876e-01 5.796785e-03 5.796785e-03
31 2.038370e-01 1.895946e-01 1.895946e-01 1.424239e-02 1.424239e-02
32 2.050311e-01 2.046808e-01 2.046808e-01 3.502269e-04 3.502269e-04
33 2.055877e-01 2.109993e-01 2.109993e-01 5.411604e-03 5.411604e-03
34 2.136540e-01 2.109993e-01 2.109993e-01 2.654698e-03 2.654698e-03
35 2.183815e-01 2.174667e-01 2.174667e-01 9.147957e-04 9.147957e-04
36 2.294355e-01 2.319382e-01 2.319382e-01 2.502744e-03 2.502744e-03
37 2.423637e-01 2.385492e-01 2.385492e-01 3.814456e-03 3.814456e-03
38 2.434384e-01 2.385492e-01 2.385492e-01 4.889228e-03 4.889228e-03
39 2.435228e-01 2.452832e-01 2.452832e-01 1.760351e-03 1.760351e-03
40 2.475809e-01 2.591323e-01 2.591323e-01 1.155139e-02 1.155139e-02
41 2.671481e-01 2.659497e-01 2.659497e-01 1.198396e-03 1.198396e-03
42 2.674181e-01 2.659497e-01 2.659497e-01 1.468346e-03 1.468346e-03
43 2.818985e-01 2.728643e-01 2.728643e-01 9.034207e-03 9.034207e-03
44 2.888027e-01 2.860903e-01 2.860903e-01 2.712415e-03 2.712415e-03
45 2.979682e-01 2.930352e-01 2.930352e-01 4.933014e-03 4.933014e-03
46 3.018559e-01 2.930352e-01 2.930352e-01 8.820700e-03 8.820700e-03
47 3.061873e-01 3.000517e-01 3.000517e-01 6.135651e-03 6.135651e-03
48 3.063813e-01 3.126619e-01 3.126619e-01 6.280576e-03 6.280576e-03
49 3.361026e-01 3.196634e-01 3.196634e-01 1.643924e-02 1.643924e-02
50 3.363962e-01 3.196634e-01 3.196634e-01 1.673284e-02 1.673284e-02
51 3.415155e-01 3.267126e-01 3.267126e-01 1.480292e-02 1.480292e-02
52 3.501470e-01 3.387198e-01 3.387198e-01 1.142725e-02 1.142725e-02
53 3.550377e-01 3.457155e-01 3.457155e-01 9.322203e-03 9.322203e-03
54 3.647189e-01 3.457155e-01 3.457155e-01 1.900338e-02 1.900338e-02
55 3.679283e-01 3.527372e-01 3.527372e-01 1.519114e-02 1.519114e-02
56 3.798163e-01 3.641593e-01 3.641593e-01 1.565704e-02 1.565704e-02
57 3.820787e-01 3.710960e-01 3.710960e-01 1.098276e-02 1.098276e-02
58 3.833066e-01 3.710960e-01 3.710960e-01 1.221060e-02 1.221060e-02
59 3.838540e-01 3.780392e-01 3.780392e-01 5.814716e-03 5.814716e-03
60 3.925482e-01 3.888975e-01 3.888975e-01 3.650669e-03 3.650669e-03
61 4.053439e-01 3.957305e-01 3.957305e-01 9.613389e-03 9.613389e-03
62 4.061121e-01 3.957305e-01 3.957305e-01 1.038157e-02 1.038157e-02
63 4.128517e-01 4.025532e-01 4.025532e-01 1.029850e-02 1.029850e-02
64 4.218839e-01 4.128718e-01 4.128718e-01 9.012170e-03 9.012170e-03
65 4.316923e-01 4.195645e-01 4.195645e-01 1.212781e-02 1.212781e-02
66 4.343216e-01 4.195645e-01 4.195645e-01 1.475709e-02 1.475709e-02
67 4.411143e-01 4.262328e-01 4.262328e-01 1.488153e-02 1.488153e-02
68 4.498191e-01 4.360371e-01 4.360371e-01 1.378196e-02 1.378196e-02
69 4.591123e-01 4.425606e-01 4.425606e-01 1.655167e-02 1.655167e-02
70 4.635465e-01 4.425606e-01 4.425606e-01 2.098584e-02 2.098584e-02
71 4.642925e-01 4.490480e-01 4.490480e-01 1.524446e-02 1.524446e-02
72 4.804220e-01 4.583646e-01 4.583646e-01 2.205740e-02 2.205740e-02
73 4.822442e-01 4.646967e-01 4.646967e-01 1.754748e-02 1.754748e-02
74 4.924507e-01 4.646967e-01 4.646967e-01 2.775404e-02 2.775404e-02
75 4.992897e-01 4.709833e-01 4.709833e-01 2.830640e-02 2.830640e-02
76 5.067324e-01 4.798387e-01 4.798387e-01 2.689372e-02 2.689372e-02
77 5.128108e-01 4.859631e-01 4.859631e-01 2.684774e-02 2.684774e-02
78 5.427207e-01 4.859631e-01 4.859631e-01 5.675765e-02 5.675765e-02
79 5.438050e-01 4.920347e-01 4.920347e-01 5.177032e-02 5.177032e-02
80 5.533380e-01 5.004553e-01 5.004553e-01 5.288272e-02 5.288272e-02
81 5.652149e-01 5.063607e-01 5.063607e-01 5.885419e-02 5.885419e-02
82 5.813731e-01 5.063607e-01 5.063607e-01 7.501234e-02 7.501234e-02
83 5.815067e-01 5.122080e-01 5.122080e-01 6.929870e-02 6.929870e-02
84 6.052177e-01 5.202194e-01 5.202194e-01 8.499825e-02 8.499825e-02
85 6.206331e-01 5.258991e-01 5.258991e-01 9.473391e-02 9.473391e-02
86 6.320263e-01 5.258991e-01 5.258991e-01 1.061272e-01 1.061272e-01
87 6.379949e-01 5.315169e-01 5.315169e-01 1.064780e-01 1.064780e-01
88 6.442591e-01 5.391437e-01 5.391437e-01 1.051154e-01 1.051154e-01
89 6.612744e-01 5.445944e-01 5.445944e-01 1.166800e-01 1.166800e-01
90 6.824314e-01 5.445944e-01 5.445944e-01 1.378369e-01 1.378369e-01
91 6.842722e-01 5.499807e-01 5.499807e-01 1.342914e-01 1.342914e-01
92 6.963535e-01 5.572464e-01 5.572464e-01 1.391070e-01 1.391070e-01
93 7.048593e-01 5.624679e-01 5.624679e-01 1.423914e-01 1.423914e-01
94 7.050805e-01 5.624679e-01 5.624679e-01 1.426126e-01 1.426126e-01
95 7.080118e-01 5.676235e-01 5.676235e-01 1.403883e-01 1.403883e-01
96 7.150516e-01 5.745504e-01 5.745504e-01 1.405011e-01 1.405011e-01
97 7.178333e-01 5.795446e-01 5.795446e-01 1.382888e-01 1.382888e-01
98 7.178453e-01 5.795446e-01 5.795446e-01 1.383007e-01 1.383007e-01
99 7.401858e-01 5.844725e-01 5.844725e-01 1.557133e-01 1.557133e-01
100 7.404633e-01 5.910815e-01 5.910815e-01 1.493818e-01 1.493818e-01
101 7.524652e-01 5.958522e-01 5.958522e-01 1.566129e-01 1.566129e-01
102 7.525585e-01 5.958522e-01 5.958522e-01 1.567062e-01 1.567062e-01
103 7.632178e-01 6.005570e-01 6.005570e-01 1.626608e-01 1.626608e-01
104 7.793368e-01 6.068678e-01 6.068678e-01 1.724690e-01 1.724690e-01
105 7.815346e-01 6.114203e-01 6.114203e-01 1.701142e-01 1.701142e-01
106 7.877957e-01 6.114203e-01 6.114203e-01 1.763753e-01 1.763753e-01
107 7.878780e-01 6.159079e-01 6.159079e-01 1.719701e-01 1.719701e-01
108 7.883385e-01 6.219388e-01 6.219388e-01 1.663997e-01 1.663997e-01
109 7.883621e-01 6.262794e-01 6.262794e-01 1.620827e-01 1.620827e-01
110 7.912159e-01 6.262794e-01 6.262794e-01 1.649365e-01 1.649365e-01
111 8.041218e-01 6.305564e-01 6.305564e-01 1.735653e-01 1.735653e-01
112 8.095721e-01 6.363244e-01 6.363244e-01 1.732477e-01 1.732477e-01
113 8.322639e-01 6.404602e-01 6.404602e-01 1.918038e-01 1.918038e-01
114 8.323170e-01 6.404602e-01 6.404602e-01 1.918569e-01 1.918569e-01
115 8.340599e-01 6.445341e-01 6.445341e-01 1.895257e-01 1.895257e-01
116 8.345591e-01 6.500551e-01 6.500551e-01 1.845040e-01 1.845040e-01
117 8.362137e-01 6.539935e-01 6.539935e-01 1.822202e-01 1.822202e-01
118 8.413826e-01 6.539935e-01 6.539935e-01 1.873891e-01 1.873891e-01
119 8.437202e-01 6.578722e-01 6.578722e-01 1.858480e-01 1.858480e-01
120 8.500106e-01 6.631607e-01 6.631607e-01 1.868498e-01 1.868498e-01
121 8.506677e-01 6.669097e-01 6.669097e-01 1.837580e-01 1.837580e-01
122 8.626826e-01 6.669097e-01 6.669097e-01 1.957729e-01 1.957729e-01
123 8.657930e-01 6.706011e-01 6.706011e-01 1.951919e-01 1.951919e-01
124 8.679570e-01 6.756709e-01 6.756709e-01 1.922861e-01 1.922861e-01
125 8.695063e-01 6.792384e-01 6.792384e-01 1.902679e-01 1.902679e-01
126 8.704313e-01 6.792384e-01 6.792384e-01 1.911929e-01 1.911929e-01
127 8.711856e-01 6.827505e-01 6.827505e-01 1.884351e-01 1.884351e-01
128 8.754306e-01 6.876142e-01 6.876142e-01 1.878164e-01 1.878164e-01
129 8.758932e-01 6.910082e-01 6.910082e-01 1.848850e-01 1.848850e-01
130 8.759750e-01 6.910082e-01 6.910082e-01 1.849668e-01 1.849668e-01
131 8.785135e-01 6.943491e-01 6.943491e-01 1.841644e-01 1.841644e-01
132 8.795952e-01 6.990183e-01 6.990183e-01 1.805769e-01 1.805769e-01
133 8.820543e-01 7.022467e-01 7.022467e-01 1.798076e-01 1.798076e-01
134 8.878572e-01 7.022467e-01 7.022467e-01 1.856105e-01 1.856105e-01
135 8.883176e-01 7.054245e-01 7.054245e-01 1.828931e-01 1.828931e-01
136 8.884715e-01 7.099100e-01 7.099100e-01 1.785615e-01 1.785615e-01
137 8.893650e-01 7.129806e-01 7.129806e-01 1.763844e-01 1.763844e-01
138 8.919642e-01 7.129806e-01 7.129806e-01 1.789836e-01 1.789836e-01
139 8.938828e-01 7.160029e-01 7.160029e-01 1.778799e-01 1.778799e-01
140 8.959845e-01 7.203146e-01 7.203146e-01 1.756698e-01 1.756698e-01
141 8.996408e-01 7.232350e-01 7.232350e-01 1.764058e-01 1.764058e-01
142 9.113801e-01 7.232350e-01 7.232350e-01 1.881451e-01 1.881451e-01
143 9.201160e-01 7.261094e-01 7.261094e-01 1.940066e-01 1.940066e-01
