# Hello World! This is dune-eigensolver.
# hardware number of threads is 128 number of threads used is 1
# 8 8
# Smallest eigenvalues convergence test

#  n: 28900 A.N(): 28900 br: 1
# GeneralizedInverse:  time_total=4.127228e+01 time_factorization=9.904218e-02 iterations=171

# Arpack: time_total=6.320810e+00 iterations=1

# Eigensolver elapsed time 4.127599e+01

# N= 28900 M= 144 ACCURACY= 2.500000e-01 TOL= 2.000000e-04 THRESHOLD= 9.000000e-02 ESARERROR= 6.605137e-01 ARPERROR= 3.548204e-03 ESANERROR= 0.000000e+00 TIMERATIO= 6.530173e+00 \\

## gen: ftw     ARP-SMALL-TOL  ARPACK-TOL  ES-ARP-SMALL  ES-AR ERROR
00 -1.618714e-15 -1.294537e-16 -1.294537e-16 1.489260e-15 1.489260e-15
01 8.824167e-03 8.824167e-03 8.824167e-03 5.898060e-17 5.898060e-17
02 8.824167e-03 8.824167e-03 8.824167e-03 1.214306e-16 1.214306e-16
03 1.334551e-02 1.334551e-02 1.334551e-02 1.630640e-16 1.630640e-16
04 2.922491e-02 2.922491e-02 2.922491e-02 6.036838e-16 6.036838e-16
05 3.180579e-02 3.180579e-02 3.180579e-02 8.828187e-11 8.828187e-11
06 3.180584e-02 3.180579e-02 3.180579e-02 4.812257e-08 4.812257e-08
07 3.271782e-02 3.271787e-02 3.271787e-02 4.821085e-08 4.821085e-08
08 5.148734e-02 5.148734e-02 5.148734e-02 8.188232e-10 8.188232e-10
09 5.402982e-02 5.402982e-02 5.402982e-02 4.884026e-10 4.884026e-10
10 5.402982e-02 5.402982e-02 5.402982e-02 6.375302e-11 6.375302e-11
11 5.691241e-02 5.691242e-02 5.691242e-02 2.666695e-10 2.666695e-10
12 7.465501e-02 7.465499e-02 7.465499e-02 2.241722e-08 2.241722e-08
13 7.811991e-02 7.811994e-02 7.811994e-02 2.206113e-08 2.206113e-08
14 7.811994e-02 7.811994e-02 7.811994e-02 4.882196e-10 4.882196e-10
15 8.178079e-02 8.178079e-02 8.178079e-02 8.443131e-10 8.443131e-10
16 9.909074e-02 9.909065e-02 9.909065e-02 8.893087e-08 8.893087e-08
17 1.033071e-01 1.033071e-01 1.033071e-01 6.360488e-08 6.360488e-08
18 1.033071e-01 1.033071e-01 1.033071e-01 2.487121e-08 2.487121e-08
19 1.077383e-01 1.077383e-01 1.077383e-01 4.547883e-10 4.547883e-10
20 1.245340e-01 1.245339e-01 1.245339e-01 8.238732e-08 8.238732e-08
21 1.294173e-01 1.294174e-01 1.294174e-01 4.086593e-08 4.086593e-08
22 1.294174e-01 1.294174e-01 1.294174e-01 7.365306e-08 7.365306e-08
23 1.345069e-01 1.345070e-01 1.345070e-01 1.151745e-07 1.151745e-07
24 1.507635e-01 1.507634e-01 1.507634e-01 2.997017e-09 2.997017e-09
25 1.562203e-01 1.562201e-01 1.562201e-01 1.358384e-07 1.358384e-07
26 1.562232e-01 1.562201e-01 1.562201e-01 3.033740e-06 3.033740e-06
27 1.618665e-01 1.618697e-01 1.618697e-01 3.172575e-06 3.172575e-06
28 1.775528e-01 1.775528e-01 1.775528e-01 1.215261e-08 1.215261e-08
29 1.834876e-01 1.834876e-01 1.834876e-01 2.093264e-10 2.093264e-10
30 1.834882e-01 1.834876e-01 1.834876e-01 6.485824e-07 6.485824e-07
31 1.895940e-01 1.895946e-01 1.895946e-01 6.609110e-07 6.609110e-07
32 2.046812e-01 2.046808e-01 2.046808e-01 4.113686e-07 4.113686e-07
33 2.109992e-01 2.109993e-01 2.109993e-01 1.752066e-07 1.752066e-07
34 2.109993e-01 2.109993e-01 2.109993e-01 4.398465e-08 4.398465e-08
35 2.174665e-01 2.174667e-01 2.174667e-01 1.922071e-07 1.922071e-07
36 2.321669e-01 2.319382e-01 2.319382e-01 2.286736e-04 2.286736e-04
37 2.383874e-01 2.385492e-01 2.385492e-01 1.618065e-04 1.618065e-04
38 2.384833e-01 2.385492e-01 2.385492e-01 6.591543e-05 6.591543e-05
39 2.452822e-01 2.452832e-01 2.452832e-01 9.516138e-07 9.516138e-07
40 2.591661e-01 2.591323e-01 2.591323e-01 3.383918e-05 3.383918e-05
41 2.659191e-01 2.659497e-01 2.659497e-01 3.060060e-05 3.060060e-05
42 2.659506e-01 2.659497e-01 2.659497e-01 8.670623e-07 8.670623e-07
43 2.728601e-01 2.728643e-01 2.728643e-01 4.105474e-06 4.105474e-06
44 2.860974e-01 2.860903e-01 2.860903e-01 7.126401e-06 7.126401e-06
45 2.930282e-01 2.930352e-01 2.930352e-01 6.984446e-06 6.984446e-06
46 2.930459e-01 2.930352e-01 2.930352e-01 1.066196e-05 1.066196e-05
47 3.000417e-01 3.000517e-01 3.000517e-01 1.002180e-05 1.002180e-05
48 3.126625e-01 3.126619e-01 3.126619e-01 6.114016e-07 6.114016e-07
49 3.196664e-01 3.196634e-01 3.196634e-01 3.002205e-06 3.002205e-06
50 3.196729e-01 3.196634e-01 3.196634e-01 9.557434e-06 9.557434e-06
51 3.266987e-01 3.267126e-01 3.267126e-01 1.383035e-05 1.383035e-05
52 3.387596e-01 3.387198e-01 3.387198e-01 3.985281e-05 3.985281e-05
53 3.456915e-01 3.457155e-01 3.457155e-01 2.401660e-05 2.401660e-05
54 3.457004e-01 3.457155e-01 3.457155e-01 1.516256e-05 1.516256e-05
55 3.527396e-01 3.527372e-01 3.527372e-01 2.463715e-06 2.463715e-06
56 3.641831e-01 3.641593e-01 3.641593e-01 2.379329e-05 2.379329e-05
57 3.710694e-01 3.710960e-01 3.710960e-01 2.658103e-05 2.658103e-05
58 3.714938e-01 3.710960e-01 3.710960e-01 3.977658e-04 3.977658e-04
59 3.776411e-01 3.780392e-01 3.780392e-01 3.981574e-04 3.981574e-04
60 3.909795e-01 3.888975e-01 3.888975e-01 2.082006e-03 2.082006e-03
61 3.936681e-01 3.957305e-01 3.957305e-01 2.062366e-03 2.062366e-03
62 3.957433e-01 3.957305e-01 3.957305e-01 1.275923e-05 1.275923e-05
63 4.025210e-01 4.025532e-01 4.025532e-01 3.225584e-05 3.225584e-05
64 4.151901e-01 4.128718e-01 4.128718e-01 2.318339e-03 2.318339e-03
65 4.174297e-01 4.195645e-01 4.195645e-01 2.134753e-03 2.134753e-03
66 4.194384e-01 4.195645e-01 4.195645e-01 1.260886e-04 1.260886e-04
67 4.262262e-01 4.262328e-01 4.262328e-01 6.539379e-06 6.539379e-06
68 4.360616e-01 4.360371e-01 4.360371e-01 2.448456e-05 2.448456e-05
69 4.425122e-01 4.425606e-01 4.425606e-01 4.838550e-05 4.838550e-05
70 4.425532e-01 4.425606e-01 4.425606e-01 7.451083e-06 7.451083e-06
71 4.496066e-01 4.490480e-01 4.490480e-01 5.585691e-04 5.585691e-04
72 4.578312e-01 4.583646e-01 4.583646e-01 5.334729e-04 5.334729e-04
73 4.647437e-01 4.646967e-01 4.646967e-01 4.704679e-05 4.704679e-05
74 4.648176e-01 4.646967e-01 4.646967e-01 1.209292e-04 1.209292e-04
75 4.707786e-01 4.709833e-01 4.709833e-01 2.046762e-04 2.046762e-04
76 4.809166e-01 4.798387e-01 4.798387e-01 1.077907e-03 1.077907e-03
77 4.849236e-01 4.859631e-01 4.859631e-01 1.039426e-03 1.039426e-03
78 4.887986e-01 4.859631e-01 4.859631e-01 2.835495e-03 2.835495e-03
79 4.891547e-01 4.920347e-01 4.920347e-01 2.879991e-03 2.879991e-03
80 5.040035e-01 5.004553e-01 5.004553e-01 3.548204e-03 3.548204e-03
81 5.045317e-01 5.063607e-01 5.063607e-01 1.829067e-03 1.829067e-03
82 5.046506e-01 5.063607e-01 5.063607e-01 1.710116e-03 1.710116e-03
83 5.122732e-01 5.122080e-01 5.122080e-01 6.516515e-05 6.516515e-05
84 5.208290e-01 5.202194e-01 5.202194e-01 6.095616e-04 6.095616e-04
85 5.265867e-01 5.258991e-01 5.258991e-01 6.875373e-04 6.875373e-04
86 5.269170e-01 5.258991e-01 5.258991e-01 1.017891e-03 1.017891e-03
87 5.298813e-01 5.315169e-01 5.315169e-01 1.635590e-03 1.635590e-03
88 5.400142e-01 5.391437e-01 5.391437e-01 8.705572e-04 8.705572e-04
89 5.429984e-01 5.445944e-01 5.445944e-01 1.596002e-03 1.596002e-03
90 5.446714e-01 5.445944e-01 5.445944e-01 7.692204e-05 7.692204e-05
91 5.520778e-01 5.499807e-01 5.499807e-01 2.097080e-03 2.097080e-03
92 5.576389e-01 5.572464e-01 5.572464e-01 3.924144e-04 3.924144e-04
93 5.604214e-01 5.624679e-01 5.624679e-01 2.046436e-03 2.046436e-03
94 5.624867e-01 5.624679e-01 5.624679e-01 1.884621e-05 1.884621e-05
95 5.671163e-01 5.676235e-01 5.676235e-01 5.072219e-04 5.072219e-04
96 5.757715e-01 5.745504e-01 5.745504e-01 1.221109e-03 1.221109e-03
97 5.793975e-01 5.795446e-01 5.795446e-01 1.470654e-04 1.470654e-04
98 5.805836e-01 5.795446e-01 5.795446e-01 1.039012e-03 1.039012e-03
99 5.836892e-01 5.844725e-01 5.844725e-01 7.832617e-04 7.832617e-04
100 5.898718e-01 5.910815e-01 5.910815e-01 1.209700e-03 1.209700e-03
101 5.958216e-01 5.958522e-01 5.958522e-01 3.059087e-05 3.059087e-05
102 5.960489e-01 5.958522e-01 5.958522e-01 1.967279e-04 1.967279e-04
103 6.011786e-01 6.005570e-01 6.005570e-01 6.215126e-04 6.215126e-04
104 6.060458e-01 6.068678e-01 6.068678e-01 8.220615e-04 8.220615e-04
105 6.123714e-01 6.114203e-01 6.114203e-01 9.510402e-04 9.510402e-04
106 6.133737e-01 6.114203e-01 6.114203e-01 1.953323e-03 1.953323e-03
107 6.141668e-01 6.159079e-01 6.159079e-01 1.741109e-03 1.741109e-03
108 6.209535e-01 6.219388e-01 6.219388e-01 9.852407e-04 9.852407e-04
109 6.261045e-01 6.262794e-01 6.262794e-01 1.748602e-04 1.748602e-04
110 6.264786e-01 6.262794e-01 6.262794e-01 1.992740e-04 1.992740e-04
111 6.333898e-01 6.305564e-01 6.305564e-01 2.833352e-03 2.833352e-03
112 6.365546e-01 6.363244e-01 6.363244e-01 2.301795e-04 2.301795e-04
113 6.374588e-01 6.404602e-01 6.404602e-01 3.001354e-03 3.001354e-03
114 6.412619e-01 6.404602e-01 6.404602e-01 8.016812e-04 8.016812e-04
115 6.441215e-01 6.445341e-01 6.445341e-01 4.126612e-04 4.126612e-04
116 6.500288e-01 6.500551e-01 6.500551e-01 2.632164e-05 2.632164e-05
117 6.540459e-01 6.539935e-01 6.539935e-01 5.239251e-05 5.239251e-05
118 6.564898e-01 6.539935e-01 6.539935e-01 2.496231e-03 2.496231e-03
119 6.576140e-01 6.578722e-01 6.578722e-01 2.581212e-04 2.581212e-04
120 6.604094e-01 6.631607e-01 6.631607e-01 2.751302e-03 2.751302e-03
121 6.667800e-01 6.669097e-01 6.669097e-01 1.296845e-04 1.296845e-04
122 6.692565e-01 6.669097e-01 6.669097e-01 2.346811e-03 2.346811e-03
123 6.710993e-01 6.706011e-01 6.706011e-01 4.982523e-04 4.982523e-04
124 6.732406e-01 6.756709e-01 6.756709e-01 2.430285e-03 2.430285e-03
125 6.791116e-01 6.792384e-01 6.792384e-01 1.267685e-04 1.267685e-04
126 6.791463e-01 6.792384e-01 6.792384e-01 9.212340e-05 9.212340e-05
127 6.833464e-01 6.827505e-01 6.827505e-01 5.959341e-04 5.959341e-04
128 6.885125e-01 6.876142e-01 6.876142e-01 8.983051e-04 8.983051e-04
129 6.901091e-01 6.910082e-01 6.910082e-01 8.990448e-04 8.990448e-04
130 6.933117e-01 6.910082e-01 6.910082e-01 2.303529e-03 2.303529e-03
131 6.934549e-01 6.943491e-01 6.943491e-01 8.942674e-04 8.942674e-04
132 6.974613e-01 6.990183e-01 6.990183e-01 1.557033e-03 1.557033e-03
133 7.017580e-01 7.022467e-01 7.022467e-01 4.887200e-04 4.887200e-04
134 7.037839e-01 7.022467e-01 7.022467e-01 1.537159e-03 1.537159e-03
135 7.059016e-01 7.054245e-01 7.054245e-01 4.771109e-04 4.771109e-04
136 7.093351e-01 7.099100e-01 7.099100e-01 5.748767e-04 5.748767e-04
137 7.124350e-01 7.129806e-01 7.129806e-01 5.456310e-04 5.456310e-04
138 7.141792e-01 7.129806e-01 7.129806e-01 1.198635e-03 1.198635e-03
139 7.145248e-01 7.160029e-01 7.160029e-01 1.478051e-03 1.478051e-03
140 7.200416e-01 7.203146e-01 7.203146e-01 2.730667e-04 2.730667e-04
141 7.244343e-01 7.232350e-01 7.232350e-01 1.199264e-03 1.199264e-03
142 7.250914e-01 7.232350e-01 7.232350e-01 1.856323e-03 1.856323e-03
143 7.278293e-01 7.261094e-01 7.261094e-01 1.719862e-03 1.719862e-03
