# Hello World! This is dune-eigensolver.
# hardware number of threads is 128 number of threads used is 1
# 8 8
# Smallest eigenvalues convergence test

#  n: 28900 A.N(): 28900 br: 1
# GeneralizedSymmetricStewart:  time_total=1.362777e+00 time_factorization=9.924340e-02 time_eigendecomposition=5.558843e-03 time_matmul_dense=4.021753e-02 iterations=4

# Arpack: time_total=6.359904e+00 iterations=1

# Eigensolver elapsed time 1.364809e+00

# N= 28900 M= 144 ACCURACY= 1.000000e+00 TOL= 1.000000e-01 THRESHOLD= 9.000000e-02 ESARERROR= 9.353984e-01 ARPERROR= 4.090120e-01 ESANERROR= 0.000000e+00 TIMERATIO= 2.145958e-01 \\

## gen: stw     ARP-SMALL-TOL  ARPACK-TOL  ES-ARP-SMALL  ES-AR ERROR
00 -1.814954e-16 -1.294537e-16 -1.294537e-16 5.204170e-17 5.204170e-17
01 8.824167e-03 8.824167e-03 8.824167e-03 1.035422e-13 1.035422e-13
02 8.824167e-03 8.824167e-03 8.824167e-03 1.385871e-13 1.385871e-13
03 1.334551e-02 1.334551e-02 1.334551e-02 2.097586e-12 2.097586e-12
04 2.922491e-02 2.922491e-02 2.922491e-02 8.943927e-10 8.943927e-10
05 3.180579e-02 3.180579e-02 3.180579e-02 1.386865e-09 1.386865e-09
06 3.180579e-02 3.180579e-02 3.180579e-02 1.488768e-09 1.488768e-09
07 3.271787e-02 3.271787e-02 3.271787e-02 1.839369e-09 1.839369e-09
08 5.148742e-02 5.148734e-02 5.148734e-02 8.208715e-08 8.208715e-08
09 5.402991e-02 5.402982e-02 5.402982e-02 8.898537e-08 8.898537e-08
10 5.402995e-02 5.402982e-02 5.402982e-02 1.248688e-07 1.248688e-07
11 5.691260e-02 5.691242e-02 5.691242e-02 1.851674e-07 1.851674e-07
12 7.465612e-02 7.465499e-02 7.465499e-02 1.127940e-06 1.127940e-06
13 7.812145e-02 7.811994e-02 7.811994e-02 1.517567e-06 1.517567e-06
14 7.812266e-02 7.811994e-02 7.811994e-02 2.726446e-06 2.726446e-06
15 8.178353e-02 8.178079e-02 8.178079e-02 2.734061e-06 2.734061e-06
16 9.910275e-02 9.909065e-02 9.909065e-02 1.209457e-05 1.209457e-05
17 1.033190e-01 1.033071e-01 1.033071e-01 1.183197e-05 1.183197e-05
18 1.033224e-01 1.033071e-01 1.033071e-01 1.524881e-05 1.524881e-05
19 1.077601e-01 1.077383e-01 1.077383e-01 2.177863e-05 2.177863e-05
20 1.245966e-01 1.245339e-01 1.245339e-01 6.267767e-05 6.267767e-05
21 1.295000e-01 1.294174e-01 1.294174e-01 8.260682e-05 8.260682e-05
22 1.295055e-01 1.294174e-01 1.294174e-01 8.818055e-05 8.818055e-05
23 1.346019e-01 1.345070e-01 1.345070e-01 9.489691e-05 9.489691e-05
24 1.510199e-01 1.507634e-01 1.507634e-01 2.564862e-04 2.564862e-04
25 1.565408e-01 1.562201e-01 1.562201e-01 3.206576e-04 3.206576e-04
26 1.565805e-01 1.562201e-01 1.562201e-01 3.603615e-04 3.603615e-04
27 1.624547e-01 1.618697e-01 1.618697e-01 5.850616e-04 5.850616e-04
28 1.783144e-01 1.775528e-01 1.775528e-01 7.616291e-04 7.616291e-04
29 1.844431e-01 1.834876e-01 1.834876e-01 9.555394e-04 9.555394e-04
30 1.846964e-01 1.834876e-01 1.834876e-01 1.208826e-03 1.208826e-03
31 1.911191e-01 1.895946e-01 1.895946e-01 1.524459e-03 1.524459e-03
32 2.073690e-01 2.046808e-01 2.046808e-01 2.688188e-03 2.688188e-03
33 2.144558e-01 2.109993e-01 2.109993e-01 3.456496e-03 3.456496e-03
34 2.155678e-01 2.109993e-01 2.109993e-01 4.568501e-03 4.568501e-03
35 2.214541e-01 2.174667e-01 2.174667e-01 3.987325e-03 3.987325e-03
36 2.380573e-01 2.319382e-01 2.319382e-01 6.119047e-03 6.119047e-03
37 2.438823e-01 2.385492e-01 2.385492e-01 5.333121e-03 5.333121e-03
38 2.463786e-01 2.385492e-01 2.385492e-01 7.829419e-03 7.829419e-03
39 2.549126e-01 2.452832e-01 2.452832e-01 9.629398e-03 9.629398e-03
40 2.745968e-01 2.591323e-01 2.591323e-01 1.546456e-02 1.546456e-02
41 2.823451e-01 2.659497e-01 2.659497e-01 1.639539e-02 1.639539e-02
42 2.849290e-01 2.659497e-01 2.659497e-01 1.897928e-02 1.897928e-02
43 2.930289e-01 2.728643e-01 2.728643e-01 2.016463e-02 2.016463e-02
44 3.216227e-01 2.860903e-01 2.860903e-01 3.553245e-02 3.553245e-02
45 3.262182e-01 2.930352e-01 2.930352e-01 3.318298e-02 3.318298e-02
46 3.385152e-01 2.930352e-01 2.930352e-01 4.547994e-02 4.547994e-02
47 3.456914e-01 3.000517e-01 3.000517e-01 4.563975e-02 4.563975e-02
48 3.610091e-01 3.126619e-01 3.126619e-01 4.834721e-02 4.834721e-02
49 3.811651e-01 3.196634e-01 3.196634e-01 6.150169e-02 6.150169e-02
50 3.952084e-01 3.196634e-01 3.196634e-01 7.554502e-02 7.554502e-02
51 4.098195e-01 3.267126e-01 3.267126e-01 8.310694e-02 8.310694e-02
52 4.292042e-01 3.387198e-01 3.387198e-01 9.048440e-02 9.048440e-02
53 4.522325e-01 3.457155e-01 3.457155e-01 1.065170e-01 1.065170e-01
54 4.626178e-01 3.457155e-01 3.457155e-01 1.169023e-01 1.169023e-01
55 4.734534e-01 3.527372e-01 3.527372e-01 1.207162e-01 1.207162e-01
56 5.130205e-01 3.641593e-01 3.641593e-01 1.488613e-01 1.488613e-01
57 5.131869e-01 3.710960e-01 3.710960e-01 1.420909e-01 1.420909e-01
58 5.487197e-01 3.710960e-01 3.710960e-01 1.776237e-01 1.776237e-01
59 5.654977e-01 3.780392e-01 3.780392e-01 1.874584e-01 1.874584e-01
60 5.833027e-01 3.888975e-01 3.888975e-01 1.944052e-01 1.944052e-01
61 5.935953e-01 3.957305e-01 3.957305e-01 1.978648e-01 1.978648e-01
62 6.389145e-01 3.957305e-01 3.957305e-01 2.431839e-01 2.431839e-01
63 6.488706e-01 4.025532e-01 4.025532e-01 2.463174e-01 2.463174e-01
64 6.543942e-01 4.128718e-01 4.128718e-01 2.415224e-01 2.415224e-01
65 6.868803e-01 4.195645e-01 4.195645e-01 2.673158e-01 2.673158e-01
66 6.973652e-01 4.195645e-01 4.195645e-01 2.778008e-01 2.778008e-01
67 7.190029e-01 4.262328e-01 4.262328e-01 2.927701e-01 2.927701e-01
68 7.338815e-01 4.360371e-01 4.360371e-01 2.978444e-01 2.978444e-01
69 7.475951e-01 4.425606e-01 4.425606e-01 3.050345e-01 3.050345e-01
70 7.682748e-01 4.425606e-01 4.425606e-01 3.257142e-01 3.257142e-01
71 7.841541e-01 4.490480e-01 4.490480e-01 3.351061e-01 3.351061e-01
72 8.115409e-01 4.583646e-01 4.583646e-01 3.531763e-01 3.531763e-01
73 8.213272e-01 4.646967e-01 4.646967e-01 3.566305e-01 3.566305e-01
74 8.357968e-01 4.646967e-01 4.646967e-01 3.711001e-01 3.711001e-01
75 8.531476e-01 4.709833e-01 4.709833e-01 3.821644e-01 3.821644e-01
76 8.599377e-01 4.798387e-01 4.798387e-01 3.800989e-01 3.800989e-01
77 8.707830e-01 4.859631e-01 4.859631e-01 3.848200e-01 3.848200e-01
78 8.744668e-01 4.859631e-01 4.859631e-01 3.885038e-01 3.885038e-01
79 8.909242e-01 4.920347e-01 4.920347e-01 3.988896e-01 3.988896e-01
80 8.975199e-01 5.004553e-01 5.004553e-01 3.970646e-01 3.970646e-01
81 9.016622e-01 5.063607e-01 5.063607e-01 3.953015e-01 3.953015e-01
82 9.062821e-01 5.063607e-01 5.063607e-01 3.999213e-01 3.999213e-01
83 9.188932e-01 5.122080e-01 5.122080e-01 4.066851e-01 4.066851e-01
84 9.243379e-01 5.202194e-01 5.202194e-01 4.041185e-01 4.041185e-01
85 9.293959e-01 5.258991e-01 5.258991e-01 4.034968e-01 4.034968e-01
86 9.304198e-01 5.258991e-01 5.258991e-01 4.045207e-01 4.045207e-01
87 9.405289e-01 5.315169e-01 5.315169e-01 4.090120e-01 4.090120e-01
88 9.433845e-01 5.391437e-01 5.391437e-01 4.042408e-01 4.042408e-01
89 9.459907e-01 5.445944e-01 5.445944e-01 4.013963e-01 4.013963e-01
90 9.507871e-01 5.445944e-01 5.445944e-01 4.061926e-01 4.061926e-01
91 9.555182e-01 5.499807e-01 5.499807e-01 4.055375e-01 4.055375e-01
92 9.579144e-01 5.572464e-01 5.572464e-01 4.006679e-01 4.006679e-01
93 9.608443e-01 5.624679e-01 5.624679e-01 3.983764e-01 3.983764e-01
94 9.623130e-01 5.624679e-01 5.624679e-01 3.998451e-01 3.998451e-01
95 9.644656e-01 5.676235e-01 5.676235e-01 3.968421e-01 3.968421e-01
96 9.679935e-01 5.745504e-01 5.745504e-01 3.934430e-01 3.934430e-01
97 9.692913e-01 5.795446e-01 5.795446e-01 3.897467e-01 3.897467e-01
98 9.708803e-01 5.795446e-01 5.795446e-01 3.913358e-01 3.913358e-01
99 9.737146e-01 5.844725e-01 5.844725e-01 3.892421e-01 3.892421e-01
100 9.752525e-01 5.910815e-01 5.910815e-01 3.841710e-01 3.841710e-01
101 9.780571e-01 5.958522e-01 5.958522e-01 3.822049e-01 3.822049e-01
102 9.785820e-01 5.958522e-01 5.958522e-01 3.827298e-01 3.827298e-01
103 9.793299e-01 6.005570e-01 6.005570e-01 3.787728e-01 3.787728e-01
104 9.811410e-01 6.068678e-01 6.068678e-01 3.742732e-01 3.742732e-01
105 9.825360e-01 6.114203e-01 6.114203e-01 3.711157e-01 3.711157e-01
106 9.834299e-01 6.114203e-01 6.114203e-01 3.720096e-01 3.720096e-01
107 9.843495e-01 6.159079e-01 6.159079e-01 3.684416e-01 3.684416e-01
108 9.853906e-01 6.219388e-01 6.219388e-01 3.634519e-01 3.634519e-01
109 9.860853e-01 6.262794e-01 6.262794e-01 3.598059e-01 3.598059e-01
110 9.867787e-01 6.262794e-01 6.262794e-01 3.604993e-01 3.604993e-01
111 9.869431e-01 6.305564e-01 6.305564e-01 3.563867e-01 3.563867e-01
112 9.873708e-01 6.363244e-01 6.363244e-01 3.510464e-01 3.510464e-01
113 9.879021e-01 6.404602e-01 6.404602e-01 3.474419e-01 3.474419e-01
114 9.884226e-01 6.404602e-01 6.404602e-01 3.479624e-01 3.479624e-01
115 9.893044e-01 6.445341e-01 6.445341e-01 3.447703e-01 3.447703e-01
116 9.902137e-01 6.500551e-01 6.500551e-01 3.401586e-01 3.401586e-01
117 9.904014e-01 6.539935e-01 6.539935e-01 3.364079e-01 3.364079e-01
118 9.907370e-01 6.539935e-01 6.539935e-01 3.367435e-01 3.367435e-01
119 9.917941e-01 6.578722e-01 6.578722e-01 3.339219e-01 3.339219e-01
120 9.921359e-01 6.631607e-01 6.631607e-01 3.289751e-01 3.289751e-01
121 9.924636e-01 6.669097e-01 6.669097e-01 3.255538e-01 3.255538e-01
122 9.926163e-01 6.669097e-01 6.669097e-01 3.257065e-01 3.257065e-01
123 9.929201e-01 6.706011e-01 6.706011e-01 3.223190e-01 3.223190e-01
124 9.931118e-01 6.756709e-01 6.756709e-01 3.174409e-01 3.174409e-01
125 9.936811e-01 6.792384e-01 6.792384e-01 3.144427e-01 3.144427e-01
126 9.941468e-01 6.792384e-01 6.792384e-01 3.149084e-01 3.149084e-01
127 9.944983e-01 6.827505e-01 6.827505e-01 3.117478e-01 3.117478e-01
128 9.948454e-01 6.876142e-01 6.876142e-01 3.072312e-01 3.072312e-01
129 9.949289e-01 6.910082e-01 6.910082e-01 3.039207e-01 3.039207e-01
130 9.952583e-01 6.910082e-01 6.910082e-01 3.042501e-01 3.042501e-01
131 9.954215e-01 6.943491e-01 6.943491e-01 3.010723e-01 3.010723e-01
132 9.955723e-01 6.990183e-01 6.990183e-01 2.965540e-01 2.965540e-01
133 9.960402e-01 7.022467e-01 7.022467e-01 2.937934e-01 2.937934e-01
134 9.961681e-01 7.022467e-01 7.022467e-01 2.939214e-01 2.939214e-01
135 9.965342e-01 7.054245e-01 7.054245e-01 2.911097e-01 2.911097e-01
136 9.966098e-01 7.099100e-01 7.099100e-01 2.866998e-01 2.866998e-01
137 9.966744e-01 7.129806e-01 7.129806e-01 2.836938e-01 2.836938e-01
138 9.969670e-01 7.129806e-01 7.129806e-01 2.839864e-01 2.839864e-01
139 9.970488e-01 7.160029e-01 7.160029e-01 2.810459e-01 2.810459e-01
140 9.971839e-01 7.203146e-01 7.203146e-01 2.768693e-01 2.768693e-01
141 9.972485e-01 7.232350e-01 7.232350e-01 2.740134e-01 2.740134e-01
142 9.976078e-01 7.232350e-01 7.232350e-01 2.743728e-01 2.743728e-01
143 9.976335e-01 7.261094e-01 7.261094e-01 2.715241e-01 2.715241e-01
