# Hello World! This is dune-eigensolver.
# hardware number of threads is 128 number of threads used is 1
# 8 8
# Smallest eigenvalues convergence test

#  n: 28900 A.N(): 28900 br: 1
# GeneralizedInverse:  time_total=4.602771e+01 time_factorization=9.966442e-02 iterations=191

# Arpack: time_total=6.315285e+00 iterations=1

# Eigensolver elapsed time 4.603104e+01

# N= 28900 M= 144 ACCURACY= 2.500000e-01 TOL= 1.000000e-04 THRESHOLD= 9.000000e-02 ESARERROR= 6.596166e-01 ARPERROR= 3.460900e-03 ESANERROR= 0.000000e+00 TIMERATIO= 7.288831e+00 \\

## gen: ftw     ARP-SMALL-TOL  ARPACK-TOL  ES-ARP-SMALL  ES-AR ERROR
00 -1.618714e-15 -1.294537e-16 -1.294537e-16 1.489260e-15 1.489260e-15
01 8.824167e-03 8.824167e-03 8.824167e-03 9.020562e-17 9.020562e-17
02 8.824167e-03 8.824167e-03 8.824167e-03 1.457168e-16 1.457168e-16
03 1.334551e-02 1.334551e-02 1.334551e-02 1.700029e-16 1.700029e-16
04 2.922491e-02 2.922491e-02 2.922491e-02 2.359224e-16 2.359224e-16
05 3.180579e-02 3.180579e-02 3.180579e-02 2.947943e-11 2.947943e-11
06 3.180581e-02 3.180579e-02 3.180579e-02 1.606870e-08 1.606870e-08
07 3.271785e-02 3.271787e-02 3.271787e-02 1.609818e-08 1.609818e-08
08 5.148734e-02 5.148734e-02 5.148734e-02 1.234375e-10 1.234375e-10
09 5.402982e-02 5.402982e-02 5.402982e-02 7.846237e-11 7.846237e-11
10 5.402982e-02 5.402982e-02 5.402982e-02 1.038016e-11 1.038016e-11
11 5.691242e-02 5.691242e-02 5.691242e-02 3.459683e-11 3.459683e-11
12 7.465499e-02 7.465499e-02 7.465499e-02 3.738089e-09 3.738089e-09
13 7.811993e-02 7.811994e-02 7.811994e-02 3.679768e-09 3.679768e-09
14 7.811994e-02 7.811994e-02 7.811994e-02 7.995740e-11 7.995740e-11
15 8.178079e-02 8.178079e-02 8.178079e-02 1.382797e-10 1.382797e-10
16 9.909067e-02 9.909065e-02 9.909065e-02 1.707019e-08 1.707019e-08
17 1.033071e-01 1.033071e-01 1.033071e-01 1.220896e-08 1.220896e-08
18 1.033071e-01 1.033071e-01 1.033071e-01 4.775120e-09 4.775120e-09
19 1.077383e-01 1.077383e-01 1.077383e-01 8.611230e-11 8.611230e-11
20 1.245339e-01 1.245339e-01 1.245339e-01 1.790151e-08 1.790151e-08
21 1.294173e-01 1.294174e-01 1.294174e-01 8.920064e-09 8.920064e-09
22 1.294174e-01 1.294174e-01 1.294174e-01 1.592473e-08 1.592473e-08
23 1.345070e-01 1.345070e-01 1.345070e-01 2.490617e-08 2.490617e-08
24 1.507634e-01 1.507634e-01 1.507634e-01 7.295168e-10 7.295168e-10
25 1.562202e-01 1.562201e-01 1.562201e-01 3.309398e-08 3.309398e-08
26 1.562209e-01 1.562201e-01 1.562201e-01 7.394166e-07 7.394166e-07
27 1.618689e-01 1.618697e-01 1.618697e-01 7.732401e-07 7.732401e-07
28 1.775528e-01 1.775528e-01 1.775528e-01 3.285776e-09 3.285776e-09
29 1.834876e-01 1.834876e-01 1.834876e-01 6.573492e-11 6.573492e-11
30 1.834877e-01 1.834876e-01 1.834876e-01 1.763098e-07 1.763098e-07
31 1.895945e-01 1.895946e-01 1.895946e-01 1.796598e-07 1.796598e-07
32 2.046809e-01 2.046808e-01 2.046808e-01 1.226448e-07 1.226448e-07
33 2.109993e-01 2.109993e-01 2.109993e-01 5.222769e-08 5.222769e-08
34 2.109993e-01 2.109993e-01 2.109993e-01 1.264199e-08 1.264199e-08
35 2.174667e-01 2.174667e-01 2.174667e-01 5.777643e-08 5.777643e-08
36 2.320147e-01 2.319382e-01 2.319382e-01 7.642993e-05 7.642993e-05
37 2.384947e-01 2.385492e-01 2.385492e-01 5.446276e-05 5.446276e-05
38 2.385275e-01 2.385492e-01 2.385492e-01 2.165588e-05 2.165588e-05
39 2.452829e-01 2.452832e-01 2.452832e-01 3.112930e-07 3.112930e-07
40 2.591443e-01 2.591323e-01 2.591323e-01 1.205774e-05 1.205774e-05
41 2.659388e-01 2.659497e-01 2.659497e-01 1.089955e-05 1.089955e-05
42 2.659500e-01 2.659497e-01 2.659497e-01 3.183473e-07 3.183473e-07
43 2.728628e-01 2.728643e-01 2.728643e-01 1.476514e-06 1.476514e-06
44 2.860930e-01 2.860903e-01 2.860903e-01 2.741001e-06 2.741001e-06
45 2.930325e-01 2.930352e-01 2.930352e-01 2.686370e-06 2.686370e-06
46 2.930394e-01 2.930352e-01 2.930352e-01 4.155768e-06 4.155768e-06
47 3.000476e-01 3.000517e-01 3.000517e-01 4.059060e-06 4.059060e-06
48 3.126623e-01 3.126619e-01 3.126619e-01 4.249679e-07 4.249679e-07
49 3.196646e-01 3.196634e-01 3.196634e-01 1.263386e-06 1.263386e-06
50 3.196674e-01 3.196634e-01 3.196634e-01 4.013068e-06 4.013068e-06
51 3.267068e-01 3.267126e-01 3.267126e-01 5.823943e-06 5.823943e-06
52 3.387375e-01 3.387198e-01 3.387198e-01 1.771605e-05 1.771605e-05
53 3.457049e-01 3.457155e-01 3.457155e-01 1.067420e-05 1.067420e-05
54 3.457088e-01 3.457155e-01 3.457155e-01 6.715828e-06 6.715828e-06
55 3.527377e-01 3.527372e-01 3.527372e-01 5.583421e-07 5.583421e-07
56 3.641711e-01 3.641593e-01 3.641593e-01 1.184934e-05 1.184934e-05
57 3.710834e-01 3.710960e-01 3.710960e-01 1.254264e-05 1.254264e-05
58 3.712917e-01 3.710960e-01 3.710960e-01 1.957232e-04 1.957232e-04
59 3.778433e-01 3.780392e-01 3.780392e-01 1.959170e-04 1.959170e-04
60 3.920874e-01 3.888975e-01 3.888975e-01 3.189867e-03 3.189867e-03
61 3.925504e-01 3.957305e-01 3.957305e-01 3.180070e-03 3.180070e-03
62 3.957371e-01 3.957305e-01 3.957305e-01 6.591866e-06 6.591866e-06
63 4.025369e-01 4.025532e-01 4.025532e-01 1.634383e-05 1.634383e-05
64 4.143212e-01 4.128718e-01 4.128718e-01 1.449478e-03 1.449478e-03
65 4.182121e-01 4.195645e-01 4.195645e-01 1.352335e-03 1.352335e-03
66 4.194981e-01 4.195645e-01 4.195645e-01 6.640035e-05 6.640035e-05
67 4.262224e-01 4.262328e-01 4.262328e-01 1.042783e-05 1.042783e-05
68 4.360587e-01 4.360371e-01 4.360371e-01 2.159664e-05 2.159664e-05
69 4.425338e-01 4.425606e-01 4.425606e-01 2.684960e-05 2.684960e-05
70 4.425565e-01 4.425606e-01 4.425606e-01 4.117846e-06 4.117846e-06
71 4.492990e-01 4.490480e-01 4.490480e-01 2.510091e-04 2.510091e-04
72 4.581285e-01 4.583646e-01 4.583646e-01 2.361499e-04 2.361499e-04
73 4.647240e-01 4.646967e-01 4.646967e-01 2.728159e-05 2.728159e-05
74 4.647682e-01 4.646967e-01 4.646967e-01 7.152422e-05 7.152422e-05
75 4.708612e-01 4.709833e-01 4.709833e-01 1.220963e-04 1.220963e-04
76 4.805382e-01 4.798387e-01 4.798387e-01 6.995042e-04 6.995042e-04
77 4.852892e-01 4.859631e-01 4.859631e-01 6.738842e-04 6.738842e-04
78 4.884101e-01 4.859631e-01 4.859631e-01 2.447070e-03 2.447070e-03
79 4.895600e-01 4.920347e-01 4.920347e-01 2.474629e-03 2.474629e-03
80 5.033214e-01 5.004553e-01 5.004553e-01 2.866114e-03 2.866114e-03
81 5.047008e-01 5.063607e-01 5.063607e-01 1.659945e-03 1.659945e-03
82 5.051588e-01 5.063607e-01 5.063607e-01 1.201909e-03 1.201909e-03
83 5.122434e-01 5.122080e-01 5.122080e-01 3.538661e-05 3.538661e-05
84 5.206404e-01 5.202194e-01 5.202194e-01 4.209738e-04 4.209738e-04
85 5.263555e-01 5.258991e-01 5.258991e-01 4.563777e-04 4.563777e-04
86 5.268053e-01 5.258991e-01 5.258991e-01 9.061590e-04 9.061590e-04
87 5.300542e-01 5.315169e-01 5.315169e-01 1.462722e-03 1.462722e-03
88 5.397543e-01 5.391437e-01 5.391437e-01 6.106008e-04 6.106008e-04
89 5.436414e-01 5.445944e-01 5.445944e-01 9.530764e-04 9.530764e-04
90 5.446460e-01 5.445944e-01 5.445944e-01 5.161461e-05 5.161461e-05
91 5.513545e-01 5.499807e-01 5.499807e-01 1.373742e-03 1.373742e-03
92 5.571296e-01 5.572464e-01 5.572464e-01 1.167988e-04 1.167988e-04
93 5.615261e-01 5.624679e-01 5.624679e-01 9.417310e-04 9.417310e-04
94 5.627959e-01 5.624679e-01 5.624679e-01 3.280118e-04 3.280118e-04
95 5.669418e-01 5.676235e-01 5.676235e-01 6.817237e-04 6.817237e-04
96 5.754674e-01 5.745504e-01 5.745504e-01 9.170272e-04 9.170272e-04
97 5.794106e-01 5.795446e-01 5.795446e-01 1.339843e-04 1.339843e-04
98 5.800435e-01 5.795446e-01 5.795446e-01 4.989076e-04 4.989076e-04
99 5.840902e-01 5.844725e-01 5.844725e-01 3.822842e-04 3.822842e-04
100 5.902769e-01 5.910815e-01 5.910815e-01 8.046005e-04 8.046005e-04
101 5.958265e-01 5.958522e-01 5.958522e-01 2.566612e-05 2.566612e-05
102 5.960030e-01 5.958522e-01 5.958522e-01 1.507957e-04 1.507957e-04
103 6.009320e-01 6.005570e-01 6.005570e-01 3.749514e-04 3.749514e-04
104 6.063368e-01 6.068678e-01 6.068678e-01 5.310576e-04 5.310576e-04
105 6.123766e-01 6.114203e-01 6.114203e-01 9.563033e-04 9.563033e-04
106 6.129425e-01 6.114203e-01 6.114203e-01 1.522128e-03 1.522128e-03
107 6.141772e-01 6.159079e-01 6.159079e-01 1.730708e-03 1.730708e-03
108 6.213044e-01 6.219388e-01 6.219388e-01 6.343126e-04 6.343126e-04
109 6.261586e-01 6.262794e-01 6.262794e-01 1.207382e-04 1.207382e-04
110 6.263642e-01 6.262794e-01 6.262794e-01 8.479032e-05 8.479032e-05
111 6.325681e-01 6.305564e-01 6.305564e-01 2.011635e-03 2.011635e-03
112 6.372419e-01 6.363244e-01 6.363244e-01 9.174724e-04 9.174724e-04
113 6.376248e-01 6.404602e-01 6.404602e-01 2.835337e-03 2.835337e-03
114 6.409725e-01 6.404602e-01 6.404602e-01 5.122788e-04 5.122788e-04
115 6.442198e-01 6.445341e-01 6.445341e-01 3.143215e-04 3.143215e-04
116 6.501077e-01 6.500551e-01 6.500551e-01 5.267761e-05 5.267761e-05
117 6.540165e-01 6.539935e-01 6.539935e-01 2.295781e-05 2.295781e-05
118 6.563234e-01 6.539935e-01 6.539935e-01 2.329884e-03 2.329884e-03
119 6.569968e-01 6.578722e-01 6.578722e-01 8.753751e-04 8.753751e-04
120 6.613740e-01 6.631607e-01 6.631607e-01 1.786714e-03 1.786714e-03
121 6.667981e-01 6.669097e-01 6.669097e-01 1.116054e-04 1.116054e-04
122 6.701568e-01 6.669097e-01 6.669097e-01 3.247049e-03 3.247049e-03
123 6.711161e-01 6.706011e-01 6.706011e-01 5.150502e-04 5.150502e-04
124 6.722100e-01 6.756709e-01 6.756709e-01 3.460900e-03 3.460900e-03
125 6.791554e-01 6.792384e-01 6.792384e-01 8.300728e-05 8.300728e-05
126 6.791618e-01 6.792384e-01 6.792384e-01 7.661803e-05 7.661803e-05
127 6.831093e-01 6.827505e-01 6.827505e-01 3.587453e-04 3.587453e-04
128 6.883574e-01 6.876142e-01 6.876142e-01 7.432570e-04 7.432570e-04
129 6.903213e-01 6.910082e-01 6.910082e-01 6.868416e-04 6.868416e-04
130 6.933878e-01 6.910082e-01 6.910082e-01 2.379577e-03 2.379577e-03
131 6.940623e-01 6.943491e-01 6.943491e-01 2.868393e-04 2.868393e-04
132 6.967837e-01 6.990183e-01 6.990183e-01 2.234627e-03 2.234627e-03
133 7.019570e-01 7.022467e-01 7.022467e-01 2.897534e-04 2.897534e-04
134 7.034447e-01 7.022467e-01 7.022467e-01 1.197907e-03 1.197907e-03
135 7.056117e-01 7.054245e-01 7.054245e-01 1.871594e-04 1.871594e-04
136 7.095658e-01 7.099100e-01 7.099100e-01 3.441474e-04 3.441474e-04
137 7.125344e-01 7.129806e-01 7.129806e-01 4.461904e-04 4.461904e-04
138 7.142703e-01 7.129806e-01 7.129806e-01 1.289677e-03 1.289677e-03
139 7.146103e-01 7.160029e-01 7.160029e-01 1.392633e-03 1.392633e-03
140 7.200837e-01 7.203146e-01 7.203146e-01 2.309117e-04 2.309117e-04
141 7.244328e-01 7.232350e-01 7.232350e-01 1.197795e-03 1.197795e-03
142 7.249545e-01 7.232350e-01 7.232350e-01 1.719451e-03 1.719451e-03
143 7.269321e-01 7.261094e-01 7.261094e-01 8.227297e-04 8.227297e-04
