# Hello World! This is dune-eigensolver.
# hardware number of threads is 128 number of threads used is 1
# 8 8
# Smallest eigenvalues convergence test

#  n: 28900 A.N(): 28900 br: 1
# GeneralizedInverse:  time_total=1.157066e+02 time_factorization=1.224258e-01 iterations=483

# Arpack: time_total=6.367858e+00 iterations=1

# Eigensolver elapsed time 1.157080e+02

# N= 28900 M= 144 ACCURACY= 7.500000e-01 TOL= 1.000000e-03 THRESHOLD= 9.000000e-02 ESARERROR= 6.577316e-01 ARPERROR= 1.542483e-03 ESANERROR= 0.000000e+00 TIMERATIO= 1.817063e+01 \\

## gen: ftw     ARP-SMALL-TOL  ARPACK-TOL  ES-ARP-SMALL  ES-AR ERROR
00 -1.618714e-15 -1.294537e-16 -1.294537e-16 1.489260e-15 1.489260e-15
01 8.824167e-03 8.824167e-03 8.824167e-03 1.144917e-16 1.144917e-16
02 8.824167e-03 8.824167e-03 8.824167e-03 1.318390e-16 1.318390e-16
03 1.334551e-02 1.334551e-02 1.334551e-02 1.561251e-16 1.561251e-16
04 2.922491e-02 2.922491e-02 2.922491e-02 3.122502e-16 3.122502e-16
05 3.180579e-02 3.180579e-02 3.180579e-02 3.122502e-16 3.122502e-16
06 3.180579e-02 3.180579e-02 3.180579e-02 1.360023e-15 1.360023e-15
07 3.271787e-02 3.271787e-02 3.271787e-02 2.380041e-15 2.380041e-15
08 5.148734e-02 5.148734e-02 5.148734e-02 4.926615e-16 4.926615e-16
09 5.402982e-02 5.402982e-02 5.402982e-02 4.718448e-16 4.718448e-16
10 5.402982e-02 5.402982e-02 5.402982e-02 5.204170e-16 5.204170e-16
11 5.691242e-02 5.691242e-02 5.691242e-02 3.747003e-16 3.747003e-16
12 7.465499e-02 7.465499e-02 7.465499e-02 5.689893e-16 5.689893e-16
13 7.811994e-02 7.811994e-02 7.811994e-02 3.053113e-16 3.053113e-16
14 7.811994e-02 7.811994e-02 7.811994e-02 2.636780e-16 2.636780e-16
15 8.178079e-02 8.178079e-02 8.178079e-02 6.661338e-16 6.661338e-16
16 9.909065e-02 9.909065e-02 9.909065e-02 3.885781e-16 3.885781e-16
17 1.033071e-01 1.033071e-01 1.033071e-01 3.330669e-16 3.330669e-16
18 1.033071e-01 1.033071e-01 1.033071e-01 2.359224e-16 2.359224e-16
19 1.077383e-01 1.077383e-01 1.077383e-01 3.191891e-16 3.191891e-16
20 1.245339e-01 1.245339e-01 1.245339e-01 2.498002e-16 2.498002e-16
21 1.294174e-01 1.294174e-01 1.294174e-01 1.942890e-16 1.942890e-16
22 1.294174e-01 1.294174e-01 1.294174e-01 1.665335e-16 1.665335e-16
23 1.345070e-01 1.345070e-01 1.345070e-01 4.718448e-16 4.718448e-16
24 1.507634e-01 1.507634e-01 1.507634e-01 4.718448e-16 4.718448e-16
25 1.562201e-01 1.562201e-01 1.562201e-01 1.665335e-16 1.665335e-16
26 1.562201e-01 1.562201e-01 1.562201e-01 8.881784e-16 8.881784e-16
27 1.618697e-01 1.618697e-01 1.618697e-01 1.360023e-15 1.360023e-15
28 1.775528e-01 1.775528e-01 1.775528e-01 5.273559e-16 5.273559e-16
29 1.834876e-01 1.834876e-01 1.834876e-01 1.110223e-16 1.110223e-16
30 1.834876e-01 1.834876e-01 1.834876e-01 5.551115e-16 5.551115e-16
31 1.895946e-01 1.895946e-01 1.895946e-01 9.992007e-16 9.992007e-16
32 2.046808e-01 2.046808e-01 2.046808e-01 2.303713e-15 2.303713e-15
33 2.109993e-01 2.109993e-01 2.109993e-01 6.661338e-16 6.661338e-16
34 2.109993e-01 2.109993e-01 2.109993e-01 3.053113e-16 3.053113e-16
35 2.174667e-01 2.174667e-01 2.174667e-01 1.498801e-15 1.498801e-15
36 2.319382e-01 2.319382e-01 2.319382e-01 6.171064e-12 6.171064e-12
37 2.385492e-01 2.385492e-01 2.385492e-01 4.412803e-12 4.412803e-12
38 2.385492e-01 2.385492e-01 2.385492e-01 1.730754e-12 1.730754e-12
39 2.452832e-01 2.452832e-01 2.452832e-01 2.889355e-14 2.889355e-14
40 2.591323e-01 2.591323e-01 2.591323e-01 3.315459e-12 3.315459e-12
41 2.659497e-01 2.659497e-01 2.659497e-01 2.965406e-12 2.965406e-12
42 2.659497e-01 2.659497e-01 2.659497e-01 1.314504e-13 1.314504e-13
43 2.728643e-01 2.728643e-01 2.728643e-01 4.825029e-13 4.825029e-13
44 2.860903e-01 2.860903e-01 2.860903e-01 2.374712e-12 2.374712e-12
45 2.930352e-01 2.930352e-01 2.930352e-01 2.325973e-12 2.325973e-12
46 2.930352e-01 2.930352e-01 2.930352e-01 4.350187e-12 4.350187e-12
47 3.000517e-01 3.000517e-01 3.000517e-01 4.399481e-12 4.399481e-12
48 3.126619e-01 3.126619e-01 3.126619e-01 1.450562e-12 1.450562e-12
49 3.196634e-01 3.196634e-01 3.196634e-01 3.981926e-12 3.981926e-12
50 3.196634e-01 3.196634e-01 3.196634e-01 1.245426e-11 1.245426e-11
51 3.267126e-01 3.267126e-01 3.267126e-01 1.788703e-11 1.788703e-11
52 3.387198e-01 3.387198e-01 3.387198e-01 1.203102e-10 1.203102e-10
53 3.457155e-01 3.457155e-01 3.457155e-01 7.215956e-11 7.215956e-11
54 3.457155e-01 3.457155e-01 3.457155e-01 4.524431e-11 4.524431e-11
55 3.527372e-01 3.527372e-01 3.527372e-01 2.898959e-12 2.898959e-12
56 3.641593e-01 3.641593e-01 3.641593e-01 2.156161e-10 2.156161e-10
57 3.710960e-01 3.710960e-01 3.710960e-01 2.117768e-10 2.117768e-10
58 3.710960e-01 3.710960e-01 3.710960e-01 4.121492e-09 4.121492e-09
59 3.780392e-01 3.780392e-01 3.780392e-01 4.125339e-09 4.125339e-09
60 3.888978e-01 3.888975e-01 3.888975e-01 3.070126e-07 3.070126e-07
61 3.957302e-01 3.957305e-01 3.957305e-01 3.065865e-07 3.065865e-07
62 3.957305e-01 3.957305e-01 3.957305e-01 3.510013e-10 3.510013e-10
63 4.025532e-01 4.025532e-01 4.025532e-01 7.771525e-10 7.771525e-10
64 4.128719e-01 4.128718e-01 4.128718e-01 1.566443e-07 1.566443e-07
65 4.195643e-01 4.195645e-01 4.195645e-01 1.480602e-07 1.480602e-07
66 4.195645e-01 4.195645e-01 4.195645e-01 5.423337e-09 5.423337e-09
67 4.262328e-01 4.262328e-01 4.262328e-01 3.125465e-09 3.125465e-09
68 4.360371e-01 4.360371e-01 4.360371e-01 7.330612e-09 7.330612e-09
69 4.425606e-01 4.425606e-01 4.425606e-01 4.429514e-09 4.429514e-09
70 4.425606e-01 4.425606e-01 4.425606e-01 6.609117e-10 6.609117e-10
71 4.490480e-01 4.490480e-01 4.490480e-01 5.793167e-10 5.793167e-10
72 4.583646e-01 4.583646e-01 4.583646e-01 6.982146e-09 6.982146e-09
73 4.646967e-01 4.646967e-01 4.646967e-01 1.178095e-08 1.178095e-08
74 4.646967e-01 4.646967e-01 4.646967e-01 2.945075e-08 2.945075e-08
75 4.709832e-01 4.709833e-01 4.709833e-01 4.989577e-08 4.989577e-08
76 4.798392e-01 4.798387e-01 4.798387e-01 4.877656e-07 4.877656e-07
77 4.859626e-01 4.859631e-01 4.859631e-01 4.702526e-07 4.702526e-07
78 4.859660e-01 4.859631e-01 4.859631e-01 2.952723e-06 2.952723e-06
79 4.920317e-01 4.920347e-01 4.920347e-01 2.970250e-06 2.970250e-06
80 5.004613e-01 5.004553e-01 5.004553e-01 5.970286e-06 5.970286e-06
81 5.063564e-01 5.063607e-01 5.063607e-01 4.347540e-06 4.347540e-06
82 5.063591e-01 5.063607e-01 5.063607e-01 1.620414e-06 1.620414e-06
83 5.122080e-01 5.122080e-01 5.122080e-01 2.255992e-09 2.255992e-09
84 5.202203e-01 5.202194e-01 5.202194e-01 8.822664e-07 8.822664e-07
85 5.259002e-01 5.258991e-01 5.258991e-01 1.035767e-06 1.035767e-06
86 5.259027e-01 5.258991e-01 5.258991e-01 3.542758e-06 3.542758e-06
87 5.315115e-01 5.315169e-01 5.315169e-01 5.407818e-06 5.407818e-06
88 5.391462e-01 5.391437e-01 5.391437e-01 2.501315e-06 2.501315e-06
89 5.445919e-01 5.445944e-01 5.445944e-01 2.513305e-06 2.513305e-06
90 5.445946e-01 5.445944e-01 5.445944e-01 1.730609e-07 1.730609e-07
91 5.500110e-01 5.499807e-01 5.499807e-01 3.021897e-05 3.021897e-05
92 5.572181e-01 5.572464e-01 5.572464e-01 2.836231e-05 2.836231e-05
93 5.624676e-01 5.624679e-01 5.624679e-01 3.153105e-07 3.153105e-07
94 5.626388e-01 5.624679e-01 5.624679e-01 1.709631e-04 1.709631e-04
95 5.674508e-01 5.676235e-01 5.676235e-01 1.727077e-04 1.727077e-04
96 5.745573e-01 5.745504e-01 5.745504e-01 6.897400e-06 6.897400e-06
97 5.795431e-01 5.795446e-01 5.795446e-01 1.491488e-06 1.491488e-06
98 5.795437e-01 5.795446e-01 5.795446e-01 8.765535e-07 8.765535e-07
99 5.844694e-01 5.844725e-01 5.844725e-01 3.089344e-06 3.089344e-06
100 5.910811e-01 5.910815e-01 5.910815e-01 3.887326e-07 3.887326e-07
101 5.958519e-01 5.958522e-01 5.958522e-01 2.781355e-07 2.781355e-07
102 5.958540e-01 5.958522e-01 5.958522e-01 1.783814e-06 1.783814e-06
103 6.005557e-01 6.005570e-01 6.005570e-01 1.307912e-06 1.307912e-06
104 6.068674e-01 6.068678e-01 6.068678e-01 4.363315e-07 4.363315e-07
105 6.114464e-01 6.114203e-01 6.114203e-01 2.609485e-05 2.609485e-05
106 6.114616e-01 6.114203e-01 6.114203e-01 4.128042e-05 4.128042e-05
107 6.158419e-01 6.159079e-01 6.159079e-01 6.598909e-05 6.598909e-05
108 6.219387e-01 6.219388e-01 6.219388e-01 9.219925e-08 9.219925e-08
109 6.262777e-01 6.262794e-01 6.262794e-01 1.637975e-06 1.637975e-06
110 6.262793e-01 6.262794e-01 6.262794e-01 6.668684e-08 6.668684e-08
111 6.305619e-01 6.305564e-01 6.305564e-01 5.498365e-06 5.498365e-06
112 6.365333e-01 6.363244e-01 6.363244e-01 2.089094e-04 2.089094e-04
113 6.402489e-01 6.404602e-01 6.404602e-01 2.112910e-04 2.112910e-04
114 6.404663e-01 6.404602e-01 6.404602e-01 6.142345e-06 6.142345e-06
115 6.445253e-01 6.445341e-01 6.445341e-01 8.816640e-06 8.816640e-06
116 6.500647e-01 6.500551e-01 6.500551e-01 9.624205e-06 9.624205e-06
117 6.539923e-01 6.539935e-01 6.539935e-01 1.213199e-06 1.213199e-06
118 6.541810e-01 6.539935e-01 6.539935e-01 1.875171e-04 1.875171e-04
119 6.576802e-01 6.578722e-01 6.578722e-01 1.919952e-04 1.919952e-04
120 6.631612e-01 6.631607e-01 6.631607e-01 4.606622e-07 4.606622e-07
121 6.669047e-01 6.669097e-01 6.669097e-01 5.064938e-06 5.064938e-06
122 6.669257e-01 6.669097e-01 6.669097e-01 1.592312e-05 1.592312e-05
123 6.712292e-01 6.706011e-01 6.706011e-01 6.281474e-04 6.281474e-04
124 6.765743e-01 6.756709e-01 6.756709e-01 9.033682e-04 9.033682e-04
125 6.776959e-01 6.792384e-01 6.792384e-01 1.542483e-03 1.542483e-03
126 6.792369e-01 6.792384e-01 6.792384e-01 1.527432e-06 1.527432e-06
127 6.827475e-01 6.827505e-01 6.827505e-01 2.983329e-06 2.983329e-06
128 6.876456e-01 6.876142e-01 6.876142e-01 3.148093e-05 3.148093e-05
129 6.909887e-01 6.910082e-01 6.910082e-01 1.949200e-05 1.949200e-05
130 6.915203e-01 6.910082e-01 6.910082e-01 5.121116e-04 5.121116e-04
131 6.938919e-01 6.943491e-01 6.943491e-01 4.572842e-04 4.572842e-04
132 6.989565e-01 6.990183e-01 6.990183e-01 6.179893e-05 6.179893e-05
133 7.022452e-01 7.022467e-01 7.022467e-01 1.560555e-06 1.560555e-06
134 7.023472e-01 7.022467e-01 7.022467e-01 1.004128e-04 1.004128e-04
135 7.053426e-01 7.054245e-01 7.054245e-01 8.194638e-05 8.194638e-05
136 7.099578e-01 7.099100e-01 7.099100e-01 4.780526e-05 4.780526e-05
137 7.129742e-01 7.129806e-01 7.129806e-01 6.423108e-06 6.423108e-06
138 7.132071e-01 7.129806e-01 7.129806e-01 2.264878e-04 2.264878e-04
139 7.157319e-01 7.160029e-01 7.160029e-01 2.709576e-04 2.709576e-04
140 7.203254e-01 7.203146e-01 7.203146e-01 1.079759e-05 1.079759e-05
141 7.235706e-01 7.232350e-01 7.232350e-01 3.355218e-04 3.355218e-04
142 7.239476e-01 7.232350e-01 7.232350e-01 7.126050e-04 7.126050e-04
143 7.250472e-01 7.261094e-01 7.261094e-01 1.062219e-03 1.062219e-03
