# Hello World! This is dune-eigensolver.
# hardware number of threads is 128 number of threads used is 1
# 8 8
# Smallest eigenvalues convergence test

#  n: 28900 A.N(): 28900 br: 1
# GeneralizedInverse:  time_total=1.435424e+00 time_factorization=9.614103e-02 iterations=5

# Arpack: time_total=6.321675e+00 iterations=1

# Eigensolver elapsed time 1.438198e+00

# N= 28900 M= 144 ACCURACY= 2.500000e-01 TOL= 1.000000e-01 THRESHOLD= 9.000000e-02 ESARERROR= 8.745788e-01 ARPERROR= 2.937149e-01 ESANERROR= 0.000000e+00 TIMERATIO= 2.275028e-01 \\

## gen: ftw     ARP-SMALL-TOL  ARPACK-TOL  ES-ARP-SMALL  ES-AR ERROR
00 9.085234e-10 -1.294537e-16 -1.294537e-16 9.085235e-10 9.085235e-10
01 8.825731e-03 8.824167e-03 8.824167e-03 1.563784e-06 1.563784e-06
02 8.879666e-03 8.824167e-03 8.824167e-03 5.549890e-05 5.549890e-05
03 1.331092e-02 1.334551e-02 1.334551e-02 3.458899e-05 3.458899e-05
04 3.022332e-02 2.922491e-02 2.922491e-02 9.984136e-04 9.984136e-04
05 3.171293e-02 3.180579e-02 3.180579e-02 9.286736e-05 9.286736e-05
06 3.222980e-02 3.180579e-02 3.180579e-02 4.240107e-04 4.240107e-04
07 3.696359e-02 3.271787e-02 3.271787e-02 4.245719e-03 4.245719e-03
08 4.868214e-02 5.148734e-02 5.148734e-02 2.805197e-03 2.805197e-03
09 5.383776e-02 5.402982e-02 5.402982e-02 1.920590e-04 1.920590e-04
10 5.522813e-02 5.402982e-02 5.402982e-02 1.198304e-03 1.198304e-03
11 5.685340e-02 5.691242e-02 5.691242e-02 5.901543e-05 5.901543e-05
12 7.623106e-02 7.465499e-02 7.465499e-02 1.576071e-03 1.576071e-03
13 8.137116e-02 7.811994e-02 7.811994e-02 3.251222e-03 3.251222e-03
14 8.311600e-02 7.811994e-02 7.811994e-02 4.996067e-03 4.996067e-03
15 9.061389e-02 8.178079e-02 8.178079e-02 8.833097e-03 8.833097e-03
16 9.767605e-02 9.909065e-02 9.909065e-02 1.414601e-03 1.414601e-03
17 1.018947e-01 1.033071e-01 1.033071e-01 1.412432e-03 1.412432e-03
18 1.098990e-01 1.033071e-01 1.033071e-01 6.591811e-03 6.591811e-03
19 1.202044e-01 1.077383e-01 1.077383e-01 1.246602e-02 1.246602e-02
20 1.277453e-01 1.245339e-01 1.245339e-01 3.211367e-03 3.211367e-03
21 1.338564e-01 1.294174e-01 1.294174e-01 4.439014e-03 4.439014e-03
22 1.360275e-01 1.294174e-01 1.294174e-01 6.610101e-03 6.610101e-03
23 1.392100e-01 1.345070e-01 1.345070e-01 4.703002e-03 4.703002e-03
24 1.452073e-01 1.507634e-01 1.507634e-01 5.556114e-03 5.556114e-03
25 1.473988e-01 1.562201e-01 1.562201e-01 8.821310e-03 8.821310e-03
26 1.716041e-01 1.562201e-01 1.562201e-01 1.538401e-02 1.538401e-02
27 1.762924e-01 1.618697e-01 1.618697e-01 1.442273e-02 1.442273e-02
28 1.827529e-01 1.775528e-01 1.775528e-01 5.200142e-03 5.200142e-03
29 1.852185e-01 1.834876e-01 1.834876e-01 1.730951e-03 1.730951e-03
30 1.855468e-01 1.834876e-01 1.834876e-01 2.059254e-03 2.059254e-03
31 2.056794e-01 1.895946e-01 1.895946e-01 1.608474e-02 1.608474e-02
32 2.072907e-01 2.046808e-01 2.046808e-01 2.609872e-03 2.609872e-03
33 2.238822e-01 2.109993e-01 2.109993e-01 1.288283e-02 1.288283e-02
34 2.358916e-01 2.109993e-01 2.109993e-01 2.489227e-02 2.489227e-02
35 2.495674e-01 2.174667e-01 2.174667e-01 3.210069e-02 3.210069e-02
36 2.504215e-01 2.319382e-01 2.319382e-01 1.848326e-02 1.848326e-02
37 2.526071e-01 2.385492e-01 2.385492e-01 1.405792e-02 1.405792e-02
38 2.533468e-01 2.385492e-01 2.385492e-01 1.479762e-02 1.479762e-02
39 2.649838e-01 2.452832e-01 2.452832e-01 1.970062e-02 1.970062e-02
40 2.714628e-01 2.591323e-01 2.591323e-01 1.233053e-02 1.233053e-02
41 2.819369e-01 2.659497e-01 2.659497e-01 1.598715e-02 1.598715e-02
42 2.909921e-01 2.659497e-01 2.659497e-01 2.504235e-02 2.504235e-02
43 2.937694e-01 2.728643e-01 2.728643e-01 2.090510e-02 2.090510e-02
44 3.167318e-01 2.860903e-01 2.860903e-01 3.064149e-02 3.064149e-02
45 3.310436e-01 2.930352e-01 2.930352e-01 3.800838e-02 3.800838e-02
46 3.579365e-01 2.930352e-01 2.930352e-01 6.490131e-02 6.490131e-02
47 3.581315e-01 3.000517e-01 3.000517e-01 5.807982e-02 5.807982e-02
48 3.814022e-01 3.126619e-01 3.126619e-01 6.874031e-02 6.874031e-02
49 4.020721e-01 3.196634e-01 3.196634e-01 8.240875e-02 8.240875e-02
50 4.345931e-01 3.196634e-01 3.196634e-01 1.149297e-01 1.149297e-01
51 4.506814e-01 3.267126e-01 3.267126e-01 1.239689e-01 1.239689e-01
52 4.523545e-01 3.387198e-01 3.387198e-01 1.136347e-01 1.136347e-01
53 4.598259e-01 3.457155e-01 3.457155e-01 1.141104e-01 1.141104e-01
54 5.325307e-01 3.457155e-01 3.457155e-01 1.868152e-01 1.868152e-01
55 5.338989e-01 3.527372e-01 3.527372e-01 1.811617e-01 1.811617e-01
56 5.352425e-01 3.641593e-01 3.641593e-01 1.710833e-01 1.710833e-01
57 5.367984e-01 3.710960e-01 3.710960e-01 1.657024e-01 1.657024e-01
58 5.607186e-01 3.710960e-01 3.710960e-01 1.896227e-01 1.896227e-01
59 5.808880e-01 3.780392e-01 3.780392e-01 2.028488e-01 2.028488e-01
60 5.938499e-01 3.888975e-01 3.888975e-01 2.049524e-01 2.049524e-01
61 6.202373e-01 3.957305e-01 3.957305e-01 2.245068e-01 2.245068e-01
62 6.240262e-01 3.957305e-01 3.957305e-01 2.282957e-01 2.282957e-01
63 6.259051e-01 4.025532e-01 4.025532e-01 2.233519e-01 2.233519e-01
64 6.502189e-01 4.128718e-01 4.128718e-01 2.373471e-01 2.373471e-01
65 6.535302e-01 4.195645e-01 4.195645e-01 2.339657e-01 2.339657e-01
66 6.555101e-01 4.195645e-01 4.195645e-01 2.359456e-01 2.359456e-01
67 6.593359e-01 4.262328e-01 4.262328e-01 2.331031e-01 2.331031e-01
68 6.679897e-01 4.360371e-01 4.360371e-01 2.319526e-01 2.319526e-01
69 6.704849e-01 4.425606e-01 4.425606e-01 2.279243e-01 2.279243e-01
70 6.723315e-01 4.425606e-01 4.425606e-01 2.297708e-01 2.297708e-01
71 7.018924e-01 4.490480e-01 4.490480e-01 2.528444e-01 2.528444e-01
72 7.059999e-01 4.583646e-01 4.583646e-01 2.476353e-01 2.476353e-01
73 7.180842e-01 4.646967e-01 4.646967e-01 2.533875e-01 2.533875e-01
74 7.212722e-01 4.646967e-01 4.646967e-01 2.565755e-01 2.565755e-01
75 7.324235e-01 4.709833e-01 4.709833e-01 2.614402e-01 2.614402e-01
76 7.358269e-01 4.798387e-01 4.798387e-01 2.559882e-01 2.559882e-01
77 7.544671e-01 4.859631e-01 4.859631e-01 2.685041e-01 2.685041e-01
78 7.545911e-01 4.859631e-01 4.859631e-01 2.686281e-01 2.686281e-01
79 7.689138e-01 4.920347e-01 4.920347e-01 2.768791e-01 2.768791e-01
80 7.803079e-01 5.004553e-01 5.004553e-01 2.798526e-01 2.798526e-01
81 7.891523e-01 5.063607e-01 5.063607e-01 2.827916e-01 2.827916e-01
82 7.959353e-01 5.063607e-01 5.063607e-01 2.895746e-01 2.895746e-01
83 8.057560e-01 5.122080e-01 5.122080e-01 2.935479e-01 2.935479e-01
84 8.099677e-01 5.202194e-01 5.202194e-01 2.897483e-01 2.897483e-01
85 8.101187e-01 5.258991e-01 5.258991e-01 2.842195e-01 2.842195e-01
86 8.105846e-01 5.258991e-01 5.258991e-01 2.846854e-01 2.846854e-01
87 8.154724e-01 5.315169e-01 5.315169e-01 2.839555e-01 2.839555e-01
88 8.180881e-01 5.391437e-01 5.391437e-01 2.789444e-01 2.789444e-01
89 8.332827e-01 5.445944e-01 5.445944e-01 2.886882e-01 2.886882e-01
90 8.371860e-01 5.445944e-01 5.445944e-01 2.925916e-01 2.925916e-01
91 8.436956e-01 5.499807e-01 5.499807e-01 2.937149e-01 2.937149e-01
92 8.462404e-01 5.572464e-01 5.572464e-01 2.889940e-01 2.889940e-01
93 8.481813e-01 5.624679e-01 5.624679e-01 2.857134e-01 2.857134e-01
94 8.555208e-01 5.624679e-01 5.624679e-01 2.930529e-01 2.930529e-01
95 8.559112e-01 5.676235e-01 5.676235e-01 2.882876e-01 2.882876e-01
96 8.630226e-01 5.745504e-01 5.745504e-01 2.884722e-01 2.884722e-01
97 8.634320e-01 5.795446e-01 5.795446e-01 2.838875e-01 2.838875e-01
98 8.649105e-01 5.795446e-01 5.795446e-01 2.853659e-01 2.853659e-01
99 8.654095e-01 5.844725e-01 5.844725e-01 2.809370e-01 2.809370e-01
100 8.672068e-01 5.910815e-01 5.910815e-01 2.761253e-01 2.761253e-01
101 8.734286e-01 5.958522e-01 5.958522e-01 2.775763e-01 2.775763e-01
102 8.753576e-01 5.958522e-01 5.958522e-01 2.795054e-01 2.795054e-01
103 8.757660e-01 6.005570e-01 6.005570e-01 2.752089e-01 2.752089e-01
104 8.762866e-01 6.068678e-01 6.068678e-01 2.694188e-01 2.694188e-01
105 8.769147e-01 6.114203e-01 6.114203e-01 2.654944e-01 2.654944e-01
106 8.773335e-01 6.114203e-01 6.114203e-01 2.659132e-01 2.659132e-01
107 8.787860e-01 6.159079e-01 6.159079e-01 2.628781e-01 2.628781e-01
108 8.802506e-01 6.219388e-01 6.219388e-01 2.583118e-01 2.583118e-01
109 8.806759e-01 6.262794e-01 6.262794e-01 2.543966e-01 2.543966e-01
110 8.818592e-01 6.262794e-01 6.262794e-01 2.555798e-01 2.555798e-01
111 8.873564e-01 6.305564e-01 6.305564e-01 2.568000e-01 2.568000e-01
112 8.886582e-01 6.363244e-01 6.363244e-01 2.523338e-01 2.523338e-01
113 8.912071e-01 6.404602e-01 6.404602e-01 2.507470e-01 2.507470e-01
114 8.912985e-01 6.404602e-01 6.404602e-01 2.508383e-01 2.508383e-01
115 8.913408e-01 6.445341e-01 6.445341e-01 2.468066e-01 2.468066e-01
116 8.923118e-01 6.500551e-01 6.500551e-01 2.422567e-01 2.422567e-01
117 8.923572e-01 6.539935e-01 6.539935e-01 2.383637e-01 2.383637e-01
118 9.009879e-01 6.539935e-01 6.539935e-01 2.469944e-01 2.469944e-01
119 9.025671e-01 6.578722e-01 6.578722e-01 2.446950e-01 2.446950e-01
120 9.055733e-01 6.631607e-01 6.631607e-01 2.424126e-01 2.424126e-01
121 9.075106e-01 6.669097e-01 6.669097e-01 2.406009e-01 2.406009e-01
122 9.076406e-01 6.669097e-01 6.669097e-01 2.407309e-01 2.407309e-01
123 9.086179e-01 6.706011e-01 6.706011e-01 2.380169e-01 2.380169e-01
124 9.093361e-01 6.756709e-01 6.756709e-01 2.336652e-01 2.336652e-01
125 9.108969e-01 6.792384e-01 6.792384e-01 2.316585e-01 2.316585e-01
126 9.110130e-01 6.792384e-01 6.792384e-01 2.317746e-01 2.317746e-01
127 9.110857e-01 6.827505e-01 6.827505e-01 2.283352e-01 2.283352e-01
128 9.111608e-01 6.876142e-01 6.876142e-01 2.235466e-01 2.235466e-01
129 9.112403e-01 6.910082e-01 6.910082e-01 2.202321e-01 2.202321e-01
130 9.117412e-01 6.910082e-01 6.910082e-01 2.207330e-01 2.207330e-01
131 9.129443e-01 6.943491e-01 6.943491e-01 2.185951e-01 2.185951e-01
132 9.148893e-01 6.990183e-01 6.990183e-01 2.158710e-01 2.158710e-01
133 9.149325e-01 7.022467e-01 7.022467e-01 2.126858e-01 2.126858e-01
134 9.149371e-01 7.022467e-01 7.022467e-01 2.126904e-01 2.126904e-01
135 9.155447e-01 7.054245e-01 7.054245e-01 2.101202e-01 2.101202e-01
136 9.172137e-01 7.099100e-01 7.099100e-01 2.073037e-01 2.073037e-01
137 9.185896e-01 7.129806e-01 7.129806e-01 2.056090e-01 2.056090e-01
138 9.191460e-01 7.129806e-01 7.129806e-01 2.061655e-01 2.061655e-01
139 9.238154e-01 7.160029e-01 7.160029e-01 2.078125e-01 2.078125e-01
140 9.272408e-01 7.203146e-01 7.203146e-01 2.069261e-01 2.069261e-01
141 9.307334e-01 7.232350e-01 7.232350e-01 2.074984e-01 2.074984e-01
142 9.312565e-01 7.232350e-01 7.232350e-01 2.080215e-01 2.080215e-01
143 9.418944e-01 7.261094e-01 7.261094e-01 2.157850e-01 2.157850e-01
