# Hello World! This is dune-eigensolver.
# hardware number of threads is 128 number of threads used is 1
# 8 8
# Smallest eigenvalues convergence test

#  n: 28900 A.N(): 28900 br: 1
# GeneralizedInverse:  time_total=1.980699e+01 time_factorization=9.774475e-02 iterations=80

# Arpack: time_total=6.391568e+00 iterations=1

# Eigensolver elapsed time 1.981039e+01

# N= 28900 M= 144 ACCURACY= 7.500000e-01 TOL= 2.000000e-02 THRESHOLD= 9.000000e-02 ESARERROR= 6.623179e-01 ARPERROR= 5.746087e-03 ESANERROR= 0.000000e+00 TIMERATIO= 3.099457e+00 \\

## gen: ftw     ARP-SMALL-TOL  ARPACK-TOL  ES-ARP-SMALL  ES-AR ERROR
00 -1.618714e-15 -1.294537e-16 -1.294537e-16 1.489260e-15 1.489260e-15
01 8.824167e-03 8.824167e-03 8.824167e-03 4.163336e-17 4.163336e-17
02 8.824167e-03 8.824167e-03 8.824167e-03 9.367507e-17 9.367507e-17
03 1.334551e-02 1.334551e-02 1.334551e-02 1.700029e-16 1.700029e-16
04 2.922491e-02 2.922491e-02 2.922491e-02 2.578060e-09 2.578060e-09
05 3.180580e-02 3.180579e-02 3.180579e-02 1.034749e-08 1.034749e-08
06 3.181282e-02 3.180579e-02 3.180579e-02 7.023497e-06 7.023497e-06
07 3.271083e-02 3.271787e-02 3.271787e-02 7.036423e-06 7.036423e-06
08 5.149184e-02 5.148734e-02 5.148734e-02 4.503399e-06 4.503399e-06
09 5.402837e-02 5.402982e-02 5.402982e-02 1.454060e-06 1.454060e-06
10 5.402967e-02 5.402982e-02 5.402982e-02 1.550470e-07 1.550470e-07
11 5.690952e-02 5.691242e-02 5.691242e-02 2.894292e-06 2.894292e-06
12 7.473101e-02 7.465499e-02 7.465499e-02 7.602301e-05 7.602301e-05
13 7.804525e-02 7.811994e-02 7.811994e-02 7.468438e-05 7.468438e-05
14 7.812177e-02 7.811994e-02 7.811994e-02 1.833504e-06 1.833504e-06
15 8.177762e-02 8.178079e-02 8.178079e-02 3.172127e-06 3.172127e-06
16 9.924704e-02 9.909065e-02 9.909065e-02 1.563876e-04 1.563876e-04
17 1.031941e-01 1.033071e-01 1.033071e-01 1.130321e-04 1.130321e-04
18 1.032647e-01 1.033071e-01 1.033071e-01 4.247164e-05 4.247164e-05
19 1.077375e-01 1.077383e-01 1.077383e-01 8.838688e-07 8.838688e-07
20 1.246181e-01 1.245339e-01 1.245339e-01 8.423071e-05 8.423071e-05
21 1.293775e-01 1.294174e-01 1.294174e-01 3.987236e-05 3.987236e-05
22 1.294927e-01 1.294174e-01 1.294174e-01 7.532205e-05 7.532205e-05
23 1.343873e-01 1.345070e-01 1.345070e-01 1.196804e-04 1.196804e-04
24 1.507654e-01 1.507634e-01 1.507634e-01 1.907535e-06 1.907535e-06
25 1.563028e-01 1.562201e-01 1.562201e-01 8.262416e-05 8.262416e-05
26 1.575916e-01 1.562201e-01 1.562201e-01 1.371421e-03 1.371421e-03
27 1.604138e-01 1.618697e-01 1.618697e-01 1.455902e-03 1.455902e-03
28 1.775574e-01 1.775528e-01 1.775528e-01 4.677856e-06 4.677856e-06
29 1.834876e-01 1.834876e-01 1.834876e-01 4.753679e-08 4.753679e-08
30 1.837216e-01 1.834876e-01 1.834876e-01 2.340656e-04 2.340656e-04
31 1.893945e-01 1.895946e-01 1.895946e-01 2.001706e-04 2.001706e-04
32 2.047422e-01 2.046808e-01 2.046808e-01 6.140889e-05 6.140889e-05
33 2.109573e-01 2.109993e-01 2.109993e-01 4.199757e-05 4.199757e-05
34 2.109866e-01 2.109993e-01 2.109993e-01 1.273664e-05 1.273664e-05
35 2.174219e-01 2.174667e-01 2.174667e-01 4.482907e-05 4.482907e-05
36 2.344785e-01 2.319382e-01 2.319382e-01 2.540252e-03 2.540252e-03
37 2.373525e-01 2.385492e-01 2.385492e-01 1.196702e-03 1.196702e-03
38 2.376381e-01 2.385492e-01 2.385492e-01 9.111456e-04 9.111456e-04
39 2.448517e-01 2.452832e-01 2.452832e-01 4.314717e-04 4.314717e-04
40 2.616608e-01 2.591323e-01 2.591323e-01 2.528518e-03 2.528518e-03
41 2.637602e-01 2.659497e-01 2.659497e-01 2.189534e-03 2.189534e-03
42 2.660262e-01 2.659497e-01 2.659497e-01 7.644823e-05 7.644823e-05
43 2.724487e-01 2.728643e-01 2.728643e-01 4.155916e-04 4.155916e-04
44 2.866024e-01 2.860903e-01 2.860903e-01 5.120955e-04 5.120955e-04
45 2.925371e-01 2.930352e-01 2.930352e-01 4.980714e-04 4.980714e-04
46 2.937378e-01 2.930352e-01 2.930352e-01 7.026191e-04 7.026191e-04
47 3.007364e-01 3.000517e-01 3.000517e-01 6.846676e-04 6.846676e-04
48 3.113368e-01 3.126619e-01 3.126619e-01 1.325148e-03 1.325148e-03
49 3.197973e-01 3.196634e-01 3.196634e-01 1.338817e-04 1.338817e-04
50 3.201295e-01 3.196634e-01 3.196634e-01 4.660836e-04 4.660836e-04
51 3.262005e-01 3.267126e-01 3.267126e-01 5.121234e-04 5.121234e-04
52 3.398875e-01 3.387198e-01 3.387198e-01 1.167699e-03 1.167699e-03
53 3.449959e-01 3.457155e-01 3.457155e-01 7.196269e-04 7.196269e-04
54 3.452150e-01 3.457155e-01 3.457155e-01 5.004964e-04 5.004964e-04
55 3.537047e-01 3.527372e-01 3.527372e-01 9.674938e-04 9.674938e-04
56 3.639181e-01 3.641593e-01 3.641593e-01 2.411353e-04 2.411353e-04
57 3.702879e-01 3.710960e-01 3.710960e-01 8.080639e-04 8.080639e-04
58 3.735899e-01 3.710960e-01 3.710960e-01 2.493929e-03 2.493929e-03
59 3.755325e-01 3.780392e-01 3.780392e-01 2.506777e-03 2.506777e-03
60 3.893616e-01 3.888975e-01 3.888975e-01 4.640687e-04 4.640687e-04
61 3.959011e-01 3.957305e-01 3.957305e-01 1.705501e-04 1.705501e-04
62 3.959127e-01 3.957305e-01 3.957305e-01 1.822312e-04 1.822312e-04
63 4.019521e-01 4.025532e-01 4.025532e-01 6.011117e-04 6.011117e-04
64 4.155412e-01 4.128718e-01 4.128718e-01 2.669479e-03 2.669479e-03
65 4.175466e-01 4.195645e-01 4.195645e-01 2.017898e-03 2.017898e-03
66 4.196834e-01 4.195645e-01 4.195645e-01 1.189457e-04 1.189457e-04
67 4.288547e-01 4.262328e-01 4.262328e-01 2.621901e-03 2.621901e-03
68 4.334493e-01 4.360371e-01 4.360371e-01 2.587826e-03 2.587826e-03
69 4.420726e-01 4.425606e-01 4.425606e-01 4.880634e-04 4.880634e-04
70 4.424916e-01 4.425606e-01 4.425606e-01 6.898681e-05 6.898681e-05
71 4.513243e-01 4.490480e-01 4.490480e-01 2.276261e-03 2.276261e-03
72 4.562604e-01 4.583646e-01 4.583646e-01 2.104256e-03 2.104256e-03
73 4.654500e-01 4.646967e-01 4.646967e-01 7.533506e-04 7.533506e-04
74 4.666011e-01 4.646967e-01 4.646967e-01 1.904409e-03 1.904409e-03
75 4.702112e-01 4.709833e-01 4.709833e-01 7.720503e-04 7.720503e-04
76 4.800820e-01 4.798387e-01 4.798387e-01 2.432271e-04 2.432271e-04
77 4.836940e-01 4.859631e-01 4.859631e-01 2.269094e-03 2.269094e-03
78 4.869973e-01 4.859631e-01 4.859631e-01 1.034206e-03 1.034206e-03
79 4.915764e-01 4.920347e-01 4.920347e-01 4.582655e-04 4.582655e-04
80 5.022132e-01 5.004553e-01 5.004553e-01 1.757886e-03 1.757886e-03
81 5.051289e-01 5.063607e-01 5.063607e-01 1.231822e-03 1.231822e-03
82 5.064011e-01 5.063607e-01 5.063607e-01 4.033942e-05 4.033942e-05
83 5.126560e-01 5.122080e-01 5.122080e-01 4.479272e-04 4.479272e-04
84 5.215538e-01 5.202194e-01 5.202194e-01 1.334431e-03 1.334431e-03
85 5.247238e-01 5.258991e-01 5.258991e-01 1.175305e-03 1.175305e-03
86 5.294977e-01 5.258991e-01 5.258991e-01 3.598507e-03 3.598507e-03
87 5.295532e-01 5.315169e-01 5.315169e-01 1.963670e-03 1.963670e-03
88 5.386578e-01 5.391437e-01 5.391437e-01 4.858925e-04 4.858925e-04
89 5.418916e-01 5.445944e-01 5.445944e-01 2.702792e-03 2.702792e-03
90 5.455743e-01 5.445944e-01 5.445944e-01 9.798354e-04 9.798354e-04
91 5.503399e-01 5.499807e-01 5.499807e-01 3.591426e-04 3.591426e-04
92 5.592045e-01 5.572464e-01 5.572464e-01 1.958069e-03 1.958069e-03
93 5.612448e-01 5.624679e-01 5.624679e-01 1.223070e-03 1.223070e-03
94 5.617598e-01 5.624679e-01 5.624679e-01 7.080533e-04 7.080533e-04
95 5.683586e-01 5.676235e-01 5.676235e-01 7.350919e-04 7.350919e-04
96 5.765141e-01 5.745504e-01 5.745504e-01 1.963654e-03 1.963654e-03
97 5.792661e-01 5.795446e-01 5.795446e-01 2.784942e-04 2.784942e-04
98 5.800332e-01 5.795446e-01 5.795446e-01 4.886511e-04 4.886511e-04
99 5.856930e-01 5.844725e-01 5.844725e-01 1.220510e-03 1.220510e-03
100 5.872005e-01 5.910815e-01 5.910815e-01 3.881025e-03 3.881025e-03
101 5.955710e-01 5.958522e-01 5.958522e-01 2.812129e-04 2.812129e-04
102 5.962811e-01 5.958522e-01 5.958522e-01 4.288994e-04 4.288994e-04
103 6.041672e-01 6.005570e-01 6.005570e-01 3.610132e-03 3.610132e-03
104 6.043562e-01 6.068678e-01 6.068678e-01 2.511595e-03 2.511595e-03
105 6.118861e-01 6.114203e-01 6.114203e-01 4.657460e-04 4.657460e-04
106 6.152536e-01 6.114203e-01 6.114203e-01 3.833298e-03 3.833298e-03
107 6.165383e-01 6.159079e-01 6.159079e-01 6.304456e-04 6.304456e-04
108 6.173731e-01 6.219388e-01 6.219388e-01 4.565679e-03 4.565679e-03
109 6.252422e-01 6.262794e-01 6.262794e-01 1.037126e-03 1.037126e-03
110 6.320255e-01 6.262794e-01 6.262794e-01 5.746087e-03 5.746087e-03
111 6.325821e-01 6.305564e-01 6.305564e-01 2.025677e-03 2.025677e-03
112 6.327070e-01 6.363244e-01 6.363244e-01 3.617383e-03 3.617383e-03
113 6.397784e-01 6.404602e-01 6.404602e-01 6.818209e-04 6.818209e-04
114 6.434820e-01 6.404602e-01 6.404602e-01 3.021781e-03 3.021781e-03
115 6.443010e-01 6.445341e-01 6.445341e-01 2.331677e-04 2.331677e-04
116 6.500206e-01 6.500551e-01 6.500551e-01 3.446663e-05 3.446663e-05
117 6.538990e-01 6.539935e-01 6.539935e-01 9.452448e-05 9.452448e-05
118 6.547811e-01 6.539935e-01 6.539935e-01 7.875779e-04 7.875779e-04
119 6.570130e-01 6.578722e-01 6.578722e-01 8.591922e-04 8.591922e-04
120 6.604990e-01 6.631607e-01 6.631607e-01 2.661733e-03 2.661733e-03
121 6.656084e-01 6.669097e-01 6.669097e-01 1.301371e-03 1.301371e-03
122 6.689538e-01 6.669097e-01 6.669097e-01 2.044097e-03 2.044097e-03
123 6.736728e-01 6.706011e-01 6.706011e-01 3.071760e-03 3.071760e-03
124 6.745816e-01 6.756709e-01 6.756709e-01 1.089335e-03 1.089335e-03
125 6.777692e-01 6.792384e-01 6.792384e-01 1.469214e-03 1.469214e-03
126 6.791187e-01 6.792384e-01 6.792384e-01 1.197084e-04 1.197084e-04
127 6.864027e-01 6.827505e-01 6.827505e-01 3.652144e-03 3.652144e-03
128 6.895561e-01 6.876142e-01 6.876142e-01 1.941925e-03 1.941925e-03
129 6.902432e-01 6.910082e-01 6.910082e-01 7.649508e-04 7.649508e-04
130 6.918323e-01 6.910082e-01 6.910082e-01 8.241108e-04 8.241108e-04
131 6.944327e-01 6.943491e-01 6.943491e-01 8.351370e-05 8.351370e-05
132 6.953514e-01 6.990183e-01 6.990183e-01 3.666860e-03 3.666860e-03
133 6.979656e-01 7.022467e-01 7.022467e-01 4.281104e-03 4.281104e-03
134 7.062787e-01 7.022467e-01 7.022467e-01 4.031951e-03 4.031951e-03
135 7.089324e-01 7.054245e-01 7.054245e-01 3.507870e-03 3.507870e-03
136 7.092765e-01 7.099100e-01 7.099100e-01 6.334040e-04 6.334040e-04
137 7.109730e-01 7.129806e-01 7.129806e-01 2.007564e-03 2.007564e-03
138 7.128145e-01 7.129806e-01 7.129806e-01 1.661018e-04 1.661018e-04
139 7.146191e-01 7.160029e-01 7.160029e-01 1.383826e-03 1.383826e-03
140 7.210729e-01 7.203146e-01 7.203146e-01 7.582941e-04 7.582941e-04
141 7.256233e-01 7.232350e-01 7.232350e-01 2.388303e-03 2.388303e-03
142 7.259132e-01 7.232350e-01 7.232350e-01 2.678212e-03 2.678212e-03
143 7.296335e-01 7.261094e-01 7.261094e-01 3.524056e-03 3.524056e-03
