# Hello World! This is dune-eigensolver.
# hardware number of threads is 128 number of threads used is 1
# 8 8
# Smallest eigenvalues convergence test

#  n: 28900 A.N(): 28900 br: 1
# GeneralizedSymmetricStewart:  time_total=5.475830e+00 time_factorization=9.731462e-02 time_eigendecomposition=2.803373e-02 time_matmul_dense=4.054062e-02 iterations=18

# Arpack: time_total=6.333918e+00 iterations=1

# Eigensolver elapsed time 5.476233e+00

# N= 28900 M= 144 ACCURACY= 7.500000e-01 TOL= 2.000000e-04 THRESHOLD= 9.000000e-02 ESARERROR= 7.117624e-01 ARPERROR= 5.391456e-02 ESANERROR= 0.000000e+00 TIMERATIO= 8.645885e-01 \\

## gen: stw     ARP-SMALL-TOL  ARPACK-TOL  ES-ARP-SMALL  ES-AR ERROR
00 -1.453265e-15 -1.294537e-16 -1.294537e-16 1.323811e-15 1.323811e-15
01 8.824167e-03 8.824167e-03 8.824167e-03 2.393918e-16 2.393918e-16
02 8.824167e-03 8.824167e-03 8.824167e-03 3.122502e-17 3.122502e-17
03 1.334551e-02 1.334551e-02 1.334551e-02 6.591949e-17 6.591949e-17
04 2.922491e-02 2.922491e-02 2.922491e-02 1.040834e-17 1.040834e-17
05 3.180579e-02 3.180579e-02 3.180579e-02 5.828671e-16 5.828671e-16
06 3.180579e-02 3.180579e-02 3.180579e-02 1.387779e-17 1.387779e-17
07 3.271787e-02 3.271787e-02 3.271787e-02 6.036838e-16 6.036838e-16
08 5.148734e-02 5.148734e-02 5.148734e-02 6.800116e-16 6.800116e-16
09 5.402982e-02 5.402982e-02 5.402982e-02 2.844947e-16 2.844947e-16
10 5.402982e-02 5.402982e-02 5.402982e-02 2.359224e-16 2.359224e-16
11 5.691242e-02 5.691242e-02 5.691242e-02 2.220446e-16 2.220446e-16
12 7.465499e-02 7.465499e-02 7.465499e-02 6.245005e-16 6.245005e-16
13 7.811994e-02 7.811994e-02 7.811994e-02 3.469447e-16 3.469447e-16
14 7.811994e-02 7.811994e-02 7.811994e-02 2.498002e-16 2.498002e-16
15 8.178079e-02 8.178079e-02 8.178079e-02 2.220446e-16 2.220446e-16
16 9.909065e-02 9.909065e-02 9.909065e-02 4.163336e-17 4.163336e-17
17 1.033071e-01 1.033071e-01 1.033071e-01 3.608225e-16 3.608225e-16
18 1.033071e-01 1.033071e-01 1.033071e-01 6.938894e-17 6.938894e-17
19 1.077383e-01 1.077383e-01 1.077383e-01 7.632783e-16 7.632783e-16
20 1.245339e-01 1.245339e-01 1.245339e-01 3.608225e-16 3.608225e-16
21 1.294174e-01 1.294174e-01 1.294174e-01 3.608225e-16 3.608225e-16
22 1.294174e-01 1.294174e-01 1.294174e-01 5.551115e-17 5.551115e-17
23 1.345070e-01 1.345070e-01 1.345070e-01 4.718448e-16 4.718448e-16
24 1.507634e-01 1.507634e-01 1.507634e-01 8.326673e-17 8.326673e-17
25 1.562201e-01 1.562201e-01 1.562201e-01 9.714451e-16 9.714451e-16
26 1.562201e-01 1.562201e-01 1.562201e-01 7.216450e-16 7.216450e-16
27 1.618697e-01 1.618697e-01 1.618697e-01 1.387779e-16 1.387779e-16
28 1.775528e-01 1.775528e-01 1.775528e-01 4.163336e-16 4.163336e-16
29 1.834876e-01 1.834876e-01 1.834876e-01 2.220446e-16 2.220446e-16
30 1.834876e-01 1.834876e-01 1.834876e-01 3.053113e-16 3.053113e-16
31 1.895946e-01 1.895946e-01 1.895946e-01 1.082467e-15 1.082467e-15
32 2.046808e-01 2.046808e-01 2.046808e-01 1.387779e-16 1.387779e-16
33 2.109993e-01 2.109993e-01 2.109993e-01 1.137979e-15 1.137979e-15
34 2.109993e-01 2.109993e-01 2.109993e-01 4.718448e-16 4.718448e-16
35 2.174667e-01 2.174667e-01 2.174667e-01 4.163336e-16 4.163336e-16
36 2.319382e-01 2.319382e-01 2.319382e-01 2.331468e-15 2.331468e-15
37 2.385492e-01 2.385492e-01 2.385492e-01 1.665335e-16 1.665335e-16
38 2.385492e-01 2.385492e-01 2.385492e-01 1.387779e-16 1.387779e-16
39 2.452832e-01 2.452832e-01 2.452832e-01 1.859624e-15 1.859624e-15
40 2.591323e-01 2.591323e-01 2.591323e-01 2.220446e-15 2.220446e-15
41 2.659497e-01 2.659497e-01 2.659497e-01 9.992007e-16 9.992007e-16
42 2.659497e-01 2.659497e-01 2.659497e-01 2.331468e-15 2.331468e-15
43 2.728643e-01 2.728643e-01 2.728643e-01 2.942091e-15 2.942091e-15
44 2.860903e-01 2.860903e-01 2.860903e-01 4.607426e-15 4.607426e-15
45 2.930352e-01 2.930352e-01 2.930352e-01 1.110223e-16 1.110223e-16
46 2.930352e-01 2.930352e-01 2.930352e-01 9.658940e-15 9.658940e-15
47 3.000517e-01 3.000517e-01 3.000517e-01 1.071365e-14 1.071365e-14
48 3.126619e-01 3.126619e-01 3.126619e-01 5.473400e-14 5.473400e-14
49 3.196634e-01 3.196634e-01 3.196634e-01 1.456057e-13 1.456057e-13
50 3.196634e-01 3.196634e-01 3.196634e-01 1.891820e-13 1.891820e-13
51 3.267126e-01 3.267126e-01 3.267126e-01 2.652323e-13 2.652323e-13
52 3.387198e-01 3.387198e-01 3.387198e-01 6.649681e-13 6.649681e-13
53 3.457155e-01 3.457155e-01 3.457155e-01 1.939726e-12 1.939726e-12
54 3.457155e-01 3.457155e-01 3.457155e-01 2.592593e-12 2.592593e-12
55 3.527372e-01 3.527372e-01 3.527372e-01 4.480860e-12 4.480860e-12
56 3.641593e-01 3.641593e-01 3.641593e-01 1.248757e-11 1.248757e-11
57 3.710960e-01 3.710960e-01 3.710960e-01 1.300016e-11 1.300016e-11
58 3.710960e-01 3.710960e-01 3.710960e-01 2.743056e-11 2.743056e-11
59 3.780392e-01 3.780392e-01 3.780392e-01 3.964995e-11 3.964995e-11
60 3.888975e-01 3.888975e-01 3.888975e-01 7.261935e-11 7.261935e-11
61 3.957305e-01 3.957305e-01 3.957305e-01 1.054434e-10 1.054434e-10
62 3.957305e-01 3.957305e-01 3.957305e-01 3.058584e-10 3.058584e-10
63 4.025532e-01 4.025532e-01 4.025532e-01 4.917542e-10 4.917542e-10
64 4.128718e-01 4.128718e-01 4.128718e-01 8.341315e-10 8.341315e-10
65 4.195645e-01 4.195645e-01 4.195645e-01 9.256301e-10 9.256301e-10
66 4.195645e-01 4.195645e-01 4.195645e-01 1.302779e-09 1.302779e-09
67 4.262328e-01 4.262328e-01 4.262328e-01 1.986733e-09 1.986733e-09
68 4.360371e-01 4.360371e-01 4.360371e-01 2.925974e-09 2.925974e-09
69 4.425606e-01 4.425606e-01 4.425606e-01 4.895758e-09 4.895758e-09
70 4.425606e-01 4.425606e-01 4.425606e-01 9.158983e-09 9.158983e-09
71 4.490480e-01 4.490480e-01 4.490480e-01 4.236933e-08 4.236933e-08
72 4.583647e-01 4.583646e-01 4.583646e-01 2.334709e-08 2.334709e-08
73 4.646967e-01 4.646967e-01 4.646967e-01 4.048715e-08 4.048715e-08
74 4.646967e-01 4.646967e-01 4.646967e-01 4.819349e-08 4.819349e-08
75 4.709833e-01 4.709833e-01 4.709833e-01 3.949023e-08 3.949023e-08
76 4.798389e-01 4.798387e-01 4.798387e-01 1.402970e-07 1.402970e-07
77 4.859632e-01 4.859631e-01 4.859631e-01 1.139529e-07 1.139529e-07
78 4.859633e-01 4.859631e-01 4.859631e-01 1.920971e-07 1.920971e-07
79 4.920349e-01 4.920347e-01 4.920347e-01 1.970561e-07 1.970561e-07
80 5.004559e-01 5.004553e-01 5.004553e-01 6.536047e-07 6.536047e-07
81 5.063614e-01 5.063607e-01 5.063607e-01 6.651127e-07 6.651127e-07
82 5.063616e-01 5.063607e-01 5.063607e-01 8.602170e-07 8.602170e-07
83 5.122095e-01 5.122080e-01 5.122080e-01 1.429734e-06 1.429734e-06
84 5.202213e-01 5.202194e-01 5.202194e-01 1.910893e-06 1.910893e-06
85 5.259016e-01 5.258991e-01 5.258991e-01 2.463896e-06 2.463896e-06
86 5.259036e-01 5.258991e-01 5.258991e-01 4.422277e-06 4.422277e-06
87 5.315205e-01 5.315169e-01 5.315169e-01 3.593772e-06 3.593772e-06
88 5.391501e-01 5.391437e-01 5.391437e-01 6.385328e-06 6.385328e-06
89 5.446013e-01 5.445944e-01 5.445944e-01 6.892276e-06 6.892276e-06
90 5.446034e-01 5.445944e-01 5.445944e-01 8.980053e-06 8.980053e-06
91 5.499909e-01 5.499807e-01 5.499807e-01 1.017945e-05 1.017945e-05
92 5.572612e-01 5.572464e-01 5.572464e-01 1.477634e-05 1.477634e-05
93 5.624994e-01 5.624679e-01 5.624679e-01 3.148612e-05 3.148612e-05
94 5.625111e-01 5.624679e-01 5.624679e-01 4.326269e-05 4.326269e-05
95 5.676633e-01 5.676235e-01 5.676235e-01 3.975316e-05 3.975316e-05
96 5.746038e-01 5.745504e-01 5.745504e-01 5.336530e-05 5.336530e-05
97 5.795736e-01 5.795446e-01 5.795446e-01 2.905501e-05 2.905501e-05
98 5.796607e-01 5.795446e-01 5.795446e-01 1.161677e-04 1.161677e-04
99 5.845619e-01 5.844725e-01 5.844725e-01 8.942246e-05 8.942246e-05
100 5.911803e-01 5.910815e-01 5.910815e-01 9.881383e-05 9.881383e-05
101 5.960252e-01 5.958522e-01 5.958522e-01 1.730091e-04 1.730091e-04
102 5.961942e-01 5.958522e-01 5.958522e-01 3.420275e-04 3.420275e-04
103 6.006829e-01 6.005570e-01 6.005570e-01 1.258170e-04 1.258170e-04
104 6.071903e-01 6.068678e-01 6.068678e-01 3.224282e-04 3.224282e-04
105 6.116558e-01 6.114203e-01 6.114203e-01 2.354321e-04 2.354321e-04
106 6.117511e-01 6.114203e-01 6.114203e-01 3.308166e-04 3.308166e-04
107 6.164103e-01 6.159079e-01 6.159079e-01 5.024026e-04 5.024026e-04
108 6.223274e-01 6.219388e-01 6.219388e-01 3.886019e-04 3.886019e-04
109 6.268249e-01 6.262794e-01 6.262794e-01 5.455758e-04 5.455758e-04
110 6.271170e-01 6.262794e-01 6.262794e-01 8.375942e-04 8.375942e-04
111 6.318574e-01 6.305564e-01 6.305564e-01 1.300982e-03 1.300982e-03
112 6.373475e-01 6.363244e-01 6.363244e-01 1.023130e-03 1.023130e-03
113 6.417033e-01 6.404602e-01 6.404602e-01 1.243146e-03 1.243146e-03
114 6.423822e-01 6.404602e-01 6.404602e-01 1.922034e-03 1.922034e-03
115 6.463206e-01 6.445341e-01 6.445341e-01 1.786443e-03 1.786443e-03
116 6.521061e-01 6.500551e-01 6.500551e-01 2.051001e-03 2.051001e-03
117 6.554927e-01 6.539935e-01 6.539935e-01 1.499135e-03 1.499135e-03
118 6.558428e-01 6.539935e-01 6.539935e-01 1.849289e-03 1.849289e-03
119 6.602814e-01 6.578722e-01 6.578722e-01 2.409250e-03 2.409250e-03
120 6.662648e-01 6.631607e-01 6.631607e-01 3.104022e-03 3.104022e-03
121 6.698749e-01 6.669097e-01 6.669097e-01 2.965141e-03 2.965141e-03
122 6.731419e-01 6.669097e-01 6.669097e-01 6.232123e-03 6.232123e-03
123 6.754648e-01 6.706011e-01 6.706011e-01 4.863698e-03 4.863698e-03
124 6.807701e-01 6.756709e-01 6.756709e-01 5.099239e-03 5.099239e-03
125 6.857829e-01 6.792384e-01 6.792384e-01 6.544552e-03 6.544552e-03
126 6.896044e-01 6.792384e-01 6.792384e-01 1.036606e-02 1.036606e-02
127 6.921651e-01 6.827505e-01 6.827505e-01 9.414619e-03 9.414619e-03
128 6.946554e-01 6.876142e-01 6.876142e-01 7.041206e-03 7.041206e-03
129 7.012328e-01 6.910082e-01 6.910082e-01 1.022465e-02 1.022465e-02
130 7.037465e-01 6.910082e-01 6.910082e-01 1.273836e-02 1.273836e-02
131 7.100354e-01 6.943491e-01 6.943491e-01 1.568621e-02 1.568621e-02
132 7.186709e-01 6.990183e-01 6.990183e-01 1.965263e-02 1.965263e-02
133 7.190180e-01 7.022467e-01 7.022467e-01 1.677124e-02 1.677124e-02
134 7.260643e-01 7.022467e-01 7.022467e-01 2.381755e-02 2.381755e-02
135 7.333931e-01 7.054245e-01 7.054245e-01 2.796862e-02 2.796862e-02
136 7.354757e-01 7.099100e-01 7.099100e-01 2.556571e-02 2.556571e-02
137 7.426334e-01 7.129806e-01 7.129806e-01 2.965286e-02 2.965286e-02
138 7.464912e-01 7.129806e-01 7.129806e-01 3.351066e-02 3.351066e-02
139 7.526981e-01 7.160029e-01 7.160029e-01 3.669526e-02 3.669526e-02
140 7.587624e-01 7.203146e-01 7.203146e-01 3.844776e-02 3.844776e-02
141 7.619712e-01 7.232350e-01 7.232350e-01 3.873619e-02 3.873619e-02
142 7.771496e-01 7.232350e-01 7.232350e-01 5.391456e-02 5.391456e-02
143 7.790780e-01 7.261094e-01 7.261094e-01 5.296862e-02 5.296862e-02
