# Hello World! This is dune-eigensolver.
# hardware number of threads is 128 number of threads used is 1
# 8 8
# Smallest eigenvalues convergence test

#  n: 28900 A.N(): 28900 br: 1
# GeneralizedInverse:  time_total=2.813938e+01 time_factorization=1.003378e-01 iterations=114

# Arpack: time_total=6.360303e+00 iterations=1

# Eigensolver elapsed time 2.814267e+01

# N= 28900 M= 144 ACCURACY= 1.000000e+00 TOL= 2.000000e-02 THRESHOLD= 9.000000e-02 ESARERROR= 6.622897e-01 ARPERROR= 3.981755e-03 ESANERROR= 0.000000e+00 TIMERATIO= 4.424738e+00 \\

## gen: ftw     ARP-SMALL-TOL  ARPACK-TOL  ES-ARP-SMALL  ES-AR ERROR
00 -1.618714e-15 -1.294537e-16 -1.294537e-16 1.489260e-15 1.489260e-15
01 8.824167e-03 8.824167e-03 8.824167e-03 6.245005e-17 6.245005e-17
02 8.824167e-03 8.824167e-03 8.824167e-03 1.075529e-16 1.075529e-16
03 1.334551e-02 1.334551e-02 1.334551e-02 1.665335e-16 1.665335e-16
04 2.922491e-02 2.922491e-02 2.922491e-02 9.641926e-12 9.641926e-12
05 3.180579e-02 3.180579e-02 3.180579e-02 1.997842e-09 1.997842e-09
06 3.180689e-02 3.180579e-02 3.180579e-02 1.095322e-06 1.095322e-06
07 3.271677e-02 3.271787e-02 3.271787e-02 1.097330e-06 1.097330e-06
08 5.148752e-02 5.148734e-02 5.148734e-02 1.799666e-07 1.799666e-07
09 5.402974e-02 5.402982e-02 5.402982e-02 8.034655e-08 8.034655e-08
10 5.402981e-02 5.402982e-02 5.402982e-02 9.719441e-09 9.719441e-09
11 5.691233e-02 5.691242e-02 5.691242e-02 8.990056e-08 8.990056e-08
12 7.465868e-02 7.465499e-02 7.465499e-02 3.691921e-06 3.691921e-06
13 7.811631e-02 7.811994e-02 7.811994e-02 3.630133e-06 3.630133e-06
14 7.812002e-02 7.811994e-02 7.811994e-02 8.472163e-08 8.472163e-08
15 8.178065e-02 8.178079e-02 8.178079e-02 1.465097e-07 1.465097e-07
16 9.910045e-02 9.909065e-02 9.909065e-02 9.794766e-06 9.794766e-06
17 1.033001e-01 1.033071e-01 1.033071e-01 7.009741e-06 7.009741e-06
18 1.033044e-01 1.033071e-01 1.033071e-01 2.732829e-06 2.732829e-06
19 1.077383e-01 1.077383e-01 1.077383e-01 5.219653e-08 5.219653e-08
20 1.245403e-01 1.245339e-01 1.245339e-01 6.380086e-06 6.380086e-06
21 1.294142e-01 1.294174e-01 1.294174e-01 3.117545e-06 3.117545e-06
22 1.294231e-01 1.294174e-01 1.294174e-01 5.775538e-06 5.775538e-06
23 1.344980e-01 1.345070e-01 1.345070e-01 9.038079e-06 9.038079e-06
24 1.507636e-01 1.507634e-01 1.507634e-01 1.685081e-07 1.685081e-07
25 1.562277e-01 1.562201e-01 1.562201e-01 7.591114e-06 7.591114e-06
26 1.563846e-01 1.562201e-01 1.562201e-01 1.644669e-04 1.644669e-04
27 1.616974e-01 1.618697e-01 1.618697e-01 1.722264e-04 1.722264e-04
28 1.775533e-01 1.775528e-01 1.775528e-01 5.058662e-07 5.058662e-07
29 1.834876e-01 1.834876e-01 1.834876e-01 5.021431e-09 5.021431e-09
30 1.835140e-01 1.834876e-01 1.834876e-01 2.645121e-05 2.645121e-05
31 1.895679e-01 1.895946e-01 1.895946e-01 2.676305e-05 2.676305e-05
32 2.046936e-01 2.046808e-01 2.046808e-01 1.273135e-05 1.273135e-05
33 2.109938e-01 2.109993e-01 2.109993e-01 5.498331e-06 5.498331e-06
34 2.109978e-01 2.109993e-01 2.109993e-01 1.526713e-06 1.526713e-06
35 2.174608e-01 2.174667e-01 2.174667e-01 5.899946e-06 5.899946e-06
36 2.350209e-01 2.319382e-01 2.319382e-01 3.082711e-03 3.082711e-03
37 2.368049e-01 2.385492e-01 2.385492e-01 1.744306e-03 1.744306e-03
38 2.372398e-01 2.385492e-01 2.385492e-01 1.309430e-03 1.309430e-03
39 2.452542e-01 2.452832e-01 2.452832e-01 2.896874e-05 2.896874e-05
40 2.597299e-01 2.591323e-01 2.591323e-01 5.976212e-04 5.976212e-04
41 2.654126e-01 2.659497e-01 2.659497e-01 5.371604e-04 5.371604e-04
42 2.659646e-01 2.659497e-01 2.659497e-01 1.483942e-05 1.483942e-05
43 2.727890e-01 2.728643e-01 2.728643e-01 7.526920e-05 7.526920e-05
44 2.861974e-01 2.860903e-01 2.860903e-01 1.071533e-04 1.071533e-04
45 2.929303e-01 2.930352e-01 2.930352e-01 1.049231e-04 1.049231e-04
46 2.931887e-01 2.930352e-01 2.930352e-01 1.534381e-04 1.534381e-04
47 2.999819e-01 3.000517e-01 3.000517e-01 6.984625e-05 6.984625e-05
48 3.125933e-01 3.126619e-01 3.126619e-01 6.860426e-05 6.860426e-05
49 3.196977e-01 3.196634e-01 3.196634e-01 3.434924e-05 3.434924e-05
50 3.197753e-01 3.196634e-01 3.196634e-01 1.118800e-04 1.118800e-04
51 3.265580e-01 3.267126e-01 3.267126e-01 1.546117e-04 1.546117e-04
52 3.390989e-01 3.387198e-01 3.387198e-01 3.791425e-04 3.791425e-04
53 3.454880e-01 3.457155e-01 3.457155e-01 2.275383e-04 2.275383e-04
54 3.455651e-01 3.457155e-01 3.457155e-01 1.504893e-04 1.504893e-04
55 3.528512e-01 3.527372e-01 3.527372e-01 1.140309e-04 1.140309e-04
56 3.642637e-01 3.641593e-01 3.641593e-01 1.044322e-04 1.044322e-04
57 3.708725e-01 3.710960e-01 3.710960e-01 2.235141e-04 2.235141e-04
58 3.734124e-01 3.710960e-01 3.710960e-01 2.316367e-03 2.316367e-03
59 3.757201e-01 3.780392e-01 3.780392e-01 2.319186e-03 2.319186e-03
60 3.893504e-01 3.888975e-01 3.888975e-01 4.528994e-04 4.528994e-04
61 3.954316e-01 3.957305e-01 3.957305e-01 2.989527e-04 2.989527e-04
62 3.958045e-01 3.957305e-01 3.957305e-01 7.400576e-05 7.400576e-05
63 4.023342e-01 4.025532e-01 4.025532e-01 2.190190e-04 2.190190e-04
64 4.152782e-01 4.128718e-01 4.128718e-01 2.406397e-03 2.406397e-03
65 4.182476e-01 4.195645e-01 4.195645e-01 1.316915e-03 1.316915e-03
66 4.188072e-01 4.195645e-01 4.195645e-01 7.572711e-04 7.572711e-04
67 4.266361e-01 4.262328e-01 4.262328e-01 4.033500e-04 4.033500e-04
68 4.356876e-01 4.360371e-01 4.360371e-01 3.494955e-04 3.494955e-04
69 4.423192e-01 4.425606e-01 4.425606e-01 2.414390e-04 2.414390e-04
70 4.425227e-01 4.425606e-01 4.425606e-01 3.788414e-05 3.788414e-05
71 4.529244e-01 4.490480e-01 4.490480e-01 3.876359e-03 3.876359e-03
72 4.545948e-01 4.583646e-01 4.583646e-01 3.769810e-03 3.769810e-03
73 4.649410e-01 4.646967e-01 4.646967e-01 2.443485e-04 2.443485e-04
74 4.652663e-01 4.646967e-01 4.646967e-01 5.696003e-04 5.696003e-04
75 4.702309e-01 4.709833e-01 4.709833e-01 7.523901e-04 7.523901e-04
76 4.827038e-01 4.798387e-01 4.798387e-01 2.865062e-03 2.865062e-03
77 4.830102e-01 4.859631e-01 4.859631e-01 2.952871e-03 2.952871e-03
78 4.869440e-01 4.859631e-01 4.859631e-01 9.809603e-04 9.809603e-04
79 4.909500e-01 4.920347e-01 4.920347e-01 1.084702e-03 1.084702e-03
80 5.028255e-01 5.004553e-01 5.004553e-01 2.370205e-03 2.370205e-03
81 5.050428e-01 5.063607e-01 5.063607e-01 1.317961e-03 1.317961e-03
82 5.054156e-01 5.063607e-01 5.063607e-01 9.450940e-04 9.450940e-04
83 5.125367e-01 5.122080e-01 5.122080e-01 3.286801e-04 3.286801e-04
84 5.216265e-01 5.202194e-01 5.202194e-01 1.407089e-03 1.407089e-03
85 5.261307e-01 5.258991e-01 5.258991e-01 2.315986e-04 2.315986e-04
86 5.279538e-01 5.258991e-01 5.258991e-01 2.054647e-03 2.054647e-03
87 5.333684e-01 5.315169e-01 5.315169e-01 1.851527e-03 1.851527e-03
88 5.358717e-01 5.391437e-01 5.391437e-01 3.271941e-03 3.271941e-03
89 5.419594e-01 5.445944e-01 5.445944e-01 2.635047e-03 2.635047e-03
90 5.448857e-01 5.445944e-01 5.445944e-01 2.913024e-04 2.913024e-04
91 5.533022e-01 5.499807e-01 5.499807e-01 3.321425e-03 3.321425e-03
92 5.585122e-01 5.572464e-01 5.572464e-01 1.265728e-03 1.265728e-03
93 5.588974e-01 5.624679e-01 5.624679e-01 3.570452e-03 3.570452e-03
94 5.616120e-01 5.624679e-01 5.624679e-01 8.559207e-04 8.559207e-04
95 5.675685e-01 5.676235e-01 5.676235e-01 5.504789e-05 5.504789e-05
96 5.768563e-01 5.745504e-01 5.745504e-01 2.305900e-03 2.305900e-03
97 5.795451e-01 5.795446e-01 5.795446e-01 5.387268e-07 5.387268e-07
98 5.807739e-01 5.795446e-01 5.795446e-01 1.229297e-03 1.229297e-03
99 5.843958e-01 5.844725e-01 5.844725e-01 7.665260e-05 7.665260e-05
100 5.877007e-01 5.910815e-01 5.910815e-01 3.380772e-03 3.380772e-03
101 5.958762e-01 5.958522e-01 5.958522e-01 2.395536e-05 2.395536e-05
102 5.961691e-01 5.958522e-01 5.958522e-01 3.168656e-04 3.168656e-04
103 6.027765e-01 6.005570e-01 6.005570e-01 2.219464e-03 2.219464e-03
104 6.044212e-01 6.068678e-01 6.068678e-01 2.446595e-03 2.446595e-03
105 6.120435e-01 6.114203e-01 6.114203e-01 6.231340e-04 6.231340e-04
106 6.151342e-01 6.114203e-01 6.114203e-01 3.713921e-03 3.713921e-03
107 6.153459e-01 6.159079e-01 6.159079e-01 5.619616e-04 5.619616e-04
108 6.188163e-01 6.219388e-01 6.219388e-01 3.122493e-03 3.122493e-03
109 6.257153e-01 6.262794e-01 6.262794e-01 5.641066e-04 5.641066e-04
110 6.282814e-01 6.262794e-01 6.262794e-01 2.002072e-03 2.002072e-03
111 6.338835e-01 6.305564e-01 6.305564e-01 3.327039e-03 3.327039e-03
112 6.348385e-01 6.363244e-01 6.363244e-01 1.485880e-03 1.485880e-03
113 6.377426e-01 6.404602e-01 6.404602e-01 2.717583e-03 2.717583e-03
114 6.429831e-01 6.404602e-01 6.404602e-01 2.522898e-03 2.522898e-03
115 6.437862e-01 6.445341e-01 6.445341e-01 7.479139e-04 7.479139e-04
116 6.495698e-01 6.500551e-01 6.500551e-01 4.852264e-04 4.852264e-04
117 6.542068e-01 6.539935e-01 6.539935e-01 2.132333e-04 2.132333e-04
118 6.562831e-01 6.539935e-01 6.539935e-01 2.289581e-03 2.289581e-03
119 6.566941e-01 6.578722e-01 6.578722e-01 1.178098e-03 1.178098e-03
120 6.601681e-01 6.631607e-01 6.631607e-01 2.992615e-03 2.992615e-03
121 6.666423e-01 6.669097e-01 6.669097e-01 2.673974e-04 2.673974e-04
122 6.681006e-01 6.669097e-01 6.669097e-01 1.190829e-03 1.190829e-03
123 6.718696e-01 6.706011e-01 6.706011e-01 1.268565e-03 1.268565e-03
124 6.747660e-01 6.756709e-01 6.756709e-01 9.048575e-04 9.048575e-04
125 6.787096e-01 6.792384e-01 6.792384e-01 5.287602e-04 5.287602e-04
126 6.788967e-01 6.792384e-01 6.792384e-01 3.417053e-04 3.417053e-04
127 6.848767e-01 6.827505e-01 6.827505e-01 2.126236e-03 2.126236e-03
128 6.890274e-01 6.876142e-01 6.876142e-01 1.413202e-03 1.413202e-03
129 6.894394e-01 6.910082e-01 6.910082e-01 1.568793e-03 1.568793e-03
130 6.920030e-01 6.910082e-01 6.910082e-01 9.947803e-04 9.947803e-04
131 6.936112e-01 6.943491e-01 6.943491e-01 7.379347e-04 7.379347e-04
132 6.988063e-01 6.990183e-01 6.990183e-01 2.119953e-04 2.119953e-04
133 6.997115e-01 7.022467e-01 7.022467e-01 2.535268e-03 2.535268e-03
134 7.062285e-01 7.022467e-01 7.022467e-01 3.981755e-03 3.981755e-03
135 7.076131e-01 7.054245e-01 7.054245e-01 2.188583e-03 2.188583e-03
136 7.079485e-01 7.099100e-01 7.099100e-01 1.961481e-03 1.961481e-03
137 7.121651e-01 7.129806e-01 7.129806e-01 8.154493e-04 8.154493e-04
138 7.126235e-01 7.129806e-01 7.129806e-01 3.571327e-04 3.571327e-04
139 7.143425e-01 7.160029e-01 7.160029e-01 1.660421e-03 1.660421e-03
140 7.202190e-01 7.203146e-01 7.203146e-01 9.559929e-05 9.559929e-05
141 7.249168e-01 7.232350e-01 7.232350e-01 1.681764e-03 1.681764e-03
142 7.255379e-01 7.232350e-01 7.232350e-01 2.302861e-03 2.302861e-03
143 7.296053e-01 7.261094e-01 7.261094e-01 3.495870e-03 3.495870e-03
