# Hello World! This is dune-eigensolver.
# hardware number of threads is 128 number of threads used is 1
# 8 8
# Smallest eigenvalues convergence test

#  n: 28900 A.N(): 28900 br: 1
# GeneralizedSymmetricStewart:  time_total=7.544775e+00 time_factorization=9.726292e-02 time_eigendecomposition=3.920945e-02 time_matmul_dense=4.095735e-02 iterations=25

# Arpack: time_total=6.359653e+00 iterations=1

# Eigensolver elapsed time 7.545213e+00

# N= 28900 M= 144 ACCURACY= 1.000000e+00 TOL= 2.000000e-03 THRESHOLD= 9.000000e-02 ESARERROR= 6.828192e-01 ARPERROR= 2.402542e-02 ESANERROR= 0.000000e+00 TIMERATIO= 1.186419e+00 \\

## gen: stw     ARP-SMALL-TOL  ARPACK-TOL  ES-ARP-SMALL  ES-AR ERROR
00 -1.437218e-15 -1.294537e-16 -1.294537e-16 1.307765e-15 1.307765e-15
01 8.824167e-03 8.824167e-03 8.824167e-03 6.938894e-17 6.938894e-17
02 8.824167e-03 8.824167e-03 8.824167e-03 1.769418e-16 1.769418e-16
03 1.334551e-02 1.334551e-02 1.334551e-02 1.144917e-16 1.144917e-16
04 2.922491e-02 2.922491e-02 2.922491e-02 2.949030e-16 2.949030e-16
05 3.180579e-02 3.180579e-02 3.180579e-02 4.996004e-16 4.996004e-16
06 3.180579e-02 3.180579e-02 3.180579e-02 2.636780e-16 2.636780e-16
07 3.271787e-02 3.271787e-02 3.271787e-02 5.828671e-16 5.828671e-16
08 5.148734e-02 5.148734e-02 5.148734e-02 3.469447e-16 3.469447e-16
09 5.402982e-02 5.402982e-02 5.402982e-02 6.106227e-16 6.106227e-16
10 5.402982e-02 5.402982e-02 5.402982e-02 5.967449e-16 5.967449e-16
11 5.691242e-02 5.691242e-02 5.691242e-02 6.036838e-16 6.036838e-16
12 7.465499e-02 7.465499e-02 7.465499e-02 7.632783e-16 7.632783e-16
13 7.811994e-02 7.811994e-02 7.811994e-02 1.110223e-16 1.110223e-16
14 7.811994e-02 7.811994e-02 7.811994e-02 8.326673e-17 8.326673e-17
15 8.178079e-02 8.178079e-02 8.178079e-02 1.387779e-16 1.387779e-16
16 9.909065e-02 9.909065e-02 9.909065e-02 6.245005e-16 6.245005e-16
17 1.033071e-01 1.033071e-01 1.033071e-01 4.163336e-17 4.163336e-17
18 1.033071e-01 1.033071e-01 1.033071e-01 5.412337e-16 5.412337e-16
19 1.077383e-01 1.077383e-01 1.077383e-01 1.942890e-16 1.942890e-16
20 1.245339e-01 1.245339e-01 1.245339e-01 1.387779e-16 1.387779e-16
21 1.294174e-01 1.294174e-01 1.294174e-01 8.326673e-17 8.326673e-17
22 1.294174e-01 1.294174e-01 1.294174e-01 1.665335e-16 1.665335e-16
23 1.345070e-01 1.345070e-01 1.345070e-01 5.551115e-17 5.551115e-17
24 1.507634e-01 1.507634e-01 1.507634e-01 1.387779e-16 1.387779e-16
25 1.562201e-01 1.562201e-01 1.562201e-01 1.387779e-16 1.387779e-16
26 1.562201e-01 1.562201e-01 1.562201e-01 2.220446e-16 2.220446e-16
27 1.618697e-01 1.618697e-01 1.618697e-01 1.665335e-16 1.665335e-16
28 1.775528e-01 1.775528e-01 1.775528e-01 3.053113e-16 3.053113e-16
29 1.834876e-01 1.834876e-01 1.834876e-01 6.938894e-16 6.938894e-16
30 1.834876e-01 1.834876e-01 1.834876e-01 2.498002e-16 2.498002e-16
31 1.895946e-01 1.895946e-01 1.895946e-01 1.387779e-16 1.387779e-16
32 2.046808e-01 2.046808e-01 2.046808e-01 8.604228e-16 8.604228e-16
33 2.109993e-01 2.109993e-01 2.109993e-01 3.608225e-16 3.608225e-16
34 2.109993e-01 2.109993e-01 2.109993e-01 1.859624e-15 1.859624e-15
35 2.174667e-01 2.174667e-01 2.174667e-01 3.330669e-16 3.330669e-16
36 2.319382e-01 2.319382e-01 2.319382e-01 4.718448e-16 4.718448e-16
37 2.385492e-01 2.385492e-01 2.385492e-01 2.775558e-16 2.775558e-16
38 2.385492e-01 2.385492e-01 2.385492e-01 3.885781e-16 3.885781e-16
39 2.452832e-01 2.452832e-01 2.452832e-01 5.551115e-17 5.551115e-17
40 2.591323e-01 2.591323e-01 2.591323e-01 3.330669e-16 3.330669e-16
41 2.659497e-01 2.659497e-01 2.659497e-01 1.554312e-15 1.554312e-15
42 2.659497e-01 2.659497e-01 2.659497e-01 1.609823e-15 1.609823e-15
43 2.728643e-01 2.728643e-01 2.728643e-01 1.665335e-15 1.665335e-15
44 2.860903e-01 2.860903e-01 2.860903e-01 0.000000e+00 0.000000e+00
45 2.930352e-01 2.930352e-01 2.930352e-01 1.387779e-15 1.387779e-15
46 2.930352e-01 2.930352e-01 2.930352e-01 3.053113e-15 3.053113e-15
47 3.000517e-01 3.000517e-01 3.000517e-01 2.386980e-15 2.386980e-15
48 3.126619e-01 3.126619e-01 3.126619e-01 1.110223e-15 1.110223e-15
49 3.196634e-01 3.196634e-01 3.196634e-01 1.887379e-15 1.887379e-15
50 3.196634e-01 3.196634e-01 3.196634e-01 2.331468e-15 2.331468e-15
51 3.267126e-01 3.267126e-01 3.267126e-01 5.551115e-16 5.551115e-16
52 3.387198e-01 3.387198e-01 3.387198e-01 6.661338e-16 6.661338e-16
53 3.457155e-01 3.457155e-01 3.457155e-01 4.385381e-15 4.385381e-15
54 3.457155e-01 3.457155e-01 3.457155e-01 8.881784e-16 8.881784e-16
55 3.527372e-01 3.527372e-01 3.527372e-01 4.052314e-15 4.052314e-15
56 3.641593e-01 3.641593e-01 3.641593e-01 9.992007e-16 9.992007e-16
57 3.710960e-01 3.710960e-01 3.710960e-01 4.440892e-16 4.440892e-16
58 3.710960e-01 3.710960e-01 3.710960e-01 2.442491e-15 2.442491e-15
59 3.780392e-01 3.780392e-01 3.780392e-01 3.774758e-15 3.774758e-15
60 3.888975e-01 3.888975e-01 3.888975e-01 1.765255e-14 1.765255e-14
61 3.957305e-01 3.957305e-01 3.957305e-01 1.576517e-14 1.576517e-14
62 3.957305e-01 3.957305e-01 3.957305e-01 5.173639e-14 5.173639e-14
63 4.025532e-01 4.025532e-01 4.025532e-01 1.217360e-13 1.217360e-13
64 4.128718e-01 4.128718e-01 4.128718e-01 2.125522e-13 2.125522e-13
65 4.195645e-01 4.195645e-01 4.195645e-01 3.334000e-13 3.334000e-13
66 4.195645e-01 4.195645e-01 4.195645e-01 6.056267e-13 6.056267e-13
67 4.262328e-01 4.262328e-01 4.262328e-01 9.984236e-13 9.984236e-13
68 4.360371e-01 4.360371e-01 4.360371e-01 2.149836e-12 2.149836e-12
69 4.425606e-01 4.425606e-01 4.425606e-01 3.532064e-12 3.532064e-12
70 4.425606e-01 4.425606e-01 4.425606e-01 7.129741e-12 7.129741e-12
71 4.490480e-01 4.490480e-01 4.490480e-01 5.421441e-11 5.421441e-11
72 4.583646e-01 4.583646e-01 4.583646e-01 2.542250e-11 2.542250e-11
73 4.646967e-01 4.646967e-01 4.646967e-01 6.124207e-11 6.124207e-11
74 4.646967e-01 4.646967e-01 4.646967e-01 6.619055e-11 6.619055e-11
75 4.709833e-01 4.709833e-01 4.709833e-01 6.293494e-11 6.293494e-11
76 4.798387e-01 4.798387e-01 4.798387e-01 3.255927e-10 3.255927e-10
77 4.859631e-01 4.859631e-01 4.859631e-01 3.231607e-10 3.231607e-10
78 4.859631e-01 4.859631e-01 4.859631e-01 5.500339e-10 5.500339e-10
79 4.920347e-01 4.920347e-01 4.920347e-01 6.014612e-10 6.014612e-10
80 5.004553e-01 5.004553e-01 5.004553e-01 3.464314e-09 3.464314e-09
81 5.063607e-01 5.063607e-01 5.063607e-01 3.048388e-09 3.048388e-09
82 5.063607e-01 5.063607e-01 5.063607e-01 5.535072e-09 5.535072e-09
83 5.122081e-01 5.122080e-01 5.122080e-01 1.235913e-08 1.235913e-08
84 5.202194e-01 5.202194e-01 5.202194e-01 1.142540e-08 1.142540e-08
85 5.258992e-01 5.258991e-01 5.258991e-01 2.369812e-08 2.369812e-08
86 5.258992e-01 5.258991e-01 5.258991e-01 3.712385e-08 3.712385e-08
87 5.315169e-01 5.315169e-01 5.315169e-01 3.149104e-08 3.149104e-08
88 5.391438e-01 5.391437e-01 5.391437e-01 9.487604e-08 9.487604e-08
89 5.445945e-01 5.445944e-01 5.445944e-01 7.174228e-08 7.174228e-08
90 5.445946e-01 5.445944e-01 5.445944e-01 1.258410e-07 1.258410e-07
91 5.499810e-01 5.499807e-01 5.499807e-01 2.195391e-07 2.195391e-07
92 5.572468e-01 5.572464e-01 5.572464e-01 3.078646e-07 3.078646e-07
93 5.624685e-01 5.624679e-01 5.624679e-01 6.556281e-07 6.556281e-07
94 5.624688e-01 5.624679e-01 5.624679e-01 9.628320e-07 9.628320e-07
95 5.676247e-01 5.676235e-01 5.676235e-01 1.205858e-06 1.205858e-06
96 5.745523e-01 5.745504e-01 5.745504e-01 1.854850e-06 1.854850e-06
97 5.795455e-01 5.795446e-01 5.795446e-01 9.615311e-07 9.615311e-07
98 5.795504e-01 5.795446e-01 5.795446e-01 5.808792e-06 5.808792e-06
99 5.844758e-01 5.844725e-01 5.844725e-01 3.285496e-06 3.285496e-06
100 5.910858e-01 5.910815e-01 5.910815e-01 4.235964e-06 4.235964e-06
101 5.958596e-01 5.958522e-01 5.958522e-01 7.361378e-06 7.361378e-06
102 5.958779e-01 5.958522e-01 5.958522e-01 2.566638e-05 2.566638e-05
103 6.005631e-01 6.005570e-01 6.005570e-01 6.096293e-06 6.096293e-06
104 6.068841e-01 6.068678e-01 6.068678e-01 1.630746e-05 1.630746e-05
105 6.114349e-01 6.114203e-01 6.114203e-01 1.461832e-05 1.461832e-05
106 6.114399e-01 6.114203e-01 6.114203e-01 1.958254e-05 1.958254e-05
107 6.159510e-01 6.159079e-01 6.159079e-01 4.314839e-05 4.314839e-05
108 6.219639e-01 6.219388e-01 6.219388e-01 2.510061e-05 2.510061e-05
109 6.263291e-01 6.262794e-01 6.262794e-01 4.972361e-05 4.972361e-05
110 6.263946e-01 6.262794e-01 6.262794e-01 1.151893e-04 1.151893e-04
111 6.307302e-01 6.305564e-01 6.305564e-01 1.737682e-04 1.737682e-04
112 6.364734e-01 6.363244e-01 6.363244e-01 1.489416e-04 1.489416e-04
113 6.405616e-01 6.404602e-01 6.404602e-01 1.014262e-04 1.014262e-04
114 6.407413e-01 6.404602e-01 6.404602e-01 2.811213e-04 2.811213e-04
115 6.448822e-01 6.445341e-01 6.445341e-01 3.481062e-04 3.481062e-04
116 6.504284e-01 6.500551e-01 6.500551e-01 3.733677e-04 3.733677e-04
117 6.541699e-01 6.539935e-01 6.539935e-01 1.763771e-04 1.763771e-04
118 6.543509e-01 6.539935e-01 6.539935e-01 3.574076e-04 3.574076e-04
119 6.582505e-01 6.578722e-01 6.578722e-01 3.783745e-04 3.783745e-04
120 6.638932e-01 6.631607e-01 6.631607e-01 7.324307e-04 7.324307e-04
121 6.674921e-01 6.669097e-01 6.669097e-01 5.823634e-04 5.823634e-04
122 6.679239e-01 6.669097e-01 6.669097e-01 1.014179e-03 1.014179e-03
123 6.717166e-01 6.706011e-01 6.706011e-01 1.115549e-03 1.115549e-03
124 6.771458e-01 6.756709e-01 6.756709e-01 1.474871e-03 1.474871e-03
125 6.809762e-01 6.792384e-01 6.792384e-01 1.737785e-03 1.737785e-03
126 6.835145e-01 6.792384e-01 6.792384e-01 4.276082e-03 4.276082e-03
127 6.862698e-01 6.827505e-01 6.827505e-01 3.519335e-03 3.519335e-03
128 6.894724e-01 6.876142e-01 6.876142e-01 1.858266e-03 1.858266e-03
129 6.933588e-01 6.910082e-01 6.910082e-01 2.350660e-03 2.350660e-03
130 6.959394e-01 6.910082e-01 6.910082e-01 4.931237e-03 4.931237e-03
131 6.994820e-01 6.943491e-01 6.943491e-01 5.132819e-03 5.132819e-03
132 7.056775e-01 6.990183e-01 6.990183e-01 6.659193e-03 6.659193e-03
133 7.106079e-01 7.022467e-01 7.022467e-01 8.361143e-03 8.361143e-03
134 7.124024e-01 7.022467e-01 7.022467e-01 1.015565e-02 1.015565e-02
135 7.146690e-01 7.054245e-01 7.054245e-01 9.244513e-03 9.244513e-03
136 7.207512e-01 7.099100e-01 7.099100e-01 1.084121e-02 1.084121e-02
137 7.236976e-01 7.129806e-01 7.129806e-01 1.071703e-02 1.071703e-02
138 7.291881e-01 7.129806e-01 7.129806e-01 1.620754e-02 1.620754e-02
139 7.321831e-01 7.160029e-01 7.160029e-01 1.618017e-02 1.618017e-02
140 7.340193e-01 7.203146e-01 7.203146e-01 1.370468e-02 1.370468e-02
141 7.388200e-01 7.232350e-01 7.232350e-01 1.558495e-02 1.558495e-02
142 7.445049e-01 7.232350e-01 7.232350e-01 2.126990e-02 2.126990e-02
143 7.501348e-01 7.261094e-01 7.261094e-01 2.402542e-02 2.402542e-02
