# Hello World! This is dune-eigensolver.
# hardware number of threads is 128 number of threads used is 1
# 8 8
# Smallest eigenvalues convergence test

#  n: 28900 A.N(): 28900 br: 1
# GeneralizedSymmetricStewart:  time_total=3.156396e+00 time_factorization=1.056501e-01 time_eigendecomposition=1.503927e-02 time_matmul_dense=3.972976e-02 iterations=10

# Arpack: time_total=6.367835e+00 iterations=1

# Eigensolver elapsed time 3.156799e+00

# N= 28900 M= 144 ACCURACY= 7.500000e-01 TOL= 2.000000e-02 THRESHOLD= 9.000000e-02 ESARERROR= 9.095408e-01 ARPERROR= 2.507469e-01 ESANERROR= 0.000000e+00 TIMERATIO= 4.957413e-01 \\

## gen: stw     ARP-SMALL-TOL  ARPACK-TOL  ES-ARP-SMALL  ES-AR ERROR
00 -1.122583e-15 -1.294537e-16 -1.294537e-16 9.931292e-16 9.931292e-16
01 8.824167e-03 8.824167e-03 8.824167e-03 1.942890e-16 1.942890e-16
02 8.824167e-03 8.824167e-03 8.824167e-03 7.112366e-16 7.112366e-16
03 1.334551e-02 1.334551e-02 1.334551e-02 5.516421e-16 5.516421e-16
04 2.922491e-02 2.922491e-02 2.922491e-02 1.353084e-16 1.353084e-16
05 3.180579e-02 3.180579e-02 3.180579e-02 1.665335e-16 1.665335e-16
06 3.180579e-02 3.180579e-02 3.180579e-02 1.734723e-16 1.734723e-16
07 3.271787e-02 3.271787e-02 3.271787e-02 7.494005e-16 7.494005e-16
08 5.148734e-02 5.148734e-02 5.148734e-02 3.538836e-16 3.538836e-16
09 5.402982e-02 5.402982e-02 5.402982e-02 3.400058e-16 3.400058e-16
10 5.402982e-02 5.402982e-02 5.402982e-02 2.081668e-17 2.081668e-17
11 5.691242e-02 5.691242e-02 5.691242e-02 4.163336e-16 4.163336e-16
12 7.465499e-02 7.465499e-02 7.465499e-02 5.551115e-17 5.551115e-17
13 7.811994e-02 7.811994e-02 7.811994e-02 1.387779e-17 1.387779e-17
14 7.811994e-02 7.811994e-02 7.811994e-02 1.623701e-15 1.623701e-15
15 8.178079e-02 8.178079e-02 8.178079e-02 8.881784e-16 8.881784e-16
16 9.909065e-02 9.909065e-02 9.909065e-02 1.082467e-15 1.082467e-15
17 1.033071e-01 1.033071e-01 1.033071e-01 4.302114e-16 4.302114e-16
18 1.033071e-01 1.033071e-01 1.033071e-01 1.110223e-16 1.110223e-16
19 1.077383e-01 1.077383e-01 1.077383e-01 2.775558e-17 2.775558e-17
20 1.245339e-01 1.245339e-01 1.245339e-01 3.552714e-15 3.552714e-15
21 1.294174e-01 1.294174e-01 1.294174e-01 7.799317e-15 7.799317e-15
22 1.294174e-01 1.294174e-01 1.294174e-01 7.771561e-15 7.771561e-15
23 1.345070e-01 1.345070e-01 1.345070e-01 1.235123e-14 1.235123e-14
24 1.507634e-01 1.507634e-01 1.507634e-01 1.375289e-13 1.375289e-13
25 1.562201e-01 1.562201e-01 1.562201e-01 2.464140e-13 2.464140e-13
26 1.562201e-01 1.562201e-01 1.562201e-01 4.294620e-13 4.294620e-13
27 1.618697e-01 1.618697e-01 1.618697e-01 6.311618e-13 6.311618e-13
28 1.775528e-01 1.775528e-01 1.775528e-01 2.564920e-12 2.564920e-12
29 1.834876e-01 1.834876e-01 1.834876e-01 4.570649e-12 4.570649e-12
30 1.834876e-01 1.834876e-01 1.834876e-01 9.368978e-12 9.368978e-12
31 1.895946e-01 1.895946e-01 1.895946e-01 1.331293e-11 1.331293e-11
32 2.046808e-01 2.046808e-01 2.046808e-01 5.564377e-11 5.564377e-11
33 2.109993e-01 2.109993e-01 2.109993e-01 8.398204e-11 8.398204e-11
34 2.109993e-01 2.109993e-01 2.109993e-01 1.558759e-10 1.558759e-10
35 2.174667e-01 2.174667e-01 2.174667e-01 1.997766e-10 1.997766e-10
36 2.319382e-01 2.319382e-01 2.319382e-01 5.331147e-10 5.331147e-10
37 2.385492e-01 2.385492e-01 2.385492e-01 7.153312e-10 7.153312e-10
38 2.385492e-01 2.385492e-01 2.385492e-01 1.299170e-09 1.299170e-09
39 2.452832e-01 2.452832e-01 2.452832e-01 1.935382e-09 1.935382e-09
40 2.591323e-01 2.591323e-01 2.591323e-01 5.723547e-09 5.723547e-09
41 2.659497e-01 2.659497e-01 2.659497e-01 6.698041e-09 6.698041e-09
42 2.659497e-01 2.659497e-01 2.659497e-01 1.167466e-08 1.167466e-08
43 2.728643e-01 2.728643e-01 2.728643e-01 1.467637e-08 1.467637e-08
44 2.860903e-01 2.860903e-01 2.860903e-01 4.696154e-08 4.696154e-08
45 2.930353e-01 2.930352e-01 2.930352e-01 4.529561e-08 4.529561e-08
46 2.930353e-01 2.930352e-01 2.930352e-01 9.374362e-08 9.374362e-08
47 3.000518e-01 3.000517e-01 3.000517e-01 8.431736e-08 8.431736e-08
48 3.126621e-01 3.126619e-01 3.126619e-01 1.615077e-07 1.615077e-07
49 3.196637e-01 3.196634e-01 3.196634e-01 3.505449e-07 3.505449e-07
50 3.196638e-01 3.196634e-01 3.196634e-01 4.245841e-07 4.245841e-07
51 3.267130e-01 3.267126e-01 3.267126e-01 4.687134e-07 4.687134e-07
52 3.387207e-01 3.387198e-01 3.387198e-01 8.968515e-07 8.968515e-07
53 3.457170e-01 3.457155e-01 3.457155e-01 1.416263e-06 1.416263e-06
54 3.457171e-01 3.457155e-01 3.457155e-01 1.517024e-06 1.517024e-06
55 3.527391e-01 3.527372e-01 3.527372e-01 1.879009e-06 1.879009e-06
56 3.641631e-01 3.641593e-01 3.641593e-01 3.844280e-06 3.844280e-06
57 3.710999e-01 3.710960e-01 3.710960e-01 3.889895e-06 3.889895e-06
58 3.711039e-01 3.710960e-01 3.710960e-01 7.939906e-06 7.939906e-06
59 3.780486e-01 3.780392e-01 3.780392e-01 9.326301e-06 9.326301e-06
60 3.889065e-01 3.888975e-01 3.888975e-01 8.937405e-06 8.937405e-06
61 3.957433e-01 3.957305e-01 3.957305e-01 1.283449e-05 1.283449e-05
62 3.957515e-01 3.957305e-01 3.957305e-01 2.097801e-05 2.097801e-05
63 4.025784e-01 4.025532e-01 4.025532e-01 2.523746e-05 2.523746e-05
64 4.129228e-01 4.128718e-01 4.128718e-01 5.101315e-05 5.101315e-05
65 4.195984e-01 4.195645e-01 4.195645e-01 3.396464e-05 3.396464e-05
66 4.196142e-01 4.195645e-01 4.195645e-01 4.969485e-05 4.969485e-05
67 4.262908e-01 4.262328e-01 4.262328e-01 5.805459e-05 5.805459e-05
68 4.361155e-01 4.360371e-01 4.360371e-01 7.832025e-05 7.832025e-05
69 4.426592e-01 4.425606e-01 4.425606e-01 9.861772e-05 9.861772e-05
70 4.427164e-01 4.425606e-01 4.425606e-01 1.557448e-04 1.557448e-04
71 4.493545e-01 4.490480e-01 4.490480e-01 3.065183e-04 3.065183e-04
72 4.585797e-01 4.583646e-01 4.583646e-01 2.150394e-04 2.150394e-04
73 4.650354e-01 4.646967e-01 4.646967e-01 3.386957e-04 3.386957e-04
74 4.651975e-01 4.646967e-01 4.646967e-01 5.008607e-04 5.008607e-04
75 4.714054e-01 4.709833e-01 4.709833e-01 4.221634e-04 4.221634e-04
76 4.805601e-01 4.798387e-01 4.798387e-01 7.214014e-04 7.214014e-04
77 4.865155e-01 4.859631e-01 4.859631e-01 5.524319e-04 5.524319e-04
78 4.865979e-01 4.859631e-01 4.859631e-01 6.348396e-04 6.348396e-04
79 4.928622e-01 4.920347e-01 4.920347e-01 8.275174e-04 8.275174e-04
80 5.021013e-01 5.004553e-01 5.004553e-01 1.646007e-03 1.646007e-03
81 5.078253e-01 5.063607e-01 5.063607e-01 1.464577e-03 1.464577e-03
82 5.085303e-01 5.063607e-01 5.063607e-01 2.169570e-03 2.169570e-03
83 5.140500e-01 5.122080e-01 5.122080e-01 1.841984e-03 1.841984e-03
84 5.229353e-01 5.202194e-01 5.202194e-01 2.715901e-03 2.715901e-03
85 5.291566e-01 5.258991e-01 5.258991e-01 3.257408e-03 3.257408e-03
86 5.298366e-01 5.258991e-01 5.258991e-01 3.937405e-03 3.937405e-03
87 5.346003e-01 5.315169e-01 5.315169e-01 3.083398e-03 3.083398e-03
88 5.428742e-01 5.391437e-01 5.391437e-01 3.730469e-03 3.730469e-03
89 5.496605e-01 5.445944e-01 5.445944e-01 5.066098e-03 5.066098e-03
90 5.515909e-01 5.445944e-01 5.445944e-01 6.996501e-03 6.996501e-03
91 5.544882e-01 5.499807e-01 5.499807e-01 4.507459e-03 4.507459e-03
92 5.638975e-01 5.572464e-01 5.572464e-01 6.651108e-03 6.651108e-03
93 5.715456e-01 5.624679e-01 5.624679e-01 9.077745e-03 9.077745e-03
94 5.759898e-01 5.624679e-01 5.624679e-01 1.352187e-02 1.352187e-02
95 5.803628e-01 5.676235e-01 5.676235e-01 1.273930e-02 1.273930e-02
96 5.897718e-01 5.745504e-01 5.745504e-01 1.522134e-02 1.522134e-02
97 5.903519e-01 5.795446e-01 5.795446e-01 1.080736e-02 1.080736e-02
98 5.948632e-01 5.795446e-01 5.795446e-01 1.531866e-02 1.531866e-02
99 6.059991e-01 5.844725e-01 5.844725e-01 2.152659e-02 2.152659e-02
100 6.172650e-01 5.910815e-01 5.910815e-01 2.618347e-02 2.618347e-02
101 6.187307e-01 5.958522e-01 5.958522e-01 2.287844e-02 2.287844e-02
102 6.225687e-01 5.958522e-01 5.958522e-01 2.671647e-02 2.671647e-02
103 6.284235e-01 6.005570e-01 6.005570e-01 2.786647e-02 2.786647e-02
104 6.455700e-01 6.068678e-01 6.068678e-01 3.870214e-02 3.870214e-02
105 6.501737e-01 6.114203e-01 6.114203e-01 3.875341e-02 3.875341e-02
106 6.516275e-01 6.114203e-01 6.114203e-01 4.020719e-02 4.020719e-02
107 6.588246e-01 6.159079e-01 6.159079e-01 4.291667e-02 4.291667e-02
108 6.729052e-01 6.219388e-01 6.219388e-01 5.096641e-02 5.096641e-02
109 6.734837e-01 6.262794e-01 6.262794e-01 4.720433e-02 4.720433e-02
110 6.988119e-01 6.262794e-01 6.262794e-01 7.253249e-02 7.253249e-02
111 7.041630e-01 6.305564e-01 6.305564e-01 7.360653e-02 7.360653e-02
112 7.067085e-01 6.363244e-01 6.363244e-01 7.038408e-02 7.038408e-02
113 7.180038e-01 6.404602e-01 6.404602e-01 7.754367e-02 7.754367e-02
114 7.231739e-01 6.404602e-01 6.404602e-01 8.271375e-02 8.271375e-02
115 7.321728e-01 6.445341e-01 6.445341e-01 8.763863e-02 8.763863e-02
116 7.411474e-01 6.500551e-01 6.500551e-01 9.109231e-02 9.109231e-02
117 7.608260e-01 6.539935e-01 6.539935e-01 1.068325e-01 1.068325e-01
118 7.624748e-01 6.539935e-01 6.539935e-01 1.084812e-01 1.084812e-01
119 7.755089e-01 6.578722e-01 6.578722e-01 1.176368e-01 1.176368e-01
120 7.846548e-01 6.631607e-01 6.631607e-01 1.214941e-01 1.214941e-01
121 7.887279e-01 6.669097e-01 6.669097e-01 1.218181e-01 1.218181e-01
122 8.023439e-01 6.669097e-01 6.669097e-01 1.354342e-01 1.354342e-01
123 8.251063e-01 6.706011e-01 6.706011e-01 1.545052e-01 1.545052e-01
124 8.291866e-01 6.756709e-01 6.756709e-01 1.535158e-01 1.535158e-01
125 8.521106e-01 6.792384e-01 6.792384e-01 1.728722e-01 1.728722e-01
126 8.566377e-01 6.792384e-01 6.792384e-01 1.773993e-01 1.773993e-01
127 8.723187e-01 6.827505e-01 6.827505e-01 1.895682e-01 1.895682e-01
128 8.752263e-01 6.876142e-01 6.876142e-01 1.876121e-01 1.876121e-01
129 8.841182e-01 6.910082e-01 6.910082e-01 1.931100e-01 1.931100e-01
130 8.913651e-01 6.910082e-01 6.910082e-01 2.003569e-01 2.003569e-01
131 9.093212e-01 6.943491e-01 6.943491e-01 2.149721e-01 2.149721e-01
132 9.189250e-01 6.990183e-01 6.990183e-01 2.199067e-01 2.199067e-01
133 9.204713e-01 7.022467e-01 7.022467e-01 2.182245e-01 2.182245e-01
134 9.258978e-01 7.022467e-01 7.022467e-01 2.236511e-01 2.236511e-01
135 9.290972e-01 7.054245e-01 7.054245e-01 2.236727e-01 2.236727e-01
136 9.409086e-01 7.099100e-01 7.099100e-01 2.309986e-01 2.309986e-01
137 9.468832e-01 7.129806e-01 7.129806e-01 2.339027e-01 2.339027e-01
138 9.514671e-01 7.129806e-01 7.129806e-01 2.384865e-01 2.384865e-01
139 9.582655e-01 7.160029e-01 7.160029e-01 2.422626e-01 2.422626e-01
140 9.617420e-01 7.203146e-01 7.203146e-01 2.414274e-01 2.414274e-01
141 9.666446e-01 7.232350e-01 7.232350e-01 2.434095e-01 2.434095e-01
142 9.709037e-01 7.232350e-01 7.232350e-01 2.476686e-01 2.476686e-01
143 9.768564e-01 7.261094e-01 7.261094e-01 2.507469e-01 2.507469e-01
