# Hello World! This is dune-eigensolver.
# hardware number of threads is 128 number of threads used is 1
# 8 8
# Smallest eigenvalues convergence test

#  n: 28900 A.N(): 28900 br: 1
# GeneralizedInverse:  time_total=9.927684e+01 time_factorization=9.899626e-02 iterations=406

# Arpack: time_total=6.320462e+00 iterations=1

# Eigensolver elapsed time 9.927959e+01

# N= 28900 M= 144 ACCURACY= 7.500000e-01 TOL= 2.000000e-03 THRESHOLD= 9.000000e-02 ESARERROR= 6.577694e-01 ARPERROR= 1.905625e-03 ESANERROR= 0.000000e+00 TIMERATIO= 1.570765e+01 \\

## gen: ftw     ARP-SMALL-TOL  ARPACK-TOL  ES-ARP-SMALL  ES-AR ERROR
00 -1.618714e-15 -1.294537e-16 -1.294537e-16 1.489260e-15 1.489260e-15
01 8.824167e-03 8.824167e-03 8.824167e-03 1.283695e-16 1.283695e-16
02 8.824167e-03 8.824167e-03 8.824167e-03 9.367507e-17 9.367507e-17
03 1.334551e-02 1.334551e-02 1.334551e-02 1.804112e-16 1.804112e-16
04 2.922491e-02 2.922491e-02 2.922491e-02 3.851086e-16 3.851086e-16
05 3.180579e-02 3.180579e-02 3.180579e-02 1.110223e-16 1.110223e-16
06 3.180579e-02 3.180579e-02 3.180579e-02 1.210906e-13 1.210906e-13
07 3.271787e-02 3.271787e-02 3.271787e-02 1.224090e-13 1.224090e-13
08 5.148734e-02 5.148734e-02 5.148734e-02 5.412337e-16 5.412337e-16
09 5.402982e-02 5.402982e-02 5.402982e-02 3.747003e-16 3.747003e-16
10 5.402982e-02 5.402982e-02 5.402982e-02 3.538836e-16 3.538836e-16
11 5.691242e-02 5.691242e-02 5.691242e-02 4.232725e-16 4.232725e-16
12 7.465499e-02 7.465499e-02 7.465499e-02 5.134781e-16 5.134781e-16
13 7.811994e-02 7.811994e-02 7.811994e-02 3.191891e-16 3.191891e-16
14 7.811994e-02 7.811994e-02 7.811994e-02 3.191891e-16 3.191891e-16
15 8.178079e-02 8.178079e-02 8.178079e-02 2.636780e-16 2.636780e-16
16 9.909065e-02 9.909065e-02 9.909065e-02 1.804112e-16 1.804112e-16
17 1.033071e-01 1.033071e-01 1.033071e-01 6.106227e-16 6.106227e-16
18 1.033071e-01 1.033071e-01 1.033071e-01 3.191891e-16 3.191891e-16
19 1.077383e-01 1.077383e-01 1.077383e-01 3.053113e-16 3.053113e-16
20 1.245339e-01 1.245339e-01 1.245339e-01 1.110223e-15 1.110223e-15
21 1.294174e-01 1.294174e-01 1.294174e-01 6.938894e-16 6.938894e-16
22 1.294174e-01 1.294174e-01 1.294174e-01 6.106227e-16 6.106227e-16
23 1.345070e-01 1.345070e-01 1.345070e-01 2.248202e-15 2.248202e-15
24 1.507634e-01 1.507634e-01 1.507634e-01 2.775558e-16 2.775558e-16
25 1.562201e-01 1.562201e-01 1.562201e-01 8.354428e-15 8.354428e-15
26 1.562201e-01 1.562201e-01 1.562201e-01 1.882106e-13 1.882106e-13
27 1.618697e-01 1.618697e-01 1.618697e-01 1.977862e-13 1.977862e-13
28 1.775528e-01 1.775528e-01 1.775528e-01 1.887379e-15 1.887379e-15
29 1.834876e-01 1.834876e-01 1.834876e-01 1.942890e-16 1.942890e-16
30 1.834876e-01 1.834876e-01 1.834876e-01 1.455780e-13 1.455780e-13
31 1.895946e-01 1.895946e-01 1.895946e-01 1.492140e-13 1.492140e-13
32 2.046808e-01 2.046808e-01 2.046808e-01 2.743916e-13 2.743916e-13
33 2.109993e-01 2.109993e-01 2.109993e-01 1.161848e-13 1.161848e-13
34 2.109993e-01 2.109993e-01 2.109993e-01 1.651457e-14 1.651457e-14
35 2.174667e-01 2.174667e-01 2.174667e-01 1.415534e-13 1.415534e-13
36 2.319382e-01 2.319382e-01 2.319382e-01 4.593078e-10 4.593078e-10
37 2.385492e-01 2.385492e-01 2.385492e-01 3.283933e-10 3.283933e-10
38 2.385492e-01 2.385492e-01 2.385492e-01 1.288546e-10 1.288546e-10
39 2.452832e-01 2.452832e-01 2.452832e-01 2.061684e-12 2.061684e-12
40 2.591323e-01 2.591323e-01 2.591323e-01 1.781565e-10 1.781565e-10
41 2.659497e-01 2.659497e-01 2.659497e-01 1.598174e-10 1.598174e-10
42 2.659497e-01 2.659497e-01 2.659497e-01 6.421030e-12 6.421030e-12
43 2.728643e-01 2.728643e-01 2.728643e-01 2.476080e-11 2.476080e-11
44 2.860903e-01 2.860903e-01 2.860903e-01 9.425616e-11 9.425616e-11
45 2.930352e-01 2.930352e-01 2.930352e-01 9.232376e-11 9.232376e-11
46 2.930352e-01 2.930352e-01 2.930352e-01 1.642708e-10 1.642708e-10
47 3.000517e-01 3.000517e-01 3.000517e-01 1.662014e-10 1.662014e-10
48 3.126619e-01 3.126619e-01 3.126619e-01 4.344863e-11 4.344863e-11
49 3.196634e-01 3.196634e-01 3.196634e-01 1.125260e-10 1.125260e-10
50 3.196634e-01 3.196634e-01 3.196634e-01 3.532011e-10 3.532011e-10
51 3.267126e-01 3.267126e-01 3.267126e-01 5.091747e-10 5.091747e-10
52 3.387198e-01 3.387198e-01 3.387198e-01 2.777083e-09 2.777083e-09
53 3.457155e-01 3.457155e-01 3.457155e-01 1.667595e-09 1.667595e-09
54 3.457155e-01 3.457155e-01 3.457155e-01 1.045763e-09 1.045763e-09
55 3.527372e-01 3.527372e-01 3.527372e-01 6.267076e-11 6.267076e-11
56 3.641593e-01 3.641593e-01 3.641593e-01 3.909938e-09 3.909938e-09
57 3.710960e-01 3.710960e-01 3.710960e-01 3.842184e-09 3.842184e-09
58 3.710961e-01 3.710960e-01 3.710960e-01 7.104455e-08 7.104455e-08
59 3.780392e-01 3.780392e-01 3.780392e-01 7.111323e-08 7.111323e-08
60 3.889020e-01 3.888975e-01 3.888975e-01 4.454915e-06 4.454915e-06
61 3.957261e-01 3.957305e-01 3.957305e-01 4.448909e-06 4.448909e-06
62 3.957305e-01 3.957305e-01 3.957305e-01 4.732036e-09 4.732036e-09
63 4.025532e-01 4.025532e-01 4.025532e-01 1.073680e-08 1.073680e-08
64 4.128736e-01 4.128718e-01 4.128718e-01 1.852221e-06 1.852221e-06
65 4.195627e-01 4.195645e-01 4.195645e-01 1.751562e-06 1.751562e-06
66 4.195644e-01 4.195645e-01 4.195645e-01 6.502302e-08 6.502302e-08
67 4.262327e-01 4.262328e-01 4.262328e-01 3.447671e-08 3.447671e-08
68 4.360372e-01 4.360371e-01 4.360371e-01 7.097557e-08 7.097557e-08
69 4.425606e-01 4.425606e-01 4.425606e-01 4.420474e-08 4.420474e-08
70 4.425606e-01 4.425606e-01 4.425606e-01 6.642237e-09 6.642237e-09
71 4.490480e-01 4.490480e-01 4.490480e-01 1.850919e-08 1.850919e-08
72 4.583647e-01 4.583646e-01 4.583646e-01 3.166051e-08 3.166051e-08
73 4.646968e-01 4.646967e-01 4.646967e-01 9.059163e-08 9.059163e-08
74 4.646969e-01 4.646967e-01 4.646967e-01 2.314828e-07 2.314828e-07
75 4.709829e-01 4.709833e-01 4.709833e-01 3.932831e-07 3.932831e-07
76 4.798422e-01 4.798387e-01 4.798387e-01 3.423399e-06 3.423399e-06
77 4.859598e-01 4.859631e-01 4.859631e-01 3.300732e-06 3.300732e-06
78 4.859829e-01 4.859631e-01 4.859631e-01 1.984488e-05 1.984488e-05
79 4.920147e-01 4.920347e-01 4.920347e-01 1.996780e-05 1.996780e-05
80 5.004913e-01 5.004553e-01 5.004553e-01 3.604217e-05 3.604217e-05
81 5.063345e-01 5.063607e-01 5.063607e-01 2.620968e-05 2.620968e-05
82 5.063509e-01 5.063607e-01 5.063607e-01 9.818782e-06 9.818782e-06
83 5.122081e-01 5.122080e-01 5.122080e-01 3.613367e-08 3.613367e-08
84 5.202241e-01 5.202194e-01 5.202194e-01 4.653841e-06 4.653841e-06
85 5.259043e-01 5.258991e-01 5.258991e-01 5.178495e-06 5.178495e-06
86 5.259171e-01 5.258991e-01 5.258991e-01 1.799157e-05 1.799157e-05
87 5.314895e-01 5.315169e-01 5.315169e-01 2.735700e-05 2.735700e-05
88 5.391552e-01 5.391437e-01 5.391437e-01 1.147844e-05 1.147844e-05
89 5.445827e-01 5.445944e-01 5.445944e-01 1.178160e-05 1.178160e-05
90 5.445952e-01 5.445944e-01 5.445944e-01 7.789661e-07 7.789661e-07
91 5.502033e-01 5.499807e-01 5.499807e-01 2.225317e-04 2.225317e-04
92 5.570317e-01 5.572464e-01 5.572464e-01 2.147762e-04 2.147762e-04
93 5.624665e-01 5.624679e-01 5.624679e-01 1.392891e-06 1.392891e-06
94 5.630985e-01 5.624679e-01 5.624679e-01 6.306245e-04 6.306245e-04
95 5.669856e-01 5.676235e-01 5.676235e-01 6.378793e-04 6.378793e-04
96 5.745764e-01 5.745504e-01 5.745504e-01 2.598634e-05 2.598634e-05
97 5.795390e-01 5.795446e-01 5.795446e-01 5.603155e-06 5.603155e-06
98 5.795411e-01 5.795446e-01 5.795446e-01 3.490802e-06 3.490802e-06
99 5.844637e-01 5.844725e-01 5.844725e-01 8.796109e-06 8.796109e-06
100 5.910770e-01 5.910815e-01 5.910815e-01 4.518512e-06 4.518512e-06
101 5.958512e-01 5.958522e-01 5.958522e-01 9.735146e-07 9.735146e-07
102 5.958581e-01 5.958522e-01 5.958522e-01 5.908262e-06 5.908262e-06
103 6.005548e-01 6.005570e-01 6.005570e-01 2.275153e-06 2.275153e-06
104 6.068641e-01 6.068678e-01 6.068678e-01 3.693794e-06 3.693794e-06
105 6.114999e-01 6.114203e-01 6.114203e-01 7.952813e-05 7.952813e-05
106 6.115420e-01 6.114203e-01 6.114203e-01 1.216333e-04 1.216333e-04
107 6.157141e-01 6.159079e-01 6.159079e-01 1.937818e-04 1.937818e-04
108 6.219350e-01 6.219388e-01 6.219388e-01 3.748588e-06 3.748588e-06
109 6.262746e-01 6.262794e-01 6.262794e-01 4.794746e-06 4.794746e-06
110 6.262792e-01 6.262794e-01 6.262794e-01 1.957388e-07 1.957388e-07
111 6.305805e-01 6.305564e-01 6.305564e-01 2.403268e-05 2.403268e-05
112 6.368341e-01 6.363244e-01 6.363244e-01 5.097097e-04 5.097097e-04
113 6.399349e-01 6.404602e-01 6.404602e-01 5.252819e-04 5.252819e-04
114 6.404765e-01 6.404602e-01 6.404602e-01 1.630100e-05 1.630100e-05
115 6.445116e-01 6.445341e-01 6.445341e-01 2.251399e-05 2.251399e-05
116 6.500782e-01 6.500551e-01 6.500551e-01 2.313736e-05 2.313736e-05
117 6.539905e-01 6.539935e-01 6.539935e-01 2.987998e-06 2.987998e-06
118 6.544278e-01 6.539935e-01 6.539935e-01 4.342578e-04 4.342578e-04
119 6.574333e-01 6.578722e-01 6.578722e-01 4.389153e-04 4.389153e-04
120 6.631543e-01 6.631607e-01 6.631607e-01 6.468102e-06 6.468102e-06
121 6.668977e-01 6.669097e-01 6.669097e-01 1.199555e-05 1.199555e-05
122 6.669781e-01 6.669097e-01 6.669097e-01 6.833018e-05 6.833018e-05
123 6.721463e-01 6.706011e-01 6.706011e-01 1.545264e-03 1.545264e-03
124 6.759745e-01 6.756709e-01 6.756709e-01 3.035786e-04 3.035786e-04
125 6.773328e-01 6.792384e-01 6.792384e-01 1.905625e-03 1.905625e-03
126 6.792348e-01 6.792384e-01 6.792384e-01 3.560636e-06 3.560636e-06
127 6.827455e-01 6.827505e-01 6.827505e-01 5.004476e-06 5.004476e-06
128 6.876845e-01 6.876142e-01 6.876142e-01 7.034483e-05 7.034483e-05
129 6.909619e-01 6.910082e-01 6.910082e-01 4.629129e-05 4.629129e-05
130 6.919278e-01 6.910082e-01 6.910082e-01 9.196226e-04 9.196226e-04
131 6.936283e-01 6.943491e-01 6.943491e-01 7.208212e-04 7.208212e-04
132 6.988055e-01 6.990183e-01 6.990183e-01 2.128075e-04 2.128075e-04
133 7.022425e-01 7.022467e-01 7.022467e-01 4.205694e-06 4.205694e-06
134 7.024410e-01 7.022467e-01 7.022467e-01 1.942392e-04 1.942392e-04
135 7.052828e-01 7.054245e-01 7.054245e-01 1.416917e-04 1.416917e-04
136 7.099838e-01 7.099100e-01 7.099100e-01 7.387081e-05 7.387081e-05
137 7.129551e-01 7.129806e-01 7.129806e-01 2.545089e-05 2.545089e-05
138 7.133877e-01 7.129806e-01 7.129806e-01 4.071549e-04 4.071549e-04
139 7.155347e-01 7.160029e-01 7.160029e-01 4.681414e-04 4.681414e-04
140 7.203221e-01 7.203146e-01 7.203146e-01 7.448626e-06 7.448626e-06
141 7.237119e-01 7.232350e-01 7.232350e-01 4.768385e-04 4.768385e-04
142 7.237994e-01 7.232350e-01 7.232350e-01 5.643912e-04 5.643912e-04
143 7.250850e-01 7.261094e-01 7.261094e-01 1.024381e-03 1.024381e-03
