# Hello World! This is dune-eigensolver.
# hardware number of threads is 128 number of threads used is 1
# 8 8
# Smallest eigenvalues convergence test

#  n: 28900 A.N(): 28900 br: 1
# GeneralizedInverse:  time_total=6.493172e+01 time_factorization=9.838643e-02 iterations=263

# Arpack: time_total=6.261856e+00 iterations=1

# Eigensolver elapsed time 6.493519e+01

# N= 28900 M= 144 ACCURACY= 5.000000e-01 TOL= 2.000000e-03 THRESHOLD= 9.000000e-02 ESARERROR= 6.573565e-01 ARPERROR= 3.091960e-03 ESANERROR= 0.000000e+00 TIMERATIO= 1.036996e+01 \\

## gen: ftw     ARP-SMALL-TOL  ARPACK-TOL  ES-ARP-SMALL  ES-AR ERROR
00 -1.618714e-15 -1.294537e-16 -1.294537e-16 1.489260e-15 1.489260e-15
01 8.824167e-03 8.824167e-03 8.824167e-03 1.734723e-17 1.734723e-17
02 8.824167e-03 8.824167e-03 8.824167e-03 5.898060e-17 5.898060e-17
03 1.334551e-02 1.334551e-02 1.334551e-02 1.179612e-16 1.179612e-16
04 2.922491e-02 2.922491e-02 2.922491e-02 2.081668e-16 2.081668e-16
05 3.180579e-02 3.180579e-02 3.180579e-02 5.680179e-13 5.680179e-13
06 3.180579e-02 3.180579e-02 3.180579e-02 3.097477e-10 3.097477e-10
07 3.271787e-02 3.271787e-02 3.271787e-02 3.103170e-10 3.103170e-10
08 5.148734e-02 5.148734e-02 5.148734e-02 1.353570e-13 1.353570e-13
09 5.402982e-02 5.402982e-02 5.402982e-02 1.004544e-13 1.004544e-13
10 5.402982e-02 5.402982e-02 5.402982e-02 1.419698e-14 1.419698e-14
11 5.691242e-02 5.691242e-02 5.691242e-02 2.264161e-14 2.264161e-14
12 7.465499e-02 7.465499e-02 7.465499e-02 5.916240e-12 5.916240e-12
13 7.811994e-02 7.811994e-02 7.811994e-02 5.830295e-12 5.830295e-12
14 7.811994e-02 7.811994e-02 7.811994e-02 1.182665e-13 1.182665e-13
15 8.178079e-02 8.178079e-02 8.178079e-02 2.056272e-13 2.056272e-13
16 9.909065e-02 9.909065e-02 9.909065e-02 4.484123e-11 4.484123e-11
17 1.033071e-01 1.033071e-01 1.033071e-01 3.207309e-11 3.207309e-11
18 1.033071e-01 1.033071e-01 1.033071e-01 1.255381e-11 1.255381e-11
19 1.077383e-01 1.077383e-01 1.077383e-01 2.156747e-13 2.156747e-13
20 1.245339e-01 1.245339e-01 1.245339e-01 7.348122e-11 7.348122e-11
21 1.294174e-01 1.294174e-01 1.294174e-01 3.720504e-11 3.720504e-11
22 1.294174e-01 1.294174e-01 1.294174e-01 6.420911e-11 6.420911e-11
23 1.345070e-01 1.345070e-01 1.345070e-01 1.004865e-10 1.004865e-10
24 1.507634e-01 1.507634e-01 1.507634e-01 4.507200e-12 4.507200e-12
25 1.562201e-01 1.562201e-01 1.562201e-01 2.050869e-10 2.050869e-10
26 1.562201e-01 1.562201e-01 1.562201e-01 4.582878e-09 4.582878e-09
27 1.618697e-01 1.618697e-01 1.618697e-01 4.792473e-09 4.792473e-09
28 1.775528e-01 1.775528e-01 1.775528e-01 2.963121e-11 2.963121e-11
29 1.834876e-01 1.834876e-01 1.834876e-01 8.941181e-13 8.941181e-13
30 1.834876e-01 1.834876e-01 1.834876e-01 1.620649e-09 1.620649e-09
31 1.895946e-01 1.895946e-01 1.895946e-01 1.651175e-09 1.651175e-09
32 2.046808e-01 2.046808e-01 2.046808e-01 1.571820e-09 1.571820e-09
33 2.109993e-01 2.109993e-01 2.109993e-01 6.690306e-10 6.690306e-10
34 2.109993e-01 2.109993e-01 2.109993e-01 1.399375e-10 1.399375e-10
35 2.174667e-01 2.174667e-01 2.174667e-01 7.628509e-10 7.628509e-10
36 2.319396e-01 2.319382e-01 2.319382e-01 1.374171e-06 1.374171e-06
37 2.385482e-01 2.385492e-01 2.385492e-01 9.824902e-07 9.824902e-07
38 2.385488e-01 2.385492e-01 2.385492e-01 3.859573e-07 3.859573e-07
39 2.452832e-01 2.452832e-01 2.452832e-01 5.723140e-09 5.723140e-09
40 2.591326e-01 2.591323e-01 2.591323e-01 2.911162e-07 2.911162e-07
41 2.659495e-01 2.659497e-01 2.659497e-01 2.625379e-07 2.625379e-07
42 2.659497e-01 2.659497e-01 2.659497e-01 8.579856e-09 8.579856e-09
43 2.728642e-01 2.728643e-01 2.728643e-01 3.715805e-08 3.715805e-08
44 2.860904e-01 2.860903e-01 2.860903e-01 8.774672e-08 8.774672e-08
45 2.930351e-01 2.930352e-01 2.930352e-01 8.598307e-08 8.598307e-08
46 2.930354e-01 2.930352e-01 2.930352e-01 1.394148e-07 1.394148e-07
47 3.000516e-01 3.000517e-01 3.000517e-01 1.407678e-07 1.407678e-07
48 3.126619e-01 3.126619e-01 3.126619e-01 2.358120e-08 2.358120e-08
49 3.196634e-01 3.196634e-01 3.196634e-01 5.568316e-08 5.568316e-08
50 3.196636e-01 3.196634e-01 3.196634e-01 1.760461e-07 1.760461e-07
51 3.267123e-01 3.267126e-01 3.267126e-01 2.555604e-07 2.555604e-07
52 3.387207e-01 3.387198e-01 3.387198e-01 9.446599e-07 9.446599e-07
53 3.457150e-01 3.457155e-01 3.457155e-01 5.684577e-07 5.684577e-07
54 3.457152e-01 3.457155e-01 3.457155e-01 3.566518e-07 3.566518e-07
55 3.527372e-01 3.527372e-01 3.527372e-01 1.032241e-08 1.032241e-08
56 3.641601e-01 3.641593e-01 3.641593e-01 8.410243e-07 8.410243e-07
57 3.710952e-01 3.710960e-01 3.710960e-01 8.357988e-07 8.357988e-07
58 3.711100e-01 3.710960e-01 3.710960e-01 1.402738e-05 1.402738e-05
59 3.780252e-01 3.780392e-01 3.780392e-01 1.404155e-05 1.404155e-05
60 3.894839e-01 3.888975e-01 3.888975e-01 5.863191e-04 5.863191e-04
61 3.951450e-01 3.957305e-01 3.957305e-01 5.855002e-04 5.855002e-04
62 3.957311e-01 3.957305e-01 3.957305e-01 5.893752e-07 5.893752e-07
63 4.025518e-01 4.025532e-01 4.025532e-01 1.407065e-06 1.407065e-06
64 4.130492e-01 4.128718e-01 4.128718e-01 1.774118e-04 1.774118e-04
65 4.193968e-01 4.195645e-01 4.195645e-01 1.676695e-04 1.676695e-04
66 4.195579e-01 4.195645e-01 4.195645e-01 6.539454e-06 6.539454e-06
67 4.262303e-01 4.262328e-01 4.262328e-01 2.438986e-06 2.438986e-06
68 4.360414e-01 4.360371e-01 4.360371e-01 4.226030e-06 4.226030e-06
69 4.425575e-01 4.425606e-01 4.425606e-01 3.156969e-06 3.156969e-06
70 4.425601e-01 4.425606e-01 4.425606e-01 4.801003e-07 4.801003e-07
71 4.490606e-01 4.490480e-01 4.490480e-01 1.260416e-05 1.260416e-05
72 4.583543e-01 4.583646e-01 4.583646e-01 1.037117e-05 1.037117e-05
73 4.647007e-01 4.646967e-01 4.646967e-01 3.993637e-06 3.993637e-06
74 4.647073e-01 4.646967e-01 4.646967e-01 1.060377e-05 1.060377e-05
75 4.709652e-01 4.709833e-01 4.709833e-01 1.811552e-05 1.811552e-05
76 4.799639e-01 4.798387e-01 4.798387e-01 1.251990e-04 1.251990e-04
77 4.858424e-01 4.859631e-01 4.859631e-01 1.206934e-04 1.206934e-04
78 4.865815e-01 4.859631e-01 4.859631e-01 6.184238e-04 6.184238e-04
79 4.914117e-01 4.920347e-01 4.920347e-01 6.229896e-04 6.229896e-04
80 5.013338e-01 5.004553e-01 5.004553e-01 8.784765e-04 8.784765e-04
81 5.057499e-01 5.063607e-01 5.063607e-01 6.108310e-04 6.108310e-04
82 5.060935e-01 5.063607e-01 5.063607e-01 2.671990e-04 2.671990e-04
83 5.122118e-01 5.122080e-01 5.122080e-01 3.756926e-06 3.756926e-06
84 5.203179e-01 5.202194e-01 5.202194e-01 9.849292e-05 9.849292e-05
85 5.260014e-01 5.258991e-01 5.258991e-01 1.022867e-04 1.022867e-04
86 5.262216e-01 5.258991e-01 5.258991e-01 3.224473e-04 3.224473e-04
87 5.310230e-01 5.315169e-01 5.315169e-01 4.938666e-04 4.938666e-04
88 5.393198e-01 5.391437e-01 5.391437e-01 1.761612e-04 1.761612e-04
89 5.443886e-01 5.445944e-01 5.445944e-01 2.058641e-04 2.058641e-04
90 5.446071e-01 5.445944e-01 5.445944e-01 1.267103e-05 1.267103e-05
91 5.530727e-01 5.499807e-01 5.499807e-01 3.091960e-03 3.091960e-03
92 5.542976e-01 5.572464e-01 5.572464e-01 2.948834e-03 2.948834e-03
93 5.624121e-01 5.624679e-01 5.624679e-01 5.577719e-05 5.577719e-05
94 5.641668e-01 5.624679e-01 5.624679e-01 1.698898e-03 1.698898e-03
95 5.658245e-01 5.676235e-01 5.676235e-01 1.798992e-03 1.798992e-03
96 5.748446e-01 5.745504e-01 5.745504e-01 2.941490e-04 2.941490e-04
97 5.794869e-01 5.795446e-01 5.795446e-01 5.769774e-05 5.769774e-05
98 5.795487e-01 5.795446e-01 5.795446e-01 4.166532e-06 4.166532e-06
99 5.844277e-01 5.844725e-01 5.844725e-01 4.476139e-05 4.476139e-05
100 5.909193e-01 5.910815e-01 5.910815e-01 1.622233e-04 1.622233e-04
101 5.958427e-01 5.958522e-01 5.958522e-01 9.549620e-06 9.549620e-06
102 5.959053e-01 5.958522e-01 5.958522e-01 5.310386e-05 5.310386e-05
103 6.006071e-01 6.005570e-01 6.005570e-01 5.004484e-05 5.004484e-05
104 6.067621e-01 6.068678e-01 6.068678e-01 1.057196e-04 1.057196e-04
105 6.120139e-01 6.114203e-01 6.114203e-01 5.936197e-04 5.936197e-04
106 6.120759e-01 6.114203e-01 6.114203e-01 6.555482e-04 6.555482e-04
107 6.148128e-01 6.159079e-01 6.159079e-01 1.095061e-03 1.095061e-03
108 6.218135e-01 6.219388e-01 6.219388e-01 1.252237e-04 1.252237e-04
109 6.262421e-01 6.262794e-01 6.262794e-01 3.728678e-05 3.728678e-05
110 6.262824e-01 6.262794e-01 6.262794e-01 3.051350e-06 3.051350e-06
111 6.310077e-01 6.305564e-01 6.305564e-01 4.512334e-04 4.512334e-04
112 6.378982e-01 6.363244e-01 6.363244e-01 1.573773e-03 1.573773e-03
113 6.384892e-01 6.404602e-01 6.404602e-01 1.970946e-03 1.970946e-03
114 6.405850e-01 6.404602e-01 6.404602e-01 1.248148e-04 1.248148e-04
115 6.444087e-01 6.445341e-01 6.445341e-01 1.254269e-04 1.254269e-04
116 6.501455e-01 6.500551e-01 6.500551e-01 9.041295e-05 9.041295e-05
117 6.539857e-01 6.539935e-01 6.539935e-01 7.808281e-06 7.808281e-06
118 6.555616e-01 6.539935e-01 6.539935e-01 1.568057e-03 1.568057e-03
119 6.565254e-01 6.578722e-01 6.578722e-01 1.346781e-03 1.346781e-03
120 6.628520e-01 6.631607e-01 6.631607e-01 3.086964e-04 3.086964e-04
121 6.668528e-01 6.669097e-01 6.669097e-01 5.693978e-05 5.693978e-05
122 6.685767e-01 6.669097e-01 6.669097e-01 1.666993e-03 1.666993e-03
123 6.718443e-01 6.706011e-01 6.706011e-01 1.243277e-03 1.243277e-03
124 6.730787e-01 6.756709e-01 6.756709e-01 2.592166e-03 2.592166e-03
125 6.789905e-01 6.792384e-01 6.792384e-01 2.479257e-04 2.479257e-04
126 6.792165e-01 6.792384e-01 6.792384e-01 2.188119e-05 2.188119e-05
127 6.827941e-01 6.827505e-01 6.827505e-01 4.358229e-05 4.358229e-05
128 6.879565e-01 6.876142e-01 6.876142e-01 3.423809e-04 3.423809e-04
129 6.907478e-01 6.910082e-01 6.910082e-01 2.604210e-04 2.604210e-04
130 6.929828e-01 6.910082e-01 6.910082e-01 1.974575e-03 1.974575e-03
131 6.944937e-01 6.943491e-01 6.943491e-01 1.445100e-04 1.445100e-04
132 6.968289e-01 6.990183e-01 6.990183e-01 2.189428e-03 2.189428e-03
133 7.021934e-01 7.022467e-01 7.022467e-01 5.335450e-05 5.335450e-05
134 7.028653e-01 7.022467e-01 7.022467e-01 6.185778e-04 6.185778e-04
135 7.052164e-01 7.054245e-01 7.054245e-01 2.081122e-04 2.081122e-04
136 7.099364e-01 7.099100e-01 7.099100e-01 2.648407e-05 2.648407e-05
137 7.127834e-01 7.129806e-01 7.129806e-01 1.971634e-04 1.971634e-04
138 7.140201e-01 7.129806e-01 7.129806e-01 1.039530e-03 1.039530e-03
139 7.149439e-01 7.160029e-01 7.160029e-01 1.059029e-03 1.059029e-03
140 7.202319e-01 7.203146e-01 7.203146e-01 8.277690e-05 8.277690e-05
141 7.244902e-01 7.232350e-01 7.232350e-01 1.255158e-03 1.255158e-03
142 7.244977e-01 7.232350e-01 7.232350e-01 1.262619e-03 1.262619e-03
143 7.246688e-01 7.261094e-01 7.261094e-01 1.440645e-03 1.440645e-03
