# Hello World! This is dune-eigensolver.
# hardware number of threads is 128 number of threads used is 1
# 8 8
# Smallest eigenvalues convergence test

#  n: 28900 A.N(): 28900 br: 1
# GeneralizedInverse:  time_total=1.901690e+02 time_factorization=9.977221e-02 iterations=797

# Arpack: time_total=6.326205e+00 iterations=1

# Eigensolver elapsed time 1.901699e+02

# N= 28900 M= 144 ACCURACY= 1.000000e+00 TOL= 1.000000e-03 THRESHOLD= 9.000000e-02 ESARERROR= 6.582143e-01 ARPERROR= 5.795087e-04 ESANERROR= 0.000000e+00 TIMERATIO= 3.006066e+01 \\

## gen: ftw     ARP-SMALL-TOL  ARPACK-TOL  ES-ARP-SMALL  ES-AR ERROR
00 -1.618714e-15 -1.294537e-16 -1.294537e-16 1.489260e-15 1.489260e-15
01 8.824167e-03 8.824167e-03 8.824167e-03 5.898060e-17 5.898060e-17
02 8.824167e-03 8.824167e-03 8.824167e-03 3.816392e-17 3.816392e-17
03 1.334551e-02 1.334551e-02 1.334551e-02 1.908196e-16 1.908196e-16
04 2.922491e-02 2.922491e-02 2.922491e-02 2.914335e-16 2.914335e-16
05 3.180579e-02 3.180579e-02 3.180579e-02 3.330669e-16 3.330669e-16
06 3.180579e-02 3.180579e-02 3.180579e-02 4.024558e-16 4.024558e-16
07 3.271787e-02 3.271787e-02 3.271787e-02 5.759282e-16 5.759282e-16
08 5.148734e-02 5.148734e-02 5.148734e-02 5.828671e-16 5.828671e-16
09 5.402982e-02 5.402982e-02 5.402982e-02 3.538836e-16 3.538836e-16
10 5.402982e-02 5.402982e-02 5.402982e-02 3.955170e-16 3.955170e-16
11 5.691242e-02 5.691242e-02 5.691242e-02 4.302114e-16 4.302114e-16
12 7.465499e-02 7.465499e-02 7.465499e-02 5.967449e-16 5.967449e-16
13 7.811994e-02 7.811994e-02 7.811994e-02 2.498002e-16 2.498002e-16
14 7.811994e-02 7.811994e-02 7.811994e-02 2.220446e-16 2.220446e-16
15 8.178079e-02 8.178079e-02 8.178079e-02 3.330669e-16 3.330669e-16
16 9.909065e-02 9.909065e-02 9.909065e-02 4.996004e-16 4.996004e-16
17 1.033071e-01 1.033071e-01 1.033071e-01 4.024558e-16 4.024558e-16
18 1.033071e-01 1.033071e-01 1.033071e-01 3.469447e-16 3.469447e-16
19 1.077383e-01 1.077383e-01 1.077383e-01 2.636780e-16 2.636780e-16
20 1.245339e-01 1.245339e-01 1.245339e-01 3.330669e-16 3.330669e-16
21 1.294174e-01 1.294174e-01 1.294174e-01 5.551115e-17 5.551115e-17
22 1.294174e-01 1.294174e-01 1.294174e-01 1.387779e-16 1.387779e-16
23 1.345070e-01 1.345070e-01 1.345070e-01 4.996004e-16 4.996004e-16
24 1.507634e-01 1.507634e-01 1.507634e-01 1.387779e-16 1.387779e-16
25 1.562201e-01 1.562201e-01 1.562201e-01 1.387779e-16 1.387779e-16
26 1.562201e-01 1.562201e-01 1.562201e-01 1.110223e-16 1.110223e-16
27 1.618697e-01 1.618697e-01 1.618697e-01 4.163336e-16 4.163336e-16
28 1.775528e-01 1.775528e-01 1.775528e-01 5.551115e-16 5.551115e-16
29 1.834876e-01 1.834876e-01 1.834876e-01 5.551115e-17 5.551115e-17
30 1.834876e-01 1.834876e-01 1.834876e-01 3.053113e-16 3.053113e-16
31 1.895946e-01 1.895946e-01 1.895946e-01 4.718448e-16 4.718448e-16
32 2.046808e-01 2.046808e-01 2.046808e-01 1.110223e-16 1.110223e-16
33 2.109993e-01 2.109993e-01 2.109993e-01 4.440892e-16 4.440892e-16
34 2.109993e-01 2.109993e-01 2.109993e-01 3.053113e-16 3.053113e-16
35 2.174667e-01 2.174667e-01 2.174667e-01 5.551115e-16 5.551115e-16
36 2.319382e-01 2.319382e-01 2.319382e-01 7.771561e-16 7.771561e-16
37 2.385492e-01 2.385492e-01 2.385492e-01 6.106227e-16 6.106227e-16
38 2.385492e-01 2.385492e-01 2.385492e-01 7.494005e-16 7.494005e-16
39 2.452832e-01 2.452832e-01 2.452832e-01 2.498002e-16 2.498002e-16
40 2.591323e-01 2.591323e-01 2.591323e-01 4.996004e-16 4.996004e-16
41 2.659497e-01 2.659497e-01 2.659497e-01 3.330669e-16 3.330669e-16
42 2.659497e-01 2.659497e-01 2.659497e-01 3.885781e-16 3.885781e-16
43 2.728643e-01 2.728643e-01 2.728643e-01 2.220446e-16 2.220446e-16
44 2.860903e-01 2.860903e-01 2.860903e-01 1.665335e-16 1.665335e-16
45 2.930352e-01 2.930352e-01 2.930352e-01 3.885781e-16 3.885781e-16
46 2.930352e-01 2.930352e-01 2.930352e-01 2.220446e-16 2.220446e-16
47 3.000517e-01 3.000517e-01 3.000517e-01 4.996004e-16 4.996004e-16
48 3.126619e-01 3.126619e-01 3.126619e-01 5.551115e-17 5.551115e-17
49 3.196634e-01 3.196634e-01 3.196634e-01 1.665335e-16 1.665335e-16
50 3.196634e-01 3.196634e-01 3.196634e-01 2.220446e-16 2.220446e-16
51 3.267126e-01 3.267126e-01 3.267126e-01 1.665335e-16 1.665335e-16
52 3.387198e-01 3.387198e-01 3.387198e-01 1.665335e-16 1.665335e-16
53 3.457155e-01 3.457155e-01 3.457155e-01 1.110223e-16 1.110223e-16
54 3.457155e-01 3.457155e-01 3.457155e-01 1.665335e-16 1.665335e-16
55 3.527372e-01 3.527372e-01 3.527372e-01 1.110223e-16 1.110223e-16
56 3.641593e-01 3.641593e-01 3.641593e-01 1.665335e-15 1.665335e-15
57 3.710960e-01 3.710960e-01 3.710960e-01 1.831868e-15 1.831868e-15
58 3.710960e-01 3.710960e-01 3.710960e-01 3.763656e-14 3.763656e-14
59 3.780392e-01 3.780392e-01 3.780392e-01 3.830269e-14 3.830269e-14
60 3.888975e-01 3.888975e-01 3.888975e-01 5.608958e-12 5.608958e-12
61 3.957305e-01 3.957305e-01 3.957305e-01 5.599354e-12 5.599354e-12
62 3.957305e-01 3.957305e-01 3.957305e-01 9.825474e-15 9.825474e-15
63 4.025532e-01 4.025532e-01 4.025532e-01 1.720846e-14 1.720846e-14
64 4.128718e-01 4.128718e-01 4.128718e-01 6.603162e-12 6.603162e-12
65 4.195645e-01 4.195645e-01 4.195645e-01 6.227407e-12 6.227407e-12
66 4.195645e-01 4.195645e-01 4.195645e-01 2.143841e-13 2.143841e-13
67 4.262328e-01 4.262328e-01 4.262328e-01 1.623146e-13 1.623146e-13
68 4.360371e-01 4.360371e-01 4.360371e-01 6.710188e-13 6.710188e-13
69 4.425606e-01 4.425606e-01 4.425606e-01 3.670952e-13 3.670952e-13
70 4.425606e-01 4.425606e-01 4.425606e-01 5.390133e-14 5.390133e-14
71 4.490480e-01 4.490480e-01 4.490480e-01 2.448042e-13 2.448042e-13
72 4.583646e-01 4.583646e-01 4.583646e-01 1.596945e-12 1.596945e-12
73 4.646967e-01 4.646967e-01 4.646967e-01 2.830403e-12 2.830403e-12
74 4.646967e-01 4.646967e-01 4.646967e-01 6.559253e-12 6.559253e-12
75 4.709833e-01 4.709833e-01 4.709833e-01 1.099049e-11 1.099049e-11
76 4.798387e-01 4.798387e-01 4.798387e-01 1.723486e-10 1.723486e-10
77 4.859631e-01 4.859631e-01 4.859631e-01 1.661200e-10 1.661200e-10
78 4.859631e-01 4.859631e-01 4.859631e-01 1.233887e-09 1.233887e-09
79 4.920347e-01 4.920347e-01 4.920347e-01 1.240117e-09 1.240117e-09
80 5.004553e-01 5.004553e-01 5.004553e-01 3.830696e-09 3.830696e-09
81 5.063607e-01 5.063607e-01 5.063607e-01 2.790026e-09 2.790026e-09
82 5.063607e-01 5.063607e-01 5.063607e-01 1.038925e-09 1.038925e-09
83 5.122080e-01 5.122080e-01 5.122080e-01 1.471268e-12 1.471268e-12
84 5.202194e-01 5.202194e-01 5.202194e-01 9.814223e-10 9.814223e-10
85 5.258992e-01 5.258991e-01 5.258991e-01 1.442308e-09 1.442308e-09
86 5.258992e-01 5.258991e-01 5.258991e-01 4.583131e-09 4.583131e-09
87 5.315169e-01 5.315169e-01 5.315169e-01 6.999529e-09 6.999529e-09
88 5.391437e-01 5.391437e-01 5.391437e-01 4.667095e-09 4.667095e-09
89 5.445944e-01 5.445944e-01 5.445944e-01 4.590549e-09 4.590549e-09
90 5.445944e-01 5.445944e-01 5.445944e-01 3.733226e-10 3.733226e-10
91 5.499807e-01 5.499807e-01 5.499807e-01 7.703561e-09 7.703561e-09
92 5.572464e-01 5.572464e-01 5.572464e-01 2.167379e-09 2.167379e-09
93 5.624679e-01 5.624679e-01 5.624679e-01 8.375723e-10 8.375723e-10
94 5.624685e-01 5.624679e-01 5.624679e-01 5.805770e-07 5.805770e-07
95 5.676229e-01 5.676235e-01 5.676235e-01 5.857254e-07 5.857254e-07
96 5.745504e-01 5.745504e-01 5.745504e-01 3.044725e-08 3.044725e-08
97 5.795446e-01 5.795446e-01 5.795446e-01 6.506000e-09 6.506000e-09
98 5.795446e-01 5.795446e-01 5.795446e-01 1.579240e-09 1.579240e-09
99 5.844725e-01 5.844725e-01 5.844725e-01 2.110657e-08 2.110657e-08
100 5.910815e-01 5.910815e-01 5.910815e-01 5.637460e-09 5.637460e-09
101 5.958522e-01 5.958522e-01 5.958522e-01 1.651426e-09 1.651426e-09
102 5.958522e-01 5.958522e-01 5.958522e-01 1.332906e-08 1.332906e-08
103 6.005570e-01 6.005570e-01 6.005570e-01 1.678089e-08 1.678089e-08
104 6.068678e-01 6.068678e-01 6.068678e-01 5.800082e-09 5.800082e-09
105 6.114206e-01 6.114203e-01 6.114203e-01 2.682477e-07 2.682477e-07
106 6.114208e-01 6.114203e-01 6.114203e-01 4.304052e-07 4.304052e-07
107 6.159072e-01 6.159079e-01 6.159079e-01 7.013603e-07 7.013603e-07
108 6.219388e-01 6.219388e-01 6.219388e-01 2.202253e-08 2.202253e-08
109 6.262793e-01 6.262794e-01 6.262794e-01 2.079648e-08 2.079648e-08
110 6.262794e-01 6.262794e-01 6.262794e-01 4.624060e-10 4.624060e-10
111 6.305564e-01 6.305564e-01 6.305564e-01 1.331277e-08 1.331277e-08
112 6.363283e-01 6.363244e-01 6.363244e-01 3.875586e-06 3.875586e-06
113 6.404563e-01 6.404602e-01 6.404602e-01 3.834291e-06 3.834291e-06
114 6.404603e-01 6.404602e-01 6.404602e-01 1.204391e-07 1.204391e-07
115 6.445340e-01 6.445341e-01 6.445341e-01 1.768715e-07 1.768715e-07
116 6.500553e-01 6.500551e-01 6.500551e-01 2.333223e-07 2.333223e-07
117 6.539935e-01 6.539935e-01 6.539935e-01 2.360227e-08 2.360227e-08
118 6.539984e-01 6.539935e-01 6.539935e-01 4.838418e-06 4.838418e-06
119 6.578671e-01 6.578722e-01 6.578722e-01 5.023618e-06 5.023618e-06
120 6.631609e-01 6.631607e-01 6.631607e-01 1.246836e-07 1.246836e-07
121 6.669096e-01 6.669097e-01 6.669097e-01 1.478785e-07 1.478785e-07
122 6.669100e-01 6.669097e-01 6.669097e-01 3.092648e-07 3.092648e-07
123 6.706073e-01 6.706011e-01 6.706011e-01 6.206557e-06 6.206557e-06
124 6.757288e-01 6.756709e-01 6.756709e-01 5.786574e-05 5.786574e-05
125 6.791742e-01 6.792384e-01 6.792384e-01 6.420163e-05 6.420163e-05
126 6.792383e-01 6.792384e-01 6.792384e-01 4.837624e-08 4.837624e-08
127 6.827504e-01 6.827505e-01 6.827505e-01 1.346666e-07 1.346666e-07
128 6.876155e-01 6.876142e-01 6.876142e-01 1.374735e-06 1.374735e-06
129 6.910074e-01 6.910082e-01 6.910082e-01 7.412599e-07 7.412599e-07
130 6.910373e-01 6.910082e-01 6.910082e-01 2.910860e-05 2.910860e-05
131 6.943202e-01 6.943491e-01 6.943491e-01 2.892319e-05 2.892319e-05
132 6.990178e-01 6.990183e-01 6.990183e-01 5.502794e-07 5.502794e-07
133 7.022467e-01 7.022467e-01 7.022467e-01 6.359915e-08 6.359915e-08
134 7.022529e-01 7.022467e-01 7.022467e-01 6.128560e-06 6.128560e-06
135 7.054186e-01 7.054245e-01 7.054245e-01 5.924976e-06 5.924976e-06
136 7.099143e-01 7.099100e-01 7.099100e-01 4.342124e-06 4.342124e-06
137 7.129809e-01 7.129806e-01 7.129806e-01 2.851686e-07 2.851686e-07
138 7.129978e-01 7.129806e-01 7.129806e-01 1.724324e-05 1.724324e-05
139 7.159811e-01 7.160029e-01 7.160029e-01 2.183449e-05 2.183449e-05
140 7.203166e-01 7.203146e-01 7.203146e-01 1.935575e-06 1.935575e-06
141 7.232662e-01 7.232350e-01 7.232350e-01 3.111721e-05 3.111721e-05
142 7.237811e-01 7.232350e-01 7.232350e-01 5.460697e-04 5.460697e-04
143 7.255299e-01 7.261094e-01 7.261094e-01 5.795087e-04 5.795087e-04
