# Hello World! This is dune-eigensolver.
# hardware number of threads is 128 number of threads used is 1
# 8 8
# Smallest eigenvalues convergence test

#  n: 28900 A.N(): 28900 br: 1
# GeneralizedInverse:  time_total=1.177993e+00 time_factorization=9.832259e-02 iterations=4

# Arpack: time_total=6.296688e+00 iterations=1

# Eigensolver elapsed time 1.181134e+00

# N= 28900 M= 144 ACCURACY= 2.500000e-01 TOL= 2.000000e-01 THRESHOLD= 9.000000e-02 ESARERROR= 8.806006e-01 ARPERROR= 3.568019e-01 ESANERROR= 0.000000e+00 TIMERATIO= 1.875801e-01 \\

## gen: ftw     ARP-SMALL-TOL  ARPACK-TOL  ES-ARP-SMALL  ES-AR ERROR
00 8.972249e-08 -1.294537e-16 -1.294537e-16 8.972250e-08 8.972250e-08
01 8.827656e-03 8.824167e-03 8.824167e-03 3.488196e-06 3.488196e-06
02 8.941531e-03 8.824167e-03 8.824167e-03 1.173637e-04 1.173637e-04
03 1.333446e-02 1.334551e-02 1.334551e-02 1.105020e-05 1.105020e-05
04 3.059786e-02 2.922491e-02 2.922491e-02 1.372952e-03 1.372952e-03
05 3.222616e-02 3.180579e-02 3.180579e-02 4.203716e-04 4.203716e-04
06 3.268504e-02 3.180579e-02 3.180579e-02 8.792522e-04 8.792522e-04
07 4.171997e-02 3.271787e-02 3.271787e-02 9.002104e-03 9.002104e-03
08 4.486342e-02 5.148734e-02 5.148734e-02 6.623916e-03 6.623916e-03
09 5.430852e-02 5.402982e-02 5.402982e-02 2.787004e-04 2.787004e-04
10 5.693728e-02 5.402982e-02 5.402982e-02 2.907462e-03 2.907462e-03
11 5.738863e-02 5.691242e-02 5.691242e-02 4.762115e-04 4.762115e-04
12 7.749514e-02 7.465499e-02 7.465499e-02 2.840151e-03 2.840151e-03
13 8.348946e-02 7.811994e-02 7.811994e-02 5.369529e-03 5.369529e-03
14 8.575850e-02 7.811994e-02 7.811994e-02 7.638563e-03 7.638563e-03
15 9.241300e-02 8.178079e-02 8.178079e-02 1.063220e-02 1.063220e-02
16 9.886621e-02 9.909065e-02 9.909065e-02 2.244410e-04 2.244410e-04
17 1.042389e-01 1.033071e-01 1.033071e-01 9.317872e-04 9.317872e-04
18 1.108602e-01 1.033071e-01 1.033071e-01 7.553033e-03 7.553033e-03
19 1.268010e-01 1.077383e-01 1.077383e-01 1.906268e-02 1.906268e-02
20 1.346893e-01 1.245339e-01 1.245339e-01 1.015537e-02 1.015537e-02
21 1.394179e-01 1.294174e-01 1.294174e-01 1.000054e-02 1.000054e-02
22 1.400395e-01 1.294174e-01 1.294174e-01 1.062215e-02 1.062215e-02
23 1.418996e-01 1.345070e-01 1.345070e-01 7.392539e-03 7.392539e-03
24 1.444878e-01 1.507634e-01 1.507634e-01 6.275671e-03 6.275671e-03
25 1.561717e-01 1.562201e-01 1.562201e-01 4.843293e-05 4.843293e-05
26 1.850544e-01 1.562201e-01 1.562201e-01 2.883424e-02 2.883424e-02
27 1.974560e-01 1.618697e-01 1.618697e-01 3.558636e-02 3.558636e-02
28 1.985601e-01 1.775528e-01 1.775528e-01 2.100732e-02 2.100732e-02
29 1.995983e-01 1.834876e-01 1.834876e-01 1.611076e-02 1.611076e-02
30 2.093603e-01 1.834876e-01 1.834876e-01 2.587273e-02 2.587273e-02
31 2.269897e-01 1.895946e-01 1.895946e-01 3.739503e-02 3.739503e-02
32 2.452131e-01 2.046808e-01 2.046808e-01 4.053223e-02 4.053223e-02
33 2.837980e-01 2.109993e-01 2.109993e-01 7.279864e-02 7.279864e-02
34 3.136343e-01 2.109993e-01 2.109993e-01 1.026350e-01 1.026350e-01
35 3.277894e-01 2.174667e-01 2.174667e-01 1.103226e-01 1.103226e-01
36 3.329518e-01 2.319382e-01 2.319382e-01 1.010136e-01 1.010136e-01
37 3.593197e-01 2.385492e-01 2.385492e-01 1.207705e-01 1.207705e-01
38 3.617654e-01 2.385492e-01 2.385492e-01 1.232162e-01 1.232162e-01
39 3.635619e-01 2.452832e-01 2.452832e-01 1.182787e-01 1.182787e-01
40 3.814233e-01 2.591323e-01 2.591323e-01 1.222911e-01 1.222911e-01
41 3.959398e-01 2.659497e-01 2.659497e-01 1.299900e-01 1.299900e-01
42 3.989349e-01 2.659497e-01 2.659497e-01 1.329851e-01 1.329851e-01
43 4.170583e-01 2.728643e-01 2.728643e-01 1.441941e-01 1.441941e-01
44 4.242282e-01 2.860903e-01 2.860903e-01 1.381379e-01 1.381379e-01
45 4.348443e-01 2.930352e-01 2.930352e-01 1.418090e-01 1.418090e-01
46 4.994262e-01 2.930352e-01 2.930352e-01 2.063910e-01 2.063910e-01
47 5.311380e-01 3.000517e-01 3.000517e-01 2.310863e-01 2.310863e-01
48 5.445718e-01 3.126619e-01 3.126619e-01 2.319099e-01 2.319099e-01
49 5.479481e-01 3.196634e-01 3.196634e-01 2.282847e-01 2.282847e-01
50 6.127708e-01 3.196634e-01 3.196634e-01 2.931074e-01 2.931074e-01
51 6.451192e-01 3.267126e-01 3.267126e-01 3.184067e-01 3.184067e-01
52 6.488327e-01 3.387198e-01 3.387198e-01 3.101129e-01 3.101129e-01
53 6.689577e-01 3.457155e-01 3.457155e-01 3.232421e-01 3.232421e-01
54 6.749344e-01 3.457155e-01 3.457155e-01 3.292189e-01 3.292189e-01
55 6.784345e-01 3.527372e-01 3.527372e-01 3.256974e-01 3.256974e-01
56 6.891811e-01 3.641593e-01 3.641593e-01 3.250218e-01 3.250218e-01
57 6.971800e-01 3.710960e-01 3.710960e-01 3.260840e-01 3.260840e-01
58 7.077249e-01 3.710960e-01 3.710960e-01 3.366289e-01 3.366289e-01
59 7.219119e-01 3.780392e-01 3.780392e-01 3.438727e-01 3.438727e-01
60 7.219128e-01 3.888975e-01 3.888975e-01 3.330153e-01 3.330153e-01
61 7.357178e-01 3.957305e-01 3.957305e-01 3.399873e-01 3.399873e-01
62 7.397416e-01 3.957305e-01 3.957305e-01 3.440111e-01 3.440111e-01
63 7.539648e-01 4.025532e-01 4.025532e-01 3.514116e-01 3.514116e-01
64 7.609249e-01 4.128718e-01 4.128718e-01 3.480532e-01 3.480532e-01
65 7.693406e-01 4.195645e-01 4.195645e-01 3.497761e-01 3.497761e-01
66 7.736196e-01 4.195645e-01 4.195645e-01 3.540551e-01 3.540551e-01
67 7.830347e-01 4.262328e-01 4.262328e-01 3.568019e-01 3.568019e-01
68 7.837204e-01 4.360371e-01 4.360371e-01 3.476832e-01 3.476832e-01
69 7.978393e-01 4.425606e-01 4.425606e-01 3.552787e-01 3.552787e-01
70 7.979166e-01 4.425606e-01 4.425606e-01 3.553559e-01 3.553559e-01
71 7.998849e-01 4.490480e-01 4.490480e-01 3.508369e-01 3.508369e-01
72 8.025637e-01 4.583646e-01 4.583646e-01 3.441991e-01 3.441991e-01
73 8.025824e-01 4.646967e-01 4.646967e-01 3.378857e-01 3.378857e-01
74 8.059635e-01 4.646967e-01 4.646967e-01 3.412668e-01 3.412668e-01
75 8.105065e-01 4.709833e-01 4.709833e-01 3.395232e-01 3.395232e-01
76 8.131697e-01 4.798387e-01 4.798387e-01 3.333310e-01 3.333310e-01
77 8.231999e-01 4.859631e-01 4.859631e-01 3.372369e-01 3.372369e-01
78 8.235185e-01 4.859631e-01 4.859631e-01 3.375554e-01 3.375554e-01
79 8.239901e-01 4.920347e-01 4.920347e-01 3.319554e-01 3.319554e-01
80 8.330293e-01 5.004553e-01 5.004553e-01 3.325740e-01 3.325740e-01
81 8.438981e-01 5.063607e-01 5.063607e-01 3.375374e-01 3.375374e-01
82 8.444761e-01 5.063607e-01 5.063607e-01 3.381154e-01 3.381154e-01
83 8.488579e-01 5.122080e-01 5.122080e-01 3.366499e-01 3.366499e-01
84 8.499925e-01 5.202194e-01 5.202194e-01 3.297731e-01 3.297731e-01
85 8.500641e-01 5.258991e-01 5.258991e-01 3.241650e-01 3.241650e-01
86 8.529960e-01 5.258991e-01 5.258991e-01 3.270969e-01 3.270969e-01
87 8.553882e-01 5.315169e-01 5.315169e-01 3.238713e-01 3.238713e-01
88 8.569617e-01 5.391437e-01 5.391437e-01 3.178180e-01 3.178180e-01
89 8.612335e-01 5.445944e-01 5.445944e-01 3.166391e-01 3.166391e-01
90 8.630400e-01 5.445944e-01 5.445944e-01 3.184455e-01 3.184455e-01
91 8.662576e-01 5.499807e-01 5.499807e-01 3.162769e-01 3.162769e-01
92 8.761883e-01 5.572464e-01 5.572464e-01 3.189419e-01 3.189419e-01
93 8.771802e-01 5.624679e-01 5.624679e-01 3.147123e-01 3.147123e-01
94 8.782457e-01 5.624679e-01 5.624679e-01 3.157778e-01 3.157778e-01
95 8.804597e-01 5.676235e-01 5.676235e-01 3.128361e-01 3.128361e-01
96 8.811221e-01 5.745504e-01 5.745504e-01 3.065717e-01 3.065717e-01
97 8.820594e-01 5.795446e-01 5.795446e-01 3.025148e-01 3.025148e-01
98 8.827556e-01 5.795446e-01 5.795446e-01 3.032110e-01 3.032110e-01
99 8.842177e-01 5.844725e-01 5.844725e-01 2.997452e-01 2.997452e-01
100 8.851060e-01 5.910815e-01 5.910815e-01 2.940245e-01 2.940245e-01
101 8.855858e-01 5.958522e-01 5.958522e-01 2.897336e-01 2.897336e-01
102 8.867731e-01 5.958522e-01 5.958522e-01 2.909209e-01 2.909209e-01
103 8.872224e-01 6.005570e-01 6.005570e-01 2.866653e-01 2.866653e-01
104 8.901212e-01 6.068678e-01 6.068678e-01 2.832534e-01 2.832534e-01
105 8.902523e-01 6.114203e-01 6.114203e-01 2.788320e-01 2.788320e-01
106 8.915898e-01 6.114203e-01 6.114203e-01 2.801695e-01 2.801695e-01
107 8.956761e-01 6.159079e-01 6.159079e-01 2.797682e-01 2.797682e-01
108 8.984460e-01 6.219388e-01 6.219388e-01 2.765072e-01 2.765072e-01
109 8.989873e-01 6.262794e-01 6.262794e-01 2.727079e-01 2.727079e-01
110 8.996149e-01 6.262794e-01 6.262794e-01 2.733355e-01 2.733355e-01
111 9.013735e-01 6.305564e-01 6.305564e-01 2.708171e-01 2.708171e-01
112 9.028018e-01 6.363244e-01 6.363244e-01 2.664774e-01 2.664774e-01
113 9.036709e-01 6.404602e-01 6.404602e-01 2.632107e-01 2.632107e-01
114 9.045439e-01 6.404602e-01 6.404602e-01 2.640837e-01 2.640837e-01
115 9.047195e-01 6.445341e-01 6.445341e-01 2.601854e-01 2.601854e-01
116 9.076957e-01 6.500551e-01 6.500551e-01 2.576407e-01 2.576407e-01
117 9.085896e-01 6.539935e-01 6.539935e-01 2.545961e-01 2.545961e-01
118 9.102289e-01 6.539935e-01 6.539935e-01 2.562353e-01 2.562353e-01
119 9.123870e-01 6.578722e-01 6.578722e-01 2.545148e-01 2.545148e-01
120 9.129737e-01 6.631607e-01 6.631607e-01 2.498130e-01 2.498130e-01
121 9.143113e-01 6.669097e-01 6.669097e-01 2.474015e-01 2.474015e-01
122 9.144259e-01 6.669097e-01 6.669097e-01 2.475161e-01 2.475161e-01
123 9.145040e-01 6.706011e-01 6.706011e-01 2.439029e-01 2.439029e-01
124 9.157530e-01 6.756709e-01 6.756709e-01 2.400821e-01 2.400821e-01
125 9.173932e-01 6.792384e-01 6.792384e-01 2.381548e-01 2.381548e-01
126 9.181906e-01 6.792384e-01 6.792384e-01 2.389522e-01 2.389522e-01
127 9.196326e-01 6.827505e-01 6.827505e-01 2.368821e-01 2.368821e-01
128 9.201183e-01 6.876142e-01 6.876142e-01 2.325042e-01 2.325042e-01
129 9.202292e-01 6.910082e-01 6.910082e-01 2.292210e-01 2.292210e-01
130 9.211864e-01 6.910082e-01 6.910082e-01 2.301782e-01 2.301782e-01
131 9.222710e-01 6.943491e-01 6.943491e-01 2.279218e-01 2.279218e-01
132 9.254923e-01 6.990183e-01 6.990183e-01 2.264740e-01 2.264740e-01
133 9.277757e-01 7.022467e-01 7.022467e-01 2.255289e-01 2.255289e-01
134 9.292390e-01 7.022467e-01 7.022467e-01 2.269922e-01 2.269922e-01
135 9.313861e-01 7.054245e-01 7.054245e-01 2.259616e-01 2.259616e-01
136 9.321559e-01 7.099100e-01 7.099100e-01 2.222460e-01 2.222460e-01
137 9.332362e-01 7.129806e-01 7.129806e-01 2.202556e-01 2.202556e-01
138 9.338575e-01 7.129806e-01 7.129806e-01 2.208770e-01 2.208770e-01
139 9.375095e-01 7.160029e-01 7.160029e-01 2.215066e-01 2.215066e-01
140 9.393565e-01 7.203146e-01 7.203146e-01 2.190418e-01 2.190418e-01
141 9.397353e-01 7.232350e-01 7.232350e-01 2.165003e-01 2.165003e-01
142 9.447172e-01 7.232350e-01 7.232350e-01 2.214821e-01 2.214821e-01
143 9.479162e-01 7.261094e-01 7.261094e-01 2.218068e-01 2.218068e-01
