# Hello World! This is dune-eigensolver.
# hardware number of threads is 128 number of threads used is 1
# 8 8
# Smallest eigenvalues convergence test

#  n: 28900 A.N(): 28900 br: 1
# GeneralizedInverse:  time_total=1.420466e+02 time_factorization=9.807032e-02 iterations=577

# Arpack: time_total=6.386756e+00 iterations=1

# Eigensolver elapsed time 1.420499e+02

# N= 28900 M= 144 ACCURACY= 1.000000e+00 TOL= 2.000000e-03 THRESHOLD= 9.000000e-02 ESARERROR= 6.574394e-01 ARPERROR= 1.354426e-03 ESANERROR= 0.000000e+00 TIMERATIO= 2.224133e+01 \\

## gen: ftw     ARP-SMALL-TOL  ARPACK-TOL  ES-ARP-SMALL  ES-AR ERROR
00 -1.618714e-15 -1.294537e-16 -1.294537e-16 1.489260e-15 1.489260e-15
01 8.824167e-03 8.824167e-03 8.824167e-03 6.591949e-17 6.591949e-17
02 8.824167e-03 8.824167e-03 8.824167e-03 2.428613e-17 2.428613e-17
03 1.334551e-02 1.334551e-02 1.334551e-02 1.595946e-16 1.595946e-16
04 2.922491e-02 2.922491e-02 2.922491e-02 2.671474e-16 2.671474e-16
05 3.180579e-02 3.180579e-02 3.180579e-02 2.775558e-16 2.775558e-16
06 3.180579e-02 3.180579e-02 3.180579e-02 3.191891e-16 3.191891e-16
07 3.271787e-02 3.271787e-02 3.271787e-02 6.661338e-16 6.661338e-16
08 5.148734e-02 5.148734e-02 5.148734e-02 5.481726e-16 5.481726e-16
09 5.402982e-02 5.402982e-02 5.402982e-02 5.065393e-16 5.065393e-16
10 5.402982e-02 5.402982e-02 5.402982e-02 4.510281e-16 4.510281e-16
11 5.691242e-02 5.691242e-02 5.691242e-02 4.510281e-16 4.510281e-16
12 7.465499e-02 7.465499e-02 7.465499e-02 5.551115e-16 5.551115e-16
13 7.811994e-02 7.811994e-02 7.811994e-02 3.053113e-16 3.053113e-16
14 7.811994e-02 7.811994e-02 7.811994e-02 3.608225e-16 3.608225e-16
15 8.178079e-02 8.178079e-02 8.178079e-02 1.804112e-16 1.804112e-16
16 9.909065e-02 9.909065e-02 9.909065e-02 4.996004e-16 4.996004e-16
17 1.033071e-01 1.033071e-01 1.033071e-01 2.636780e-16 2.636780e-16
18 1.033071e-01 1.033071e-01 1.033071e-01 1.665335e-16 1.665335e-16
19 1.077383e-01 1.077383e-01 1.077383e-01 8.326673e-17 8.326673e-17
20 1.245339e-01 1.245339e-01 1.245339e-01 1.665335e-16 1.665335e-16
21 1.294174e-01 1.294174e-01 1.294174e-01 1.110223e-16 1.110223e-16
22 1.294174e-01 1.294174e-01 1.294174e-01 1.110223e-16 1.110223e-16
23 1.345070e-01 1.345070e-01 1.345070e-01 5.828671e-16 5.828671e-16
24 1.507634e-01 1.507634e-01 1.507634e-01 3.885781e-16 3.885781e-16
25 1.562201e-01 1.562201e-01 1.562201e-01 3.330669e-16 3.330669e-16
26 1.562201e-01 1.562201e-01 1.562201e-01 2.220446e-16 2.220446e-16
27 1.618697e-01 1.618697e-01 1.618697e-01 3.885781e-16 3.885781e-16
28 1.775528e-01 1.775528e-01 1.775528e-01 4.163336e-16 4.163336e-16
29 1.834876e-01 1.834876e-01 1.834876e-01 1.387779e-16 1.387779e-16
30 1.834876e-01 1.834876e-01 1.834876e-01 1.942890e-16 1.942890e-16
31 1.895946e-01 1.895946e-01 1.895946e-01 5.551115e-17 5.551115e-17
32 2.046808e-01 2.046808e-01 2.046808e-01 1.665335e-16 1.665335e-16
33 2.109993e-01 2.109993e-01 2.109993e-01 2.498002e-16 2.498002e-16
34 2.109993e-01 2.109993e-01 2.109993e-01 3.053113e-16 3.053113e-16
35 2.174667e-01 2.174667e-01 2.174667e-01 5.828671e-16 5.828671e-16
36 2.319382e-01 2.319382e-01 2.319382e-01 3.161360e-14 3.161360e-14
37 2.385492e-01 2.385492e-01 2.385492e-01 2.356448e-14 2.356448e-14
38 2.385492e-01 2.385492e-01 2.385492e-01 9.325873e-15 9.325873e-15
39 2.452832e-01 2.452832e-01 2.452832e-01 5.551115e-16 5.551115e-16
40 2.591323e-01 2.591323e-01 2.591323e-01 2.542411e-14 2.542411e-14
41 2.659497e-01 2.659497e-01 2.659497e-01 2.314815e-14 2.314815e-14
42 2.659497e-01 2.659497e-01 2.659497e-01 1.054712e-15 1.054712e-15
43 2.728643e-01 2.728643e-01 2.728643e-01 3.941292e-15 3.941292e-15
44 2.860903e-01 2.860903e-01 2.860903e-01 2.636780e-14 2.636780e-14
45 2.930352e-01 2.930352e-01 2.930352e-01 2.642331e-14 2.642331e-14
46 2.930352e-01 2.930352e-01 2.930352e-01 5.068168e-14 5.068168e-14
47 3.000517e-01 3.000517e-01 3.000517e-01 5.256906e-14 5.256906e-14
48 3.126619e-01 3.126619e-01 3.126619e-01 2.298162e-14 2.298162e-14
49 3.196634e-01 3.196634e-01 3.196634e-01 6.727952e-14 6.727952e-14
50 3.196634e-01 3.196634e-01 3.196634e-01 2.091105e-13 2.091105e-13
51 3.267126e-01 3.267126e-01 3.267126e-01 3.003153e-13 3.003153e-13
52 3.387198e-01 3.387198e-01 3.387198e-01 2.606082e-12 2.606082e-12
53 3.457155e-01 3.457155e-01 3.457155e-01 1.560585e-12 1.560585e-12
54 3.457155e-01 3.457155e-01 3.457155e-01 9.787726e-13 9.787726e-13
55 3.527372e-01 3.527372e-01 3.527372e-01 6.666889e-14 6.666889e-14
56 3.641593e-01 3.641593e-01 3.641593e-01 6.269207e-12 6.269207e-12
57 3.710960e-01 3.710960e-01 3.710960e-01 6.156353e-12 6.156353e-12
58 3.710960e-01 3.710960e-01 3.710960e-01 1.275205e-10 1.275205e-10
59 3.780392e-01 3.780392e-01 3.780392e-01 1.276359e-10 1.276359e-10
60 3.888975e-01 3.888975e-01 3.888975e-01 1.171372e-08 1.171372e-08
61 3.957305e-01 3.957305e-01 3.957305e-01 1.169685e-08 1.169685e-08
62 3.957305e-01 3.957305e-01 3.957305e-01 1.462724e-11 1.462724e-11
63 4.025532e-01 4.025532e-01 4.025532e-01 3.150225e-11 3.150225e-11
64 4.128718e-01 4.128718e-01 4.128718e-01 7.676583e-09 7.676583e-09
65 4.195645e-01 4.195645e-01 4.195645e-01 7.251302e-09 7.251302e-09
66 4.195645e-01 4.195645e-01 4.195645e-01 2.610795e-10 2.610795e-10
67 4.262328e-01 4.262328e-01 4.262328e-01 1.637058e-10 1.637058e-10
68 4.360371e-01 4.360371e-01 4.360371e-01 4.539830e-10 4.539830e-10
69 4.425606e-01 4.425606e-01 4.425606e-01 2.666264e-10 2.666264e-10
70 4.425606e-01 4.425606e-01 4.425606e-01 3.940603e-11 3.940603e-11
71 4.490480e-01 4.490480e-01 4.490480e-01 1.124287e-10 1.124287e-10
72 4.583646e-01 4.583646e-01 4.583646e-01 6.256857e-10 6.256857e-10
73 4.646967e-01 4.646967e-01 4.646967e-01 9.744074e-10 9.744074e-10
74 4.646967e-01 4.646967e-01 4.646967e-01 2.376049e-09 2.376049e-09
75 4.709833e-01 4.709833e-01 4.709833e-01 4.011728e-09 4.011728e-09
76 4.798388e-01 4.798387e-01 4.798387e-01 4.517460e-08 4.517460e-08
77 4.859630e-01 4.859631e-01 4.859631e-01 4.354918e-08 4.354918e-08
78 4.859634e-01 4.859631e-01 4.859631e-01 2.876240e-07 2.876240e-07
79 4.920344e-01 4.920347e-01 4.920347e-01 2.892499e-07 2.892499e-07
80 5.004559e-01 5.004553e-01 5.004553e-01 6.614129e-07 6.614129e-07
81 5.063603e-01 5.063607e-01 5.063607e-01 4.817447e-07 4.817447e-07
82 5.063606e-01 5.063607e-01 5.063607e-01 1.793981e-07 1.793981e-07
83 5.122080e-01 5.122080e-01 5.122080e-01 2.067968e-11 2.067968e-11
84 5.202195e-01 5.202194e-01 5.202194e-01 1.153643e-07 1.153643e-07
85 5.258993e-01 5.258991e-01 5.258991e-01 1.449201e-07 1.449201e-07
86 5.258996e-01 5.258991e-01 5.258991e-01 4.843299e-07 4.843299e-07
87 5.315162e-01 5.315169e-01 5.315169e-01 7.408953e-07 7.408953e-07
88 5.391441e-01 5.391437e-01 5.391437e-01 3.836478e-07 3.836478e-07
89 5.445941e-01 5.445944e-01 5.445944e-01 3.806945e-07 3.806945e-07
90 5.445945e-01 5.445944e-01 5.445944e-01 2.756242e-08 2.756242e-08
91 5.499833e-01 5.499807e-01 5.499807e-01 2.566090e-06 2.566090e-06
92 5.572442e-01 5.572464e-01 5.572464e-01 2.240238e-06 2.240238e-06
93 5.624678e-01 5.624679e-01 5.624679e-01 5.334167e-08 5.334167e-08
94 5.624996e-01 5.624679e-01 5.624679e-01 3.172418e-05 3.172418e-05
95 5.675915e-01 5.676235e-01 5.676235e-01 3.202961e-05 3.202961e-05
96 5.745518e-01 5.745504e-01 5.745504e-01 1.361587e-06 1.361587e-06
97 5.795443e-01 5.795446e-01 5.795446e-01 2.936860e-07 2.936860e-07
98 5.795444e-01 5.795446e-01 5.795446e-01 1.461920e-07 1.461920e-07
99 5.844717e-01 5.844725e-01 5.844725e-01 7.469014e-07 7.469014e-07
100 5.910816e-01 5.910815e-01 5.910815e-01 5.939569e-08 5.939569e-08
101 5.958522e-01 5.958522e-01 5.958522e-01 6.006831e-08 6.006831e-08
102 5.958526e-01 5.958522e-01 5.958522e-01 4.122776e-07 4.122776e-07
103 6.005566e-01 6.005570e-01 6.005570e-01 4.105354e-07 4.105354e-07
104 6.068679e-01 6.068678e-01 6.068678e-01 2.534012e-08 2.534012e-08
105 6.114270e-01 6.114203e-01 6.114203e-01 6.642868e-06 6.642868e-06
106 6.114310e-01 6.114203e-01 6.114203e-01 1.063240e-05 1.063240e-05
107 6.158908e-01 6.159079e-01 6.159079e-01 1.712408e-05 1.712408e-05
108 6.219390e-01 6.219388e-01 6.219388e-01 2.182606e-07 2.182606e-07
109 6.262789e-01 6.262794e-01 6.262794e-01 4.429656e-07 4.429656e-07
110 6.262793e-01 6.262794e-01 6.262794e-01 1.594412e-08 1.594412e-08
111 6.305574e-01 6.305564e-01 6.305564e-01 9.325305e-07 9.325305e-07
112 6.363894e-01 6.363244e-01 6.363244e-01 6.501558e-05 6.501558e-05
113 6.403952e-01 6.404602e-01 6.404602e-01 6.502112e-05 6.502112e-05
114 6.404621e-01 6.404602e-01 6.404602e-01 1.891039e-06 1.891039e-06
115 6.445314e-01 6.445341e-01 6.445341e-01 2.765739e-06 2.765739e-06
116 6.500583e-01 6.500551e-01 6.500551e-01 3.204076e-06 3.204076e-06
117 6.539931e-01 6.539935e-01 6.539935e-01 3.810109e-07 3.810109e-07
118 6.540574e-01 6.539935e-01 6.539935e-01 6.390506e-05 6.390506e-05
119 6.578063e-01 6.578722e-01 6.578722e-01 6.590364e-05 6.590364e-05
120 6.631616e-01 6.631607e-01 6.631607e-01 8.313992e-07 8.313992e-07
121 6.669080e-01 6.669097e-01 6.669097e-01 1.760662e-06 1.760662e-06
122 6.669137e-01 6.669097e-01 6.669097e-01 4.003664e-06 4.003664e-06
123 6.707698e-01 6.706011e-01 6.706011e-01 1.687551e-04 1.687551e-04
124 6.761024e-01 6.756709e-01 6.756709e-01 4.315069e-04 4.315069e-04
125 6.786359e-01 6.792384e-01 6.792384e-01 6.024450e-04 6.024450e-04
126 6.792378e-01 6.792384e-01 6.792384e-01 5.471496e-07 5.471496e-07
127 6.827493e-01 6.827505e-01 6.827505e-01 1.244084e-06 1.244084e-06
128 6.876263e-01 6.876142e-01 6.876142e-01 1.215509e-05 1.215509e-05
129 6.910011e-01 6.910082e-01 6.910082e-01 7.083451e-06 7.083451e-06
130 6.912360e-01 6.910082e-01 6.910082e-01 2.278340e-04 2.278340e-04
131 6.941331e-01 6.943491e-01 6.943491e-01 2.160320e-04 2.160320e-04
132 6.990035e-01 6.990183e-01 6.990183e-01 1.479664e-05 1.479664e-05
133 7.022462e-01 7.022467e-01 7.022467e-01 5.576867e-07 5.576867e-07
134 7.022907e-01 7.022467e-01 7.022467e-01 4.392557e-05 4.392557e-05
135 7.053857e-01 7.054245e-01 7.054245e-01 3.880169e-05 3.880169e-05
136 7.099347e-01 7.099100e-01 7.099100e-01 2.475639e-05 2.475639e-05
137 7.129801e-01 7.129806e-01 7.129806e-01 5.149384e-07 5.149384e-07
138 7.130874e-01 7.129806e-01 7.129806e-01 1.068138e-04 1.068138e-04
139 7.158714e-01 7.160029e-01 7.160029e-01 1.315141e-04 1.315141e-04
140 7.203225e-01 7.203146e-01 7.203146e-01 7.842874e-06 7.842874e-06
141 7.234044e-01 7.232350e-01 7.232350e-01 1.693568e-04 1.693568e-04
142 7.244087e-01 7.232350e-01 7.232350e-01 1.173662e-03 1.173662e-03
143 7.247550e-01 7.261094e-01 7.261094e-01 1.354426e-03 1.354426e-03
