# Hello World! This is dune-eigensolver.
# hardware number of threads is 128 number of threads used is 1
# 8 8
# Smallest eigenvalues convergence test

#  n: 28900 A.N(): 28900 br: 1
# GeneralizedInverse:  time_total=2.852708e+00 time_factorization=9.628392e-02 iterations=11

# Arpack: time_total=6.347982e+00 iterations=1

# Eigensolver elapsed time 2.855651e+00

# N= 28900 M= 144 ACCURACY= 7.500000e-01 TOL= 2.000000e-01 THRESHOLD= 9.000000e-02 ESARERROR= 8.058477e-01 ARPERROR= 1.492492e-01 ESANERROR= 0.000000e+00 TIMERATIO= 4.498518e-01 \\

## gen: ftw     ARP-SMALL-TOL  ARPACK-TOL  ES-ARP-SMALL  ES-AR ERROR
00 -1.272853e-16 -1.294537e-16 -1.294537e-16 2.168404e-18 2.168404e-18
01 8.824184e-03 8.824167e-03 8.824167e-03 1.686104e-08 1.686104e-08
02 8.824764e-03 8.824167e-03 8.824167e-03 5.969201e-07 5.969201e-07
03 1.334490e-02 1.334551e-02 1.334551e-02 6.114977e-07 6.114977e-07
04 2.956782e-02 2.922491e-02 2.922491e-02 3.429142e-04 3.429142e-04
05 3.163318e-02 3.180579e-02 3.180579e-02 1.726125e-04 1.726125e-04
06 3.201703e-02 3.180579e-02 3.180579e-02 2.112387e-04 2.112387e-04
07 3.235792e-02 3.271787e-02 3.271787e-02 3.599439e-04 3.599439e-04
08 5.275400e-02 5.148734e-02 5.148734e-02 1.266663e-03 1.266663e-03
09 5.364309e-02 5.402982e-02 5.402982e-02 3.867293e-04 3.867293e-04
10 5.478275e-02 5.402982e-02 5.402982e-02 7.529260e-04 7.529260e-04
11 5.531202e-02 5.691242e-02 5.691242e-02 1.600391e-03 1.600391e-03
12 7.498084e-02 7.465499e-02 7.465499e-02 3.258558e-04 3.258558e-04
13 7.869717e-02 7.811994e-02 7.811994e-02 5.772297e-04 5.772297e-04
14 7.874181e-02 7.811994e-02 7.811994e-02 6.218768e-04 6.218768e-04
15 8.712893e-02 8.178079e-02 8.178079e-02 5.348138e-03 5.348138e-03
16 9.707882e-02 9.909065e-02 9.909065e-02 2.011833e-03 2.011833e-03
17 1.008812e-01 1.033071e-01 1.033071e-01 2.425969e-03 2.425969e-03
18 1.029412e-01 1.033071e-01 1.033071e-01 3.659539e-04 3.659539e-04
19 1.128063e-01 1.077383e-01 1.077383e-01 5.067911e-03 5.067911e-03
20 1.272931e-01 1.245339e-01 1.245339e-01 2.759226e-03 2.759226e-03
21 1.274203e-01 1.294174e-01 1.294174e-01 1.997022e-03 1.997022e-03
22 1.307115e-01 1.294174e-01 1.294174e-01 1.294147e-03 1.294147e-03
23 1.371056e-01 1.345070e-01 1.345070e-01 2.598624e-03 2.598624e-03
24 1.432565e-01 1.507634e-01 1.507634e-01 7.506906e-03 7.506906e-03
25 1.562275e-01 1.562201e-01 1.562201e-01 7.391502e-06 7.391502e-06
26 1.656889e-01 1.562201e-01 1.562201e-01 9.468776e-03 9.468776e-03
27 1.657106e-01 1.618697e-01 1.618697e-01 3.840932e-03 3.840932e-03
28 1.750537e-01 1.775528e-01 1.775528e-01 2.499051e-03 2.499051e-03
29 1.792751e-01 1.834876e-01 1.834876e-01 4.212487e-03 4.212487e-03
30 1.981248e-01 1.834876e-01 1.834876e-01 1.463724e-02 1.463724e-02
31 1.982543e-01 1.895946e-01 1.895946e-01 8.659655e-03 8.659655e-03
32 1.993160e-01 2.046808e-01 2.046808e-01 5.364870e-03 5.364870e-03
33 2.040471e-01 2.109993e-01 2.109993e-01 6.952225e-03 6.952225e-03
34 2.141212e-01 2.109993e-01 2.109993e-01 3.121840e-03 3.121840e-03
35 2.170054e-01 2.174667e-01 2.174667e-01 4.612952e-04 4.612952e-04
36 2.299187e-01 2.319382e-01 2.319382e-01 2.019522e-03 2.019522e-03
37 2.391641e-01 2.385492e-01 2.385492e-01 6.149043e-04 6.149043e-04
38 2.407228e-01 2.385492e-01 2.385492e-01 2.173622e-03 2.173622e-03
39 2.420624e-01 2.452832e-01 2.452832e-01 3.220841e-03 3.220841e-03
40 2.535143e-01 2.591323e-01 2.591323e-01 5.617986e-03 5.617986e-03
41 2.663437e-01 2.659497e-01 2.659497e-01 3.940323e-04 3.940323e-04
42 2.683546e-01 2.659497e-01 2.659497e-01 2.404841e-03 2.404841e-03
43 2.809707e-01 2.728643e-01 2.728643e-01 8.106438e-03 8.106438e-03
44 2.871953e-01 2.860903e-01 2.860903e-01 1.105002e-03 1.105002e-03
45 2.951087e-01 2.930352e-01 2.930352e-01 2.073514e-03 2.073514e-03
46 2.963964e-01 2.930352e-01 2.930352e-01 3.361216e-03 3.361216e-03
47 3.019249e-01 3.000517e-01 3.000517e-01 1.873172e-03 1.873172e-03
48 3.029233e-01 3.126619e-01 3.126619e-01 9.738585e-03 9.738585e-03
49 3.323077e-01 3.196634e-01 3.196634e-01 1.264433e-02 1.264433e-02
50 3.338269e-01 3.196634e-01 3.196634e-01 1.416353e-02 1.416353e-02
51 3.395575e-01 3.267126e-01 3.267126e-01 1.284489e-02 1.284489e-02
52 3.409236e-01 3.387198e-01 3.387198e-01 2.203855e-03 2.203855e-03
53 3.522948e-01 3.457155e-01 3.457155e-01 6.579218e-03 6.579218e-03
54 3.581757e-01 3.457155e-01 3.457155e-01 1.246020e-02 1.246020e-02
55 3.612316e-01 3.527372e-01 3.527372e-01 8.494400e-03 8.494400e-03
56 3.685313e-01 3.641593e-01 3.641593e-01 4.372088e-03 4.372088e-03
57 3.715319e-01 3.710960e-01 3.710960e-01 4.358986e-04 4.358986e-04
58 3.723414e-01 3.710960e-01 3.710960e-01 1.245449e-03 1.245449e-03
59 3.764272e-01 3.780392e-01 3.780392e-01 1.612049e-03 1.612049e-03
60 3.890721e-01 3.888975e-01 3.888975e-01 1.746072e-04 1.746072e-04
61 3.972874e-01 3.957305e-01 3.957305e-01 1.556842e-03 1.556842e-03
62 4.032107e-01 3.957305e-01 3.957305e-01 7.480202e-03 7.480202e-03
63 4.056572e-01 4.025532e-01 4.025532e-01 3.104017e-03 3.104017e-03
64 4.059350e-01 4.128718e-01 4.128718e-01 6.936762e-03 6.936762e-03
65 4.216985e-01 4.195645e-01 4.195645e-01 2.134064e-03 2.134064e-03
66 4.268957e-01 4.195645e-01 4.195645e-01 7.331205e-03 7.331205e-03
67 4.293898e-01 4.262328e-01 4.262328e-01 3.157045e-03 3.157045e-03
68 4.304168e-01 4.360371e-01 4.360371e-01 5.620313e-03 5.620313e-03
69 4.487313e-01 4.425606e-01 4.425606e-01 6.170631e-03 6.170631e-03
70 4.544468e-01 4.425606e-01 4.425606e-01 1.188620e-02 1.188620e-02
71 4.592024e-01 4.490480e-01 4.490480e-01 1.015438e-02 1.015438e-02
72 4.610392e-01 4.583646e-01 4.583646e-01 2.674547e-03 2.674547e-03
73 4.622836e-01 4.646967e-01 4.646967e-01 2.413075e-03 2.413075e-03
74 4.709513e-01 4.646967e-01 4.646967e-01 6.254670e-03 6.254670e-03
75 4.725638e-01 4.709833e-01 4.709833e-01 1.580563e-03 1.580563e-03
76 4.786016e-01 4.798387e-01 4.798387e-01 1.237083e-03 1.237083e-03
77 4.787179e-01 4.859631e-01 4.859631e-01 7.245170e-03 7.245170e-03
78 4.940959e-01 4.859631e-01 4.859631e-01 8.132883e-03 8.132883e-03
79 4.988317e-01 4.920347e-01 4.920347e-01 6.797054e-03 6.797054e-03
80 5.059090e-01 5.004553e-01 5.004553e-01 5.453756e-03 5.453756e-03
81 5.189054e-01 5.063607e-01 5.063607e-01 1.254467e-02 1.254467e-02
82 5.195965e-01 5.063607e-01 5.063607e-01 1.323577e-02 1.323577e-02
83 5.200236e-01 5.122080e-01 5.122080e-01 7.815545e-03 7.815545e-03
84 5.273941e-01 5.202194e-01 5.202194e-01 7.174638e-03 7.174638e-03
85 5.421785e-01 5.258991e-01 5.258991e-01 1.627938e-02 1.627938e-02
86 5.542982e-01 5.258991e-01 5.258991e-01 2.839910e-02 2.839910e-02
87 5.548870e-01 5.315169e-01 5.315169e-01 2.337012e-02 2.337012e-02
88 5.551444e-01 5.391437e-01 5.391437e-01 1.600071e-02 1.600071e-02
89 5.631900e-01 5.445944e-01 5.445944e-01 1.859556e-02 1.859556e-02
90 5.650228e-01 5.445944e-01 5.445944e-01 2.042838e-02 2.042838e-02
91 5.792474e-01 5.499807e-01 5.499807e-01 2.926669e-02 2.926669e-02
92 5.810352e-01 5.572464e-01 5.572464e-01 2.378878e-02 2.378878e-02
93 5.843419e-01 5.624679e-01 5.624679e-01 2.187398e-02 2.187398e-02
94 5.852839e-01 5.624679e-01 5.624679e-01 2.281600e-02 2.281600e-02
95 5.876176e-01 5.676235e-01 5.676235e-01 1.999405e-02 1.999405e-02
96 5.877524e-01 5.745504e-01 5.745504e-01 1.320195e-02 1.320195e-02
97 5.945061e-01 5.795446e-01 5.795446e-01 1.496154e-02 1.496154e-02
98 5.951421e-01 5.795446e-01 5.795446e-01 1.559753e-02 1.559753e-02
99 6.005903e-01 5.844725e-01 5.844725e-01 1.611784e-02 1.611784e-02
100 6.138115e-01 5.910815e-01 5.910815e-01 2.272997e-02 2.272997e-02
101 6.266429e-01 5.958522e-01 5.958522e-01 3.079067e-02 3.079067e-02
102 6.278830e-01 5.958522e-01 5.958522e-01 3.203080e-02 3.203080e-02
103 6.357219e-01 6.005570e-01 6.005570e-01 3.516488e-02 3.516488e-02
104 6.442243e-01 6.068678e-01 6.068678e-01 3.735649e-02 3.735649e-02
105 6.602714e-01 6.114203e-01 6.114203e-01 4.885104e-02 4.885104e-02
106 6.614198e-01 6.114203e-01 6.114203e-01 4.999943e-02 4.999943e-02
107 6.628812e-01 6.159079e-01 6.159079e-01 4.697332e-02 4.697332e-02
108 6.711562e-01 6.219388e-01 6.219388e-01 4.921742e-02 4.921742e-02
109 6.830690e-01 6.262794e-01 6.262794e-01 5.678966e-02 5.678966e-02
110 6.909491e-01 6.262794e-01 6.262794e-01 6.466977e-02 6.466977e-02
111 7.023894e-01 6.305564e-01 6.305564e-01 7.183294e-02 7.183294e-02
112 7.089838e-01 6.363244e-01 6.363244e-01 7.265943e-02 7.265943e-02
113 7.144509e-01 6.404602e-01 6.404602e-01 7.399076e-02 7.399076e-02
114 7.225505e-01 6.404602e-01 6.404602e-01 8.209033e-02 8.209033e-02
115 7.260647e-01 6.445341e-01 6.445341e-01 8.153052e-02 8.153052e-02
116 7.349858e-01 6.500551e-01 6.500551e-01 8.493074e-02 8.493074e-02
117 7.376227e-01 6.539935e-01 6.539935e-01 8.362922e-02 8.362922e-02
118 7.378123e-01 6.539935e-01 6.539935e-01 8.381882e-02 8.381882e-02
119 7.421688e-01 6.578722e-01 6.578722e-01 8.429663e-02 8.429663e-02
120 7.439377e-01 6.631607e-01 6.631607e-01 8.077697e-02 8.077697e-02
121 7.445717e-01 6.669097e-01 6.669097e-01 7.766195e-02 7.766195e-02
122 7.570920e-01 6.669097e-01 6.669097e-01 9.018227e-02 9.018227e-02
123 7.664568e-01 6.706011e-01 6.706011e-01 9.585574e-02 9.585574e-02
124 7.697348e-01 6.756709e-01 6.756709e-01 9.406387e-02 9.406387e-02
125 7.822956e-01 6.792384e-01 6.792384e-01 1.030572e-01 1.030572e-01
126 8.047466e-01 6.792384e-01 6.792384e-01 1.255083e-01 1.255083e-01
127 8.062970e-01 6.827505e-01 6.827505e-01 1.235465e-01 1.235465e-01
128 8.077797e-01 6.876142e-01 6.876142e-01 1.201656e-01 1.201656e-01
129 8.140178e-01 6.910082e-01 6.910082e-01 1.230096e-01 1.230096e-01
130 8.188398e-01 6.910082e-01 6.910082e-01 1.278317e-01 1.278317e-01
131 8.211957e-01 6.943491e-01 6.943491e-01 1.268465e-01 1.268465e-01
132 8.295924e-01 6.990183e-01 6.990183e-01 1.305741e-01 1.305741e-01
133 8.313119e-01 7.022467e-01 7.022467e-01 1.290652e-01 1.290652e-01
134 8.375652e-01 7.022467e-01 7.022467e-01 1.353184e-01 1.353184e-01
135 8.379855e-01 7.054245e-01 7.054245e-01 1.325610e-01 1.325610e-01
136 8.404545e-01 7.099100e-01 7.099100e-01 1.305446e-01 1.305446e-01
137 8.429436e-01 7.129806e-01 7.129806e-01 1.299631e-01 1.299631e-01
138 8.536785e-01 7.129806e-01 7.129806e-01 1.406979e-01 1.406979e-01
139 8.613195e-01 7.160029e-01 7.160029e-01 1.453166e-01 1.453166e-01
140 8.641310e-01 7.203146e-01 7.203146e-01 1.438164e-01 1.438164e-01
141 8.680322e-01 7.232350e-01 7.232350e-01 1.447971e-01 1.447971e-01
142 8.724843e-01 7.232350e-01 7.232350e-01 1.492492e-01 1.492492e-01
143 8.731633e-01 7.261094e-01 7.261094e-01 1.470538e-01 1.470538e-01
