# Hello World! This is dune-eigensolver.
# hardware number of threads is 128 number of threads used is 1
# 8 8
# Smallest eigenvalues convergence test

#  n: 28900 A.N(): 28900 br: 1
# GeneralizedInverse:  time_total=2.944034e+02 time_factorization=9.697305e-02 iterations=1228

# Arpack: time_total=6.285805e+00 iterations=1

# Eigensolver elapsed time 2.944061e+02

# N= 28900 M= 144 ACCURACY= 1.000000e+00 TOL= 2.000000e-04 THRESHOLD= 9.000000e-02 ESARERROR= 6.587702e-01 ARPERROR= 2.366198e-05 ESANERROR= 0.000000e+00 TIMERATIO= 4.683666e+01 \\

## gen: ftw     ARP-SMALL-TOL  ARPACK-TOL  ES-ARP-SMALL  ES-AR ERROR
00 -1.618714e-15 -1.294537e-16 -1.294537e-16 1.489260e-15 1.489260e-15
01 8.824167e-03 8.824167e-03 8.824167e-03 1.457168e-16 1.457168e-16
02 8.824167e-03 8.824167e-03 8.824167e-03 4.857226e-17 4.857226e-17
03 1.334551e-02 1.334551e-02 1.334551e-02 1.318390e-16 1.318390e-16
04 2.922491e-02 2.922491e-02 2.922491e-02 2.844947e-16 2.844947e-16
05 3.180579e-02 3.180579e-02 3.180579e-02 3.538836e-16 3.538836e-16
06 3.180579e-02 3.180579e-02 3.180579e-02 3.955170e-16 3.955170e-16
07 3.271787e-02 3.271787e-02 3.271787e-02 6.175616e-16 6.175616e-16
08 5.148734e-02 5.148734e-02 5.148734e-02 5.481726e-16 5.481726e-16
09 5.402982e-02 5.402982e-02 5.402982e-02 5.065393e-16 5.065393e-16
10 5.402982e-02 5.402982e-02 5.402982e-02 4.024558e-16 4.024558e-16
11 5.691242e-02 5.691242e-02 5.691242e-02 4.371503e-16 4.371503e-16
12 7.465499e-02 7.465499e-02 7.465499e-02 4.857226e-16 4.857226e-16
13 7.811994e-02 7.811994e-02 7.811994e-02 4.440892e-16 4.440892e-16
14 7.811994e-02 7.811994e-02 7.811994e-02 6.938894e-17 6.938894e-17
15 8.178079e-02 8.178079e-02 8.178079e-02 2.636780e-16 2.636780e-16
16 9.909065e-02 9.909065e-02 9.909065e-02 7.077672e-16 7.077672e-16
17 1.033071e-01 1.033071e-01 1.033071e-01 3.885781e-16 3.885781e-16
18 1.033071e-01 1.033071e-01 1.033071e-01 4.024558e-16 4.024558e-16
19 1.077383e-01 1.077383e-01 1.077383e-01 3.747003e-16 3.747003e-16
20 1.245339e-01 1.245339e-01 1.245339e-01 3.608225e-16 3.608225e-16
21 1.294174e-01 1.294174e-01 1.294174e-01 5.551115e-17 5.551115e-17
22 1.294174e-01 1.294174e-01 1.294174e-01 5.551115e-17 5.551115e-17
23 1.345070e-01 1.345070e-01 1.345070e-01 3.053113e-16 3.053113e-16
24 1.507634e-01 1.507634e-01 1.507634e-01 3.608225e-16 3.608225e-16
25 1.562201e-01 1.562201e-01 1.562201e-01 3.608225e-16 3.608225e-16
26 1.562201e-01 1.562201e-01 1.562201e-01 3.053113e-16 3.053113e-16
27 1.618697e-01 1.618697e-01 1.618697e-01 2.220446e-16 2.220446e-16
28 1.775528e-01 1.775528e-01 1.775528e-01 1.665335e-16 1.665335e-16
29 1.834876e-01 1.834876e-01 1.834876e-01 1.110223e-16 1.110223e-16
30 1.834876e-01 1.834876e-01 1.834876e-01 2.775558e-16 2.775558e-16
31 1.895946e-01 1.895946e-01 1.895946e-01 2.775558e-17 2.775558e-17
32 2.046808e-01 2.046808e-01 2.046808e-01 1.665335e-16 1.665335e-16
33 2.109993e-01 2.109993e-01 2.109993e-01 1.942890e-16 1.942890e-16
34 2.109993e-01 2.109993e-01 2.109993e-01 3.330669e-16 3.330669e-16
35 2.174667e-01 2.174667e-01 2.174667e-01 1.942890e-16 1.942890e-16
36 2.319382e-01 2.319382e-01 2.319382e-01 4.996004e-16 4.996004e-16
37 2.385492e-01 2.385492e-01 2.385492e-01 3.885781e-16 3.885781e-16
38 2.385492e-01 2.385492e-01 2.385492e-01 3.608225e-16 3.608225e-16
39 2.452832e-01 2.452832e-01 2.452832e-01 2.775558e-17 2.775558e-17
40 2.591323e-01 2.591323e-01 2.591323e-01 8.881784e-16 8.881784e-16
41 2.659497e-01 2.659497e-01 2.659497e-01 4.440892e-16 4.440892e-16
42 2.659497e-01 2.659497e-01 2.659497e-01 1.110223e-16 1.110223e-16
43 2.728643e-01 2.728643e-01 2.728643e-01 5.551115e-17 5.551115e-17
44 2.860903e-01 2.860903e-01 2.860903e-01 2.220446e-16 2.220446e-16
45 2.930352e-01 2.930352e-01 2.930352e-01 4.440892e-16 4.440892e-16
46 2.930352e-01 2.930352e-01 2.930352e-01 7.771561e-16 7.771561e-16
47 3.000517e-01 3.000517e-01 3.000517e-01 3.885781e-16 3.885781e-16
48 3.126619e-01 3.126619e-01 3.126619e-01 3.330669e-16 3.330669e-16
49 3.196634e-01 3.196634e-01 3.196634e-01 3.330669e-16 3.330669e-16
50 3.196634e-01 3.196634e-01 3.196634e-01 3.330669e-16 3.330669e-16
51 3.267126e-01 3.267126e-01 3.267126e-01 1.665335e-16 1.665335e-16
52 3.387198e-01 3.387198e-01 3.387198e-01 8.881784e-16 8.881784e-16
53 3.457155e-01 3.457155e-01 3.457155e-01 1.165734e-15 1.165734e-15
54 3.457155e-01 3.457155e-01 3.457155e-01 3.885781e-16 3.885781e-16
55 3.527372e-01 3.527372e-01 3.527372e-01 7.216450e-16 7.216450e-16
56 3.641593e-01 3.641593e-01 3.641593e-01 4.440892e-16 4.440892e-16
57 3.710960e-01 3.710960e-01 3.710960e-01 4.440892e-16 4.440892e-16
58 3.710960e-01 3.710960e-01 3.710960e-01 5.551115e-16 5.551115e-16
59 3.780392e-01 3.780392e-01 3.780392e-01 2.775558e-16 2.775558e-16
60 3.888975e-01 3.888975e-01 3.888975e-01 3.330669e-16 3.330669e-16
61 3.957305e-01 3.957305e-01 3.957305e-01 4.440892e-16 4.440892e-16
62 3.957305e-01 3.957305e-01 3.957305e-01 7.216450e-16 7.216450e-16
63 4.025532e-01 4.025532e-01 4.025532e-01 9.436896e-16 9.436896e-16
64 4.128718e-01 4.128718e-01 4.128718e-01 3.330669e-16 3.330669e-16
65 4.195645e-01 4.195645e-01 4.195645e-01 3.885781e-16 3.885781e-16
66 4.195645e-01 4.195645e-01 4.195645e-01 1.665335e-16 1.665335e-16
67 4.262328e-01 4.262328e-01 4.262328e-01 2.220446e-16 2.220446e-16
68 4.360371e-01 4.360371e-01 4.360371e-01 1.110223e-16 1.110223e-16
69 4.425606e-01 4.425606e-01 4.425606e-01 9.436896e-16 9.436896e-16
70 4.425606e-01 4.425606e-01 4.425606e-01 1.054712e-15 1.054712e-15
71 4.490480e-01 4.490480e-01 4.490480e-01 4.440892e-16 4.440892e-16
72 4.583646e-01 4.583646e-01 4.583646e-01 3.330669e-16 3.330669e-16
73 4.646967e-01 4.646967e-01 4.646967e-01 0.000000e+00 0.000000e+00
74 4.646967e-01 4.646967e-01 4.646967e-01 2.220446e-16 2.220446e-16
75 4.709833e-01 4.709833e-01 4.709833e-01 0.000000e+00 0.000000e+00
76 4.798387e-01 4.798387e-01 4.798387e-01 2.609024e-15 2.609024e-15
77 4.859631e-01 4.859631e-01 4.859631e-01 3.885781e-15 3.885781e-15
78 4.859631e-01 4.859631e-01 4.859631e-01 2.703393e-14 2.703393e-14
79 4.920347e-01 4.920347e-01 4.920347e-01 2.697842e-14 2.697842e-14
80 5.004553e-01 5.004553e-01 5.004553e-01 1.580958e-13 1.580958e-13
81 5.063607e-01 5.063607e-01 5.063607e-01 1.150191e-13 1.150191e-13
82 5.063607e-01 5.063607e-01 5.063607e-01 4.418688e-14 4.418688e-14
83 5.122080e-01 5.122080e-01 5.122080e-01 3.330669e-16 3.330669e-16
84 5.202194e-01 5.202194e-01 5.202194e-01 8.548717e-14 8.548717e-14
85 5.258991e-01 5.258991e-01 5.258991e-01 1.686429e-13 1.686429e-13
86 5.258991e-01 5.258991e-01 5.258991e-01 4.954925e-13 4.954925e-13
87 5.315169e-01 5.315169e-01 5.315169e-01 7.492895e-13 7.492895e-13
88 5.391437e-01 5.391437e-01 5.391437e-01 8.140155e-13 8.140155e-13
89 5.445944e-01 5.445944e-01 5.445944e-01 8.010259e-13 8.010259e-13
90 5.445944e-01 5.445944e-01 5.445944e-01 8.015810e-14 8.015810e-14
91 5.499807e-01 5.499807e-01 5.499807e-01 4.996004e-15 4.996004e-15
92 5.572464e-01 5.572464e-01 5.572464e-01 1.859513e-12 1.859513e-12
93 5.624679e-01 5.624679e-01 5.624679e-01 2.380318e-13 2.380318e-13
94 5.624679e-01 5.624679e-01 5.624679e-01 2.262962e-10 2.262962e-10
95 5.676235e-01 5.676235e-01 5.676235e-01 2.280198e-10 2.280198e-10
96 5.745504e-01 5.745504e-01 5.745504e-01 1.775191e-11 1.775191e-11
97 5.795446e-01 5.795446e-01 5.795446e-01 3.716361e-12 3.716361e-12
98 5.795446e-01 5.795446e-01 5.795446e-01 1.284417e-12 1.284417e-12
99 5.844725e-01 5.844725e-01 5.844725e-01 1.524147e-11 1.524147e-11
100 5.910815e-01 5.910815e-01 5.910815e-01 6.753820e-12 6.753820e-12
101 5.958522e-01 5.958522e-01 5.958522e-01 1.401879e-12 1.401879e-12
102 5.958522e-01 5.958522e-01 5.958522e-01 1.592915e-11 1.592915e-11
103 6.005570e-01 6.005570e-01 6.005570e-01 2.113532e-11 2.113532e-11
104 6.068678e-01 6.068678e-01 6.068678e-01 1.200517e-11 1.200517e-11
105 6.114203e-01 6.114203e-01 6.114203e-01 4.974413e-10 4.974413e-10
106 6.114203e-01 6.114203e-01 6.114203e-01 7.960672e-10 7.960672e-10
107 6.159079e-01 6.159079e-01 6.159079e-01 1.304623e-09 1.304623e-09
108 6.219388e-01 6.219388e-01 6.219388e-01 6.655954e-11 6.655954e-11
109 6.262794e-01 6.262794e-01 6.262794e-01 5.193768e-11 5.193768e-11
110 6.262794e-01 6.262794e-01 6.262794e-01 4.164447e-13 4.164447e-13
111 6.305564e-01 6.305564e-01 6.305564e-01 8.669732e-12 8.669732e-12
112 6.363244e-01 6.363244e-01 6.363244e-01 1.476248e-08 1.476248e-08
113 6.404602e-01 6.404602e-01 6.404602e-01 1.454164e-08 1.454164e-08
114 6.404602e-01 6.404602e-01 6.404602e-01 5.423731e-10 5.423731e-10
115 6.445341e-01 6.445341e-01 6.445341e-01 7.682180e-10 7.682180e-10
116 6.500551e-01 6.500551e-01 6.500551e-01 1.307325e-09 1.307325e-09
117 6.539935e-01 6.539935e-01 6.539935e-01 8.879553e-11 8.879553e-11
118 6.539936e-01 6.539935e-01 6.539935e-01 2.994445e-08 2.994445e-08
119 6.578721e-01 6.578722e-01 6.578722e-01 3.113673e-08 3.113673e-08
120 6.631607e-01 6.631607e-01 6.631607e-01 1.166841e-09 1.166841e-09
121 6.669097e-01 6.669097e-01 6.669097e-01 1.152320e-09 1.152320e-09
122 6.669097e-01 6.669097e-01 6.669097e-01 2.659915e-09 2.659915e-09
123 6.706011e-01 6.706011e-01 6.706011e-01 7.283207e-09 7.283207e-09
124 6.756716e-01 6.756709e-01 6.756709e-01 6.925610e-07 6.925610e-07
125 6.792377e-01 6.792384e-01 6.792384e-01 7.005539e-07 7.005539e-07
126 6.792384e-01 6.792384e-01 6.792384e-01 3.809648e-10 3.809648e-10
127 6.827505e-01 6.827505e-01 6.827505e-01 1.608436e-09 1.608436e-09
128 6.876142e-01 6.876142e-01 6.876142e-01 1.981521e-08 1.981521e-08
129 6.910082e-01 6.910082e-01 6.910082e-01 9.773238e-09 9.773238e-09
130 6.910086e-01 6.910082e-01 6.910082e-01 4.620665e-07 4.620665e-07
131 6.943487e-01 6.943491e-01 6.943491e-01 4.695791e-07 4.695791e-07
132 6.990183e-01 6.990183e-01 6.990183e-01 2.553757e-09 2.553757e-09
133 7.022467e-01 7.022467e-01 7.022467e-01 9.908746e-10 9.908746e-10
134 7.022469e-01 7.022467e-01 7.022467e-01 1.261529e-07 1.261529e-07
135 7.054244e-01 7.054245e-01 7.054245e-01 1.284988e-07 1.284988e-07
136 7.099101e-01 7.099100e-01 7.099100e-01 1.141040e-07 1.141040e-07
137 7.129806e-01 7.129806e-01 7.129806e-01 1.390244e-08 1.390244e-08
138 7.129810e-01 7.129806e-01 7.129806e-01 4.585728e-07 4.585728e-07
139 7.160023e-01 7.160029e-01 7.160029e-01 5.857881e-07 5.857881e-07
140 7.203147e-01 7.203146e-01 7.203146e-01 7.061636e-08 7.061636e-08
141 7.232361e-01 7.232350e-01 7.232350e-01 1.035247e-06 1.035247e-06
142 7.232576e-01 7.232350e-01 7.232350e-01 2.255378e-05 2.255378e-05
143 7.260857e-01 7.261094e-01 7.261094e-01 2.366198e-05 2.366198e-05
