# Hello World! This is dune-eigensolver.
# hardware number of threads is 128 number of threads used is 1
# 8 8
# Smallest eigenvalues convergence test

#  n: 28900 A.N(): 28900 br: 1
# GeneralizedInverse:  time_total=1.786460e+02 time_factorization=9.945239e-02 iterations=746

# Arpack: time_total=6.295582e+00 iterations=1

# Eigensolver elapsed time 1.786471e+02

# N= 28900 M= 144 ACCURACY= 7.500000e-01 TOL= 1.000000e-04 THRESHOLD= 9.000000e-02 ESARERROR= 6.580047e-01 ARPERROR= 7.891066e-04 ESANERROR= 0.000000e+00 TIMERATIO= 2.837658e+01 \\

## gen: ftw     ARP-SMALL-TOL  ARPACK-TOL  ES-ARP-SMALL  ES-AR ERROR
00 -1.618714e-15 -1.294537e-16 -1.294537e-16 1.489260e-15 1.489260e-15
01 8.824167e-03 8.824167e-03 8.824167e-03 6.245005e-17 6.245005e-17
02 8.824167e-03 8.824167e-03 8.824167e-03 1.110223e-16 1.110223e-16
03 1.334551e-02 1.334551e-02 1.334551e-02 1.387779e-16 1.387779e-16
04 2.922491e-02 2.922491e-02 2.922491e-02 3.504141e-16 3.504141e-16
05 3.180579e-02 3.180579e-02 3.180579e-02 3.747003e-16 3.747003e-16
06 3.180579e-02 3.180579e-02 3.180579e-02 5.065393e-16 5.065393e-16
07 3.271787e-02 3.271787e-02 3.271787e-02 5.689893e-16 5.689893e-16
08 5.148734e-02 5.148734e-02 5.148734e-02 5.134781e-16 5.134781e-16
09 5.402982e-02 5.402982e-02 5.402982e-02 4.232725e-16 4.232725e-16
10 5.402982e-02 5.402982e-02 5.402982e-02 4.093947e-16 4.093947e-16
11 5.691242e-02 5.691242e-02 5.691242e-02 4.718448e-16 4.718448e-16
12 7.465499e-02 7.465499e-02 7.465499e-02 6.245005e-16 6.245005e-16
13 7.811994e-02 7.811994e-02 7.811994e-02 2.636780e-16 2.636780e-16
14 7.811994e-02 7.811994e-02 7.811994e-02 3.608225e-16 3.608225e-16
15 8.178079e-02 8.178079e-02 8.178079e-02 2.498002e-16 2.498002e-16
16 9.909065e-02 9.909065e-02 9.909065e-02 5.134781e-16 5.134781e-16
17 1.033071e-01 1.033071e-01 1.033071e-01 4.996004e-16 4.996004e-16
18 1.033071e-01 1.033071e-01 1.033071e-01 3.747003e-16 3.747003e-16
19 1.077383e-01 1.077383e-01 1.077383e-01 2.359224e-16 2.359224e-16
20 1.245339e-01 1.245339e-01 1.245339e-01 4.996004e-16 4.996004e-16
21 1.294174e-01 1.294174e-01 1.294174e-01 2.775558e-16 2.775558e-16
22 1.294174e-01 1.294174e-01 1.294174e-01 2.498002e-16 2.498002e-16
23 1.345070e-01 1.345070e-01 1.345070e-01 4.996004e-16 4.996004e-16
24 1.507634e-01 1.507634e-01 1.507634e-01 2.220446e-16 2.220446e-16
25 1.562201e-01 1.562201e-01 1.562201e-01 1.110223e-16 1.110223e-16
26 1.562201e-01 1.562201e-01 1.562201e-01 2.498002e-16 2.498002e-16
27 1.618697e-01 1.618697e-01 1.618697e-01 2.775558e-16 2.775558e-16
28 1.775528e-01 1.775528e-01 1.775528e-01 4.440892e-16 4.440892e-16
29 1.834876e-01 1.834876e-01 1.834876e-01 5.551115e-17 5.551115e-17
30 1.834876e-01 1.834876e-01 1.834876e-01 3.885781e-16 3.885781e-16
31 1.895946e-01 1.895946e-01 1.895946e-01 5.273559e-16 5.273559e-16
32 2.046808e-01 2.046808e-01 2.046808e-01 2.775558e-16 2.775558e-16
33 2.109993e-01 2.109993e-01 2.109993e-01 7.494005e-16 7.494005e-16
34 2.109993e-01 2.109993e-01 2.109993e-01 1.665335e-16 1.665335e-16
35 2.174667e-01 2.174667e-01 2.174667e-01 1.942890e-16 1.942890e-16
36 2.319382e-01 2.319382e-01 2.319382e-01 3.608225e-16 3.608225e-16
37 2.385492e-01 2.385492e-01 2.385492e-01 1.942890e-16 1.942890e-16
38 2.385492e-01 2.385492e-01 2.385492e-01 3.330669e-16 3.330669e-16
39 2.452832e-01 2.452832e-01 2.452832e-01 5.273559e-16 5.273559e-16
40 2.591323e-01 2.591323e-01 2.591323e-01 7.216450e-16 7.216450e-16
41 2.659497e-01 2.659497e-01 2.659497e-01 2.775558e-16 2.775558e-16
42 2.659497e-01 2.659497e-01 2.659497e-01 1.665335e-16 1.665335e-16
43 2.728643e-01 2.728643e-01 2.728643e-01 2.220446e-16 2.220446e-16
44 2.860903e-01 2.860903e-01 2.860903e-01 5.551115e-17 5.551115e-17
45 2.930352e-01 2.930352e-01 2.930352e-01 5.551115e-17 5.551115e-17
46 2.930352e-01 2.930352e-01 2.930352e-01 2.775558e-16 2.775558e-16
47 3.000517e-01 3.000517e-01 3.000517e-01 3.330669e-16 3.330669e-16
48 3.126619e-01 3.126619e-01 3.126619e-01 4.996004e-16 4.996004e-16
49 3.196634e-01 3.196634e-01 3.196634e-01 3.885781e-16 3.885781e-16
50 3.196634e-01 3.196634e-01 3.196634e-01 2.220446e-16 2.220446e-16
51 3.267126e-01 3.267126e-01 3.267126e-01 6.106227e-16 6.106227e-16
52 3.387198e-01 3.387198e-01 3.387198e-01 2.164935e-15 2.164935e-15
53 3.457155e-01 3.457155e-01 3.457155e-01 1.665335e-15 1.665335e-15
54 3.457155e-01 3.457155e-01 3.457155e-01 1.443290e-15 1.443290e-15
55 3.527372e-01 3.527372e-01 3.527372e-01 3.330669e-16 3.330669e-16
56 3.641593e-01 3.641593e-01 3.641593e-01 1.137979e-14 1.137979e-14
57 3.710960e-01 3.710960e-01 3.710960e-01 1.132427e-14 1.132427e-14
58 3.710960e-01 3.710960e-01 3.710960e-01 2.464695e-13 2.464695e-13
59 3.780392e-01 3.780392e-01 3.780392e-01 2.472467e-13 2.472467e-13
60 3.888975e-01 3.888975e-01 3.888975e-01 3.299477e-11 3.299477e-11
61 3.957305e-01 3.957305e-01 3.957305e-01 3.294320e-11 3.294320e-11
62 3.957305e-01 3.957305e-01 3.957305e-01 4.829470e-14 4.829470e-14
63 4.025532e-01 4.025532e-01 4.025532e-01 9.936496e-14 9.936496e-14
64 4.128718e-01 4.128718e-01 4.128718e-01 3.391515e-11 3.391515e-11
65 4.195645e-01 4.195645e-01 4.195645e-01 3.199596e-11 3.199596e-11
66 4.195645e-01 4.195645e-01 4.195645e-01 1.112666e-12 1.112666e-12
67 4.262328e-01 4.262328e-01 4.262328e-01 8.059664e-13 8.059664e-13
68 4.360371e-01 4.360371e-01 4.360371e-01 3.037071e-12 3.037071e-12
69 4.425606e-01 4.425606e-01 4.425606e-01 1.694533e-12 1.694533e-12
70 4.425606e-01 4.425606e-01 4.425606e-01 2.453038e-13 2.453038e-13
71 4.490480e-01 4.490480e-01 4.490480e-01 1.061151e-12 1.061151e-12
72 4.583646e-01 4.583646e-01 4.583646e-01 6.436185e-12 6.436185e-12
73 4.646967e-01 4.646967e-01 4.646967e-01 1.097378e-11 1.097378e-11
74 4.646967e-01 4.646967e-01 4.646967e-01 2.571116e-11 2.571116e-11
75 4.709833e-01 4.709833e-01 4.709833e-01 4.315609e-11 4.315609e-11
76 4.798387e-01 4.798387e-01 4.798387e-01 6.266963e-10 6.266963e-10
77 4.859631e-01 4.859631e-01 4.859631e-01 6.040713e-10 6.040713e-10
78 4.859631e-01 4.859631e-01 4.859631e-01 4.366405e-09 4.366405e-09
79 4.920347e-01 4.920347e-01 4.920347e-01 4.389033e-09 4.389033e-09
80 5.004553e-01 5.004553e-01 5.004553e-01 1.264476e-08 1.264476e-08
81 5.063607e-01 5.063607e-01 5.063607e-01 9.209744e-09 9.209744e-09
82 5.063607e-01 5.063607e-01 5.063607e-01 3.429405e-09 3.429405e-09
83 5.122080e-01 5.122080e-01 5.122080e-01 4.286793e-12 4.286793e-12
84 5.202194e-01 5.202194e-01 5.202194e-01 2.964064e-09 2.964064e-09
85 5.258992e-01 5.258991e-01 5.258991e-01 4.202574e-09 4.202574e-09
86 5.258992e-01 5.258991e-01 5.258991e-01 1.350204e-08 1.350204e-08
87 5.315169e-01 5.315169e-01 5.315169e-01 2.063757e-08 2.063757e-08
88 5.391437e-01 5.391437e-01 5.391437e-01 1.298535e-08 1.298535e-08
89 5.445944e-01 5.445944e-01 5.445944e-01 1.278391e-08 1.278391e-08
90 5.445944e-01 5.445944e-01 5.445944e-01 1.012203e-09 1.012203e-09
91 5.499808e-01 5.499807e-01 5.499807e-01 2.980524e-08 2.980524e-08
92 5.572464e-01 5.572464e-01 5.572464e-01 1.555967e-08 1.555967e-08
93 5.624679e-01 5.624679e-01 5.624679e-01 2.195498e-09 2.195498e-09
94 5.624693e-01 5.624679e-01 5.624679e-01 1.469571e-06 1.469571e-06
95 5.676220e-01 5.676235e-01 5.676235e-01 1.482841e-06 1.482841e-06
96 5.745505e-01 5.745504e-01 5.745504e-01 7.348902e-08 7.348902e-08
97 5.795445e-01 5.795446e-01 5.795446e-01 1.573857e-08 1.573857e-08
98 5.795446e-01 5.795446e-01 5.795446e-01 4.797059e-09 4.797059e-09
99 5.844724e-01 5.844725e-01 5.844725e-01 4.901066e-08 4.901066e-08
100 5.910815e-01 5.910815e-01 5.910815e-01 1.167642e-08 1.167642e-08
101 5.958522e-01 5.958522e-01 5.958522e-01 3.802142e-09 3.802142e-09
102 5.958522e-01 5.958522e-01 5.958522e-01 2.953970e-08 2.953970e-08
103 6.005570e-01 6.005570e-01 6.005570e-01 3.617193e-08 3.617193e-08
104 6.068678e-01 6.068678e-01 6.068678e-01 1.105250e-08 1.105250e-08
105 6.114209e-01 6.114203e-01 6.114203e-01 5.646141e-07 5.646141e-07
106 6.114212e-01 6.114203e-01 6.114203e-01 9.060808e-07 9.060808e-07
107 6.159064e-01 6.159079e-01 6.159079e-01 1.473767e-06 1.473767e-06
108 6.219388e-01 6.219388e-01 6.219388e-01 4.145826e-08 4.145826e-08
109 6.262793e-01 6.262794e-01 6.262794e-01 4.225917e-08 4.225917e-08
110 6.262794e-01 6.262794e-01 6.262794e-01 1.079349e-09 1.079349e-09
111 6.305565e-01 6.305564e-01 6.305564e-01 3.665844e-08 3.665844e-08
112 6.363319e-01 6.363244e-01 6.363244e-01 7.478834e-06 7.478834e-06
113 6.404528e-01 6.404602e-01 6.404602e-01 7.410222e-06 7.410222e-06
114 6.404604e-01 6.404602e-01 6.404602e-01 2.280967e-07 2.280967e-07
115 6.445338e-01 6.445341e-01 6.445341e-01 3.355394e-07 3.355394e-07
116 6.500555e-01 6.500551e-01 6.500551e-01 4.295862e-07 4.295862e-07
117 6.539935e-01 6.539935e-01 6.539935e-01 4.517982e-08 4.517982e-08
118 6.540024e-01 6.539935e-01 6.539935e-01 8.823262e-06 8.823262e-06
119 6.578630e-01 6.578722e-01 6.578722e-01 9.152577e-06 9.152577e-06
120 6.631610e-01 6.631607e-01 6.631607e-01 2.074931e-07 2.074931e-07
121 6.669095e-01 6.669097e-01 6.669097e-01 2.626364e-07 2.626364e-07
122 6.669103e-01 6.669097e-01 6.669097e-01 5.460099e-07 5.460099e-07
123 6.706145e-01 6.706011e-01 6.706011e-01 1.346868e-05 1.346868e-05
124 6.757660e-01 6.756709e-01 6.756709e-01 9.507825e-05 9.507825e-05
125 6.791296e-01 6.792384e-01 6.792384e-01 1.087856e-04 1.087856e-04
126 6.792383e-01 6.792384e-01 6.792384e-01 8.513386e-08 8.513386e-08
127 6.827503e-01 6.827505e-01 6.827505e-01 2.268066e-07 2.268066e-07
128 6.876164e-01 6.876142e-01 6.876142e-01 2.272879e-06 2.272879e-06
129 6.910069e-01 6.910082e-01 6.910082e-01 1.241670e-06 1.241670e-06
130 6.910555e-01 6.910082e-01 6.910082e-01 4.731428e-05 4.731428e-05
131 6.943024e-01 6.943491e-01 6.943491e-01 4.671288e-05 4.671288e-05
132 6.990171e-01 6.990183e-01 6.990183e-01 1.202292e-06 1.202292e-06
133 7.022466e-01 7.022467e-01 7.022467e-01 1.041894e-07 1.041894e-07
134 7.022564e-01 7.022467e-01 7.022467e-01 9.693165e-06 9.693165e-06
135 7.054153e-01 7.054245e-01 7.054245e-01 9.239793e-06 9.239793e-06
136 7.099165e-01 7.099100e-01 7.099100e-01 6.588492e-06 6.588492e-06
137 7.129809e-01 7.129806e-01 7.129806e-01 3.598507e-07 3.598507e-07
138 7.130070e-01 7.129806e-01 7.129806e-01 2.641952e-05 2.641952e-05
139 7.159696e-01 7.160029e-01 7.160029e-01 3.332816e-05 3.332816e-05
140 7.203174e-01 7.203146e-01 7.203146e-01 2.774015e-06 2.774015e-06
141 7.232814e-01 7.232350e-01 7.232350e-01 4.636104e-05 4.636104e-05
142 7.239743e-01 7.232350e-01 7.232350e-01 7.392853e-04 7.392853e-04
143 7.253203e-01 7.261094e-01 7.261094e-01 7.891066e-04 7.891066e-04
