# Hello World! This is dune-eigensolver.
# hardware number of threads is 128 number of threads used is 1
# 8 8
# Smallest eigenvalues convergence test

#  n: 28900 A.N(): 28900 br: 1
# GeneralizedInverse:  time_total=3.060163e+01 time_factorization=9.715356e-02 iterations=124

# Arpack: time_total=6.327632e+00 iterations=1

# Eigensolver elapsed time 3.060482e+01

# N= 28900 M= 144 ACCURACY= 2.500000e-01 TOL= 1.000000e-03 THRESHOLD= 9.000000e-02 ESARERROR= 6.621279e-01 ARPERROR= 4.655420e-03 ESANERROR= 0.000000e+00 TIMERATIO= 4.836694e+00 \\

## gen: ftw     ARP-SMALL-TOL  ARPACK-TOL  ES-ARP-SMALL  ES-AR ERROR
00 -1.618714e-15 -1.294537e-16 -1.294537e-16 1.489260e-15 1.489260e-15
01 8.824167e-03 8.824167e-03 8.824167e-03 5.204170e-17 5.204170e-17
02 8.824167e-03 8.824167e-03 8.824167e-03 1.179612e-16 1.179612e-16
03 1.334551e-02 1.334551e-02 1.334551e-02 1.561251e-16 1.561251e-16
04 2.922491e-02 2.922491e-02 2.922491e-02 1.869921e-12 1.869921e-12
05 3.180579e-02 3.180579e-02 3.180579e-02 1.159168e-09 1.159168e-09
06 3.180643e-02 3.180579e-02 3.180579e-02 6.332434e-07 6.332434e-07
07 3.271723e-02 3.271787e-02 3.271787e-02 6.344044e-07 6.344044e-07
08 5.148741e-02 5.148734e-02 5.148734e-02 6.987086e-08 6.987086e-08
09 5.402979e-02 5.402982e-02 5.402982e-02 3.337046e-08 3.337046e-08
10 5.402982e-02 5.402982e-02 5.402982e-02 4.119454e-09 4.119454e-09
11 5.691238e-02 5.691242e-02 5.691242e-02 3.238094e-08 3.238094e-08
12 7.465650e-02 7.465499e-02 7.465499e-02 1.508510e-06 1.508510e-06
13 7.811845e-02 7.811994e-02 7.811994e-02 1.483505e-06 1.483505e-06
14 7.811997e-02 7.811994e-02 7.811994e-02 3.428712e-08 3.428712e-08
15 8.178073e-02 8.178079e-02 8.178079e-02 5.929271e-08 5.929271e-08
16 9.909495e-02 9.909065e-02 9.909065e-02 4.296848e-06 4.296848e-06
17 1.033041e-01 1.033071e-01 1.033071e-01 3.073971e-06 3.073971e-06
18 1.033059e-01 1.033071e-01 1.033071e-01 1.200164e-06 1.200164e-06
19 1.077383e-01 1.077383e-01 1.077383e-01 2.271251e-08 2.271251e-08
20 1.245369e-01 1.245339e-01 1.245339e-01 2.975892e-06 2.975892e-06
21 1.294159e-01 1.294174e-01 1.294174e-01 1.458986e-06 1.458986e-06
22 1.294200e-01 1.294174e-01 1.294174e-01 2.689604e-06 2.689604e-06
23 1.345028e-01 1.345070e-01 1.345070e-01 4.206510e-06 4.206510e-06
24 1.507635e-01 1.507634e-01 1.507634e-01 8.303384e-08 8.303384e-08
25 1.562239e-01 1.562201e-01 1.562201e-01 3.749370e-06 3.749370e-06
26 1.563026e-01 1.562201e-01 1.562201e-01 8.250466e-05 8.250466e-05
27 1.617833e-01 1.618697e-01 1.618697e-01 8.633705e-05 8.633705e-05
28 1.775530e-01 1.775528e-01 1.775528e-01 2.629018e-07 2.629018e-07
29 1.834876e-01 1.834876e-01 1.834876e-01 2.895977e-09 2.895977e-09
30 1.835014e-01 1.834876e-01 1.834876e-01 1.381910e-05 1.381910e-05
31 1.895806e-01 1.895946e-01 1.895946e-01 1.404176e-05 1.404176e-05
32 2.046878e-01 2.046808e-01 2.046808e-01 7.022050e-06 7.022050e-06
33 2.109963e-01 2.109993e-01 2.109993e-01 3.006774e-06 3.006774e-06
34 2.109985e-01 2.109993e-01 2.109993e-01 8.196289e-07 8.196289e-07
35 2.174635e-01 2.174667e-01 2.174667e-01 3.237299e-06 3.237299e-06
36 2.341368e-01 2.319382e-01 2.319382e-01 2.198605e-03 2.198605e-03
37 2.371804e-01 2.385492e-01 2.385492e-01 1.368814e-03 1.368814e-03
38 2.377344e-01 2.385492e-01 2.385492e-01 8.148209e-04 8.148209e-04
39 2.452682e-01 2.452832e-01 2.452832e-01 1.496829e-05 1.496829e-05
40 2.595002e-01 2.591323e-01 2.591323e-01 3.679528e-04 3.679528e-04
41 2.656180e-01 2.659497e-01 2.659497e-01 3.317334e-04 3.317334e-04
42 2.659588e-01 2.659497e-01 2.659497e-01 9.049429e-06 9.049429e-06
43 2.728190e-01 2.728643e-01 2.728643e-01 4.525588e-05 4.525588e-05
44 2.861571e-01 2.860903e-01 2.860903e-01 6.682424e-05 6.682424e-05
45 2.929698e-01 2.930352e-01 2.930352e-01 6.546134e-05 6.546134e-05
46 2.931318e-01 2.930352e-01 2.930352e-01 9.656626e-05 9.656626e-05
47 2.999913e-01 3.000517e-01 3.000517e-01 6.041806e-05 6.041806e-05
48 3.126355e-01 3.126619e-01 3.126619e-01 2.642698e-05 2.642698e-05
49 3.196859e-01 3.196634e-01 3.196634e-01 2.255755e-05 2.255755e-05
50 3.197363e-01 3.196634e-01 3.196634e-01 7.288811e-05 7.288811e-05
51 3.266101e-01 3.267126e-01 3.267126e-01 1.024915e-04 1.024915e-04
52 3.389787e-01 3.387198e-01 3.387198e-01 2.589012e-04 2.589012e-04
53 3.455599e-01 3.457155e-01 3.457155e-01 1.556112e-04 1.556112e-04
54 3.456142e-01 3.457155e-01 3.457155e-01 1.013439e-04 1.013439e-04
55 3.527966e-01 3.527372e-01 3.527372e-01 5.938544e-05 5.938544e-05
56 3.642511e-01 3.641593e-01 3.641593e-01 9.183038e-05 9.183038e-05
57 3.709419e-01 3.710960e-01 3.710960e-01 1.540587e-04 1.540587e-04
58 3.728797e-01 3.710960e-01 3.710960e-01 1.783744e-03 1.783744e-03
59 3.762535e-01 3.780392e-01 3.780392e-01 1.785717e-03 1.785717e-03
60 3.894763e-01 3.888975e-01 3.888975e-01 5.787312e-04 5.787312e-04
61 3.952573e-01 3.957305e-01 3.957305e-01 4.731775e-04 4.731775e-04
62 3.957863e-01 3.957305e-01 3.957305e-01 5.578849e-05 5.578849e-05
63 4.023958e-01 4.025532e-01 4.025532e-01 1.574305e-04 1.574305e-04
64 4.154863e-01 4.128718e-01 4.128718e-01 2.614579e-03 2.614579e-03
65 4.177532e-01 4.195645e-01 4.195645e-01 1.811293e-03 1.811293e-03
66 4.190073e-01 4.195645e-01 4.195645e-01 5.571820e-04 5.571820e-04
67 4.264450e-01 4.262328e-01 4.262328e-01 2.121956e-04 2.121956e-04
68 4.358717e-01 4.360371e-01 4.360371e-01 1.654245e-04 1.654245e-04
69 4.423756e-01 4.425606e-01 4.425606e-01 1.850296e-04 1.850296e-04
70 4.425317e-01 4.425606e-01 4.425606e-01 2.894771e-05 2.894771e-05
71 4.519931e-01 4.490480e-01 4.490480e-01 2.945057e-03 2.945057e-03
72 4.555035e-01 4.583646e-01 4.583646e-01 2.861170e-03 2.861170e-03
73 4.648767e-01 4.646967e-01 4.646967e-01 1.800763e-04 1.800763e-04
74 4.651222e-01 4.646967e-01 4.646967e-01 4.255371e-04 4.255371e-04
75 4.703601e-01 4.709833e-01 4.709833e-01 6.231419e-04 6.231419e-04
76 4.823398e-01 4.798387e-01 4.798387e-01 2.501092e-03 2.501092e-03
77 4.834648e-01 4.859631e-01 4.859631e-01 2.498216e-03 2.498216e-03
78 4.871864e-01 4.859631e-01 4.859631e-01 1.223330e-03 1.223330e-03
79 4.907054e-01 4.920347e-01 4.920347e-01 1.329276e-03 1.329276e-03
80 5.031386e-01 5.004553e-01 5.004553e-01 2.683274e-03 2.683274e-03
81 5.048453e-01 5.063607e-01 5.063607e-01 1.515473e-03 1.515473e-03
82 5.052599e-01 5.063607e-01 5.063607e-01 1.100890e-03 1.100890e-03
83 5.124631e-01 5.122080e-01 5.122080e-01 2.550225e-04 2.550225e-04
84 5.214828e-01 5.202194e-01 5.202194e-01 1.263422e-03 1.263422e-03
85 5.264347e-01 5.258991e-01 5.258991e-01 5.355303e-04 5.355303e-04
86 5.276172e-01 5.258991e-01 5.258991e-01 1.718020e-03 1.718020e-03
87 5.320311e-01 5.315169e-01 5.315169e-01 5.142540e-04 5.142540e-04
88 5.379280e-01 5.391437e-01 5.391437e-01 1.215649e-03 1.215649e-03
89 5.415283e-01 5.445944e-01 5.445944e-01 3.066094e-03 3.066094e-03
90 5.448151e-01 5.445944e-01 5.445944e-01 2.206807e-04 2.206807e-04
91 5.546362e-01 5.499807e-01 5.499807e-01 4.655420e-03 4.655420e-03
92 5.572678e-01 5.572464e-01 5.572464e-01 2.133665e-05 2.133665e-05
93 5.586955e-01 5.624679e-01 5.624679e-01 3.772387e-03 3.772387e-03
94 5.617558e-01 5.624679e-01 5.624679e-01 7.120395e-04 7.120395e-04
95 5.674603e-01 5.676235e-01 5.676235e-01 1.631784e-04 1.631784e-04
96 5.766833e-01 5.745504e-01 5.745504e-01 2.132931e-03 2.132931e-03
97 5.794837e-01 5.795446e-01 5.795446e-01 6.084420e-05 6.084420e-05
98 5.814252e-01 5.795446e-01 5.795446e-01 1.880679e-03 1.880679e-03
99 5.835109e-01 5.844725e-01 5.844725e-01 9.615667e-04 9.615667e-04
100 5.882127e-01 5.910815e-01 5.910815e-01 2.868807e-03 2.868807e-03
101 5.958463e-01 5.958522e-01 5.958522e-01 5.906175e-06 5.906175e-06
102 5.961668e-01 5.958522e-01 5.958522e-01 3.146200e-04 3.146200e-04
103 6.023779e-01 6.005570e-01 6.005570e-01 1.820864e-03 1.820864e-03
104 6.047777e-01 6.068678e-01 6.068678e-01 2.090142e-03 2.090142e-03
105 6.121251e-01 6.114203e-01 6.114203e-01 7.047443e-04 7.047443e-04
106 6.147929e-01 6.114203e-01 6.114203e-01 3.372538e-03 3.372538e-03
107 6.149602e-01 6.159079e-01 6.159079e-01 9.477116e-04 9.477116e-04
108 6.193448e-01 6.219388e-01 6.219388e-01 2.593934e-03 2.593934e-03
109 6.258228e-01 6.262794e-01 6.262794e-01 4.566100e-04 4.566100e-04
110 6.276527e-01 6.262794e-01 6.262794e-01 1.373308e-03 1.373308e-03
111 6.343333e-01 6.305564e-01 6.305564e-01 3.776890e-03 3.776890e-03
112 6.349351e-01 6.363244e-01 6.363244e-01 1.389363e-03 1.389363e-03
113 6.375281e-01 6.404602e-01 6.404602e-01 2.932124e-03 2.932124e-03
114 6.426131e-01 6.404602e-01 6.404602e-01 2.152885e-03 2.152885e-03
115 6.438199e-01 6.445341e-01 6.445341e-01 7.142048e-04 7.142048e-04
116 6.496398e-01 6.500551e-01 6.500551e-01 4.152986e-04 4.152986e-04
117 6.541794e-01 6.539935e-01 6.539935e-01 1.858950e-04 1.858950e-04
118 6.566863e-01 6.539935e-01 6.539935e-01 2.692805e-03 2.692805e-03
119 6.570590e-01 6.578722e-01 6.578722e-01 8.131710e-04 8.131710e-04
120 6.597636e-01 6.631607e-01 6.631607e-01 3.397125e-03 3.397125e-03
121 6.667020e-01 6.669097e-01 6.669097e-01 2.076852e-04 2.076852e-04
122 6.681093e-01 6.669097e-01 6.669097e-01 1.199597e-03 1.199597e-03
123 6.715963e-01 6.706011e-01 6.706011e-01 9.951899e-04 9.951899e-04
124 6.746706e-01 6.756709e-01 6.756709e-01 1.000244e-03 1.000244e-03
125 6.788644e-01 6.792384e-01 6.792384e-01 3.740292e-04 3.740292e-04
126 6.789307e-01 6.792384e-01 6.792384e-01 3.077356e-04 3.077356e-04
127 6.844935e-01 6.827505e-01 6.827505e-01 1.742964e-03 1.742964e-03
128 6.889274e-01 6.876142e-01 6.876142e-01 1.313205e-03 1.313205e-03
129 6.895088e-01 6.910082e-01 6.910082e-01 1.499360e-03 1.499360e-03
130 6.921187e-01 6.910082e-01 6.910082e-01 1.110491e-03 1.110491e-03
131 6.935594e-01 6.943491e-01 6.943491e-01 7.896991e-04 7.896991e-04
132 6.986804e-01 6.990183e-01 6.990183e-01 3.379383e-04 3.379383e-04
133 7.003766e-01 7.022467e-01 7.022467e-01 1.870182e-03 1.870182e-03
134 7.055655e-01 7.022467e-01 7.022467e-01 3.318737e-03 3.318737e-03
135 7.071926e-01 7.054245e-01 7.054245e-01 1.768150e-03 1.768150e-03
136 7.083091e-01 7.099100e-01 7.099100e-01 1.600859e-03 1.600859e-03
137 7.121858e-01 7.129806e-01 7.129806e-01 7.947872e-04 7.947872e-04
138 7.130804e-01 7.129806e-01 7.129806e-01 9.985474e-05 9.985474e-05
139 7.143580e-01 7.160029e-01 7.160029e-01 1.644903e-03 1.644903e-03
140 7.201156e-01 7.203146e-01 7.203146e-01 1.990320e-04 1.990320e-04
141 7.247621e-01 7.232350e-01 7.232350e-01 1.527116e-03 1.527116e-03
142 7.254493e-01 7.232350e-01 7.232350e-01 2.214232e-03 2.214232e-03
143 7.294434e-01 7.261094e-01 7.261094e-01 3.334034e-03 3.334034e-03
