# Hello World! This is dune-eigensolver.
# hardware number of threads is 128 number of threads used is 1
# 8 8
# Smallest eigenvalues convergence test

#  n: 28900 A.N(): 28900 br: 1
# GeneralizedInverse:  time_total=7.371448e+01 time_factorization=9.604604e-02 iterations=307

# Arpack: time_total=6.282913e+00 iterations=1

# Eigensolver elapsed time 7.371706e+01

# N= 28900 M= 144 ACCURACY= 5.000000e-01 TOL= 1.000000e-03 THRESHOLD= 9.000000e-02 ESARERROR= 6.575308e-01 ARPERROR= 2.403099e-03 ESANERROR= 0.000000e+00 TIMERATIO= 1.173294e+01 \\

## gen: ftw     ARP-SMALL-TOL  ARPACK-TOL  ES-ARP-SMALL  ES-AR ERROR
00 -1.618714e-15 -1.294537e-16 -1.294537e-16 1.489260e-15 1.489260e-15
01 8.824167e-03 8.824167e-03 8.824167e-03 1.734723e-17 1.734723e-17
02 8.824167e-03 8.824167e-03 8.824167e-03 5.551115e-17 5.551115e-17
03 1.334551e-02 1.334551e-02 1.334551e-02 1.734723e-16 1.734723e-16
04 2.922491e-02 2.922491e-02 2.922491e-02 3.400058e-16 3.400058e-16
05 3.180579e-02 3.180579e-02 3.180579e-02 5.064005e-14 5.064005e-14
06 3.180579e-02 3.180579e-02 3.180579e-02 2.773062e-11 2.773062e-11
07 3.271787e-02 3.271787e-02 3.271787e-02 2.778248e-11 2.778248e-11
08 5.148734e-02 5.148734e-02 5.148734e-02 1.491862e-15 1.491862e-15
09 5.402982e-02 5.402982e-02 5.402982e-02 1.977585e-15 1.977585e-15
10 5.402982e-02 5.402982e-02 5.402982e-02 8.396062e-16 8.396062e-16
11 5.691242e-02 5.691242e-02 5.691242e-02 7.285839e-16 7.285839e-16
12 7.465499e-02 7.465499e-02 7.465499e-02 1.144640e-13 1.144640e-13
13 7.811994e-02 7.811994e-02 7.811994e-02 1.135064e-13 1.135064e-13
14 7.811994e-02 7.811994e-02 7.811994e-02 2.067790e-15 2.067790e-15
15 8.178079e-02 8.178079e-02 8.178079e-02 4.093947e-15 4.093947e-15
16 9.909065e-02 9.909065e-02 9.909065e-02 1.186981e-12 1.186981e-12
17 1.033071e-01 1.033071e-01 1.033071e-01 8.497508e-13 8.497508e-13
18 1.033071e-01 1.033071e-01 1.033071e-01 3.329698e-13 3.329698e-13
19 1.077383e-01 1.077383e-01 1.077383e-01 5.939693e-15 5.939693e-15
20 1.245339e-01 1.245339e-01 1.245339e-01 2.556122e-12 2.556122e-12
21 1.294174e-01 1.294174e-01 1.294174e-01 1.306732e-12 1.306732e-12
22 1.294174e-01 1.294174e-01 1.294174e-01 2.209205e-12 2.209205e-12
23 1.345070e-01 1.345070e-01 1.345070e-01 3.459677e-12 3.459677e-12
24 1.507634e-01 1.507634e-01 1.507634e-01 2.011724e-13 2.011724e-13
25 1.562201e-01 1.562201e-01 1.562201e-01 9.177409e-12 9.177409e-12
26 1.562201e-01 1.562201e-01 1.562201e-01 2.050783e-10 2.050783e-10
27 1.618697e-01 1.618697e-01 1.618697e-01 2.144574e-10 2.144574e-10
28 1.775528e-01 1.775528e-01 1.775528e-01 1.667416e-12 1.667416e-12
29 1.834876e-01 1.834876e-01 1.834876e-01 6.081247e-14 6.081247e-14
30 1.834876e-01 1.834876e-01 1.834876e-01 9.227802e-11 9.227802e-11
31 1.895946e-01 1.895946e-01 1.895946e-01 9.400714e-11 9.400714e-11
32 2.046808e-01 2.046808e-01 2.046808e-01 1.096532e-10 1.096532e-10
33 2.109993e-01 2.109993e-01 2.109993e-01 4.665848e-11 4.665848e-11
34 2.109993e-01 2.109993e-01 2.109993e-01 8.798906e-12 8.798906e-12
35 2.174667e-01 2.174667e-01 2.174667e-01 5.419626e-11 5.419626e-11
36 2.319384e-01 2.319382e-01 2.319382e-01 1.171053e-07 1.171053e-07
37 2.385491e-01 2.385492e-01 2.385492e-01 8.372999e-08 8.372999e-08
38 2.385492e-01 2.385492e-01 2.385492e-01 3.287632e-08 3.287632e-08
39 2.452832e-01 2.452832e-01 2.452832e-01 4.989772e-10 4.989772e-10
40 2.591323e-01 2.591323e-01 2.591323e-01 2.987992e-08 2.987992e-08
41 2.659497e-01 2.659497e-01 2.659497e-01 2.690415e-08 2.690415e-08
42 2.659497e-01 2.659497e-01 2.659497e-01 9.392725e-10 9.392725e-10
43 2.728642e-01 2.728643e-01 2.728643e-01 3.915047e-09 3.915047e-09
44 2.860903e-01 2.860903e-01 2.860903e-01 1.070829e-08 1.070829e-08
45 2.930352e-01 2.930352e-01 2.930352e-01 1.049176e-08 1.049176e-08
46 2.930352e-01 2.930352e-01 2.930352e-01 1.750511e-08 1.750511e-08
47 3.000517e-01 3.000517e-01 3.000517e-01 1.771054e-08 1.771054e-08
48 3.126619e-01 3.126619e-01 3.126619e-01 3.427299e-09 3.427299e-09
49 3.196634e-01 3.196634e-01 3.196634e-01 8.255549e-09 8.255549e-09
50 3.196634e-01 3.196634e-01 3.196634e-01 2.603977e-08 2.603977e-08
51 3.267125e-01 3.267126e-01 3.267126e-01 3.772694e-08 3.772694e-08
52 3.387199e-01 3.387198e-01 3.387198e-01 1.571659e-07 1.571659e-07
53 3.457155e-01 3.457155e-01 3.457155e-01 9.451241e-08 9.451241e-08
54 3.457155e-01 3.457155e-01 3.457155e-01 5.928415e-08 5.928415e-08
55 3.527372e-01 3.527372e-01 3.527372e-01 2.803283e-09 2.803283e-09
56 3.641594e-01 3.641593e-01 3.641593e-01 1.617832e-07 1.617832e-07
57 3.710958e-01 3.710960e-01 3.710960e-01 1.595477e-07 1.595477e-07
58 3.710987e-01 3.710960e-01 3.710960e-01 2.761353e-06 2.761353e-06
59 3.780365e-01 3.780392e-01 3.780392e-01 2.764124e-06 2.764124e-06
60 3.890338e-01 3.888975e-01 3.888975e-01 1.362454e-04 1.362454e-04
61 3.955944e-01 3.957305e-01 3.957305e-01 1.360650e-04 1.360650e-04
62 3.957306e-01 3.957305e-01 3.957305e-01 1.337338e-07 1.337338e-07
63 4.025529e-01 4.025532e-01 4.025532e-01 3.139891e-07 3.139891e-07
64 4.129159e-01 4.128718e-01 4.128718e-01 4.410072e-05 4.410072e-05
65 4.195228e-01 4.195645e-01 4.195645e-01 4.171477e-05 4.171477e-05
66 4.195629e-01 4.195645e-01 4.195645e-01 1.583309e-06 1.583309e-06
67 4.262321e-01 4.262328e-01 4.262328e-01 6.990299e-07 6.990299e-07
68 4.360384e-01 4.360371e-01 4.360371e-01 1.251884e-06 1.251884e-06
69 4.425598e-01 4.425606e-01 4.425606e-01 8.495960e-07 8.495960e-07
70 4.425605e-01 4.425606e-01 4.425606e-01 1.287252e-07 1.287252e-07
71 4.490499e-01 4.490480e-01 4.490480e-01 1.923440e-06 1.923440e-06
72 4.583634e-01 4.583646e-01 4.583646e-01 1.225894e-06 1.225894e-06
73 4.646979e-01 4.646967e-01 4.646967e-01 1.245230e-06 1.245230e-06
74 4.646999e-01 4.646967e-01 4.646967e-01 3.274488e-06 3.274488e-06
75 4.709777e-01 4.709833e-01 4.709833e-01 5.583618e-06 5.583618e-06
76 4.798804e-01 4.798387e-01 4.798387e-01 4.168569e-05 4.168569e-05
77 4.859229e-01 4.859631e-01 4.859631e-01 4.019301e-05 4.019301e-05
78 4.861860e-01 4.859631e-01 4.859631e-01 2.229470e-04 2.229470e-04
79 4.918102e-01 4.920347e-01 4.920347e-01 2.244499e-04 2.244499e-04
80 5.008020e-01 5.004553e-01 5.004553e-01 3.466995e-04 3.466995e-04
81 5.061124e-01 5.063607e-01 5.063607e-01 2.483271e-04 2.483271e-04
82 5.062625e-01 5.063607e-01 5.063607e-01 9.822966e-05 9.822966e-05
83 5.122090e-01 5.122080e-01 5.122080e-01 9.296633e-07 9.296633e-07
84 5.202583e-01 5.202194e-01 5.202194e-01 3.890892e-05 3.890892e-05
85 5.259400e-01 5.258991e-01 5.258991e-01 4.088530e-05 4.088530e-05
86 5.260381e-01 5.258991e-01 5.258991e-01 1.389583e-04 1.389583e-04
87 5.313061e-01 5.315169e-01 5.315169e-01 2.108391e-04 2.108391e-04
88 5.392217e-01 5.391437e-01 5.391437e-01 7.799139e-05 7.799139e-05
89 5.445090e-01 5.445944e-01 5.445944e-01 8.540710e-05 8.540710e-05
90 5.445998e-01 5.445944e-01 5.445944e-01 5.377859e-06 5.377859e-06
91 5.521828e-01 5.499807e-01 5.499807e-01 2.202116e-03 2.202116e-03
92 5.550971e-01 5.572464e-01 5.572464e-01 2.149379e-03 2.149379e-03
93 5.624543e-01 5.624679e-01 5.624679e-01 1.356603e-05 1.356603e-05
94 5.648260e-01 5.624679e-01 5.624679e-01 2.358167e-03 2.358167e-03
95 5.652204e-01 5.676235e-01 5.676235e-01 2.403099e-03 2.403099e-03
96 5.746914e-01 5.745504e-01 5.745504e-01 1.409810e-04 1.409810e-04
97 5.795153e-01 5.795446e-01 5.795446e-01 2.929340e-05 2.929340e-05
98 5.795326e-01 5.795446e-01 5.795446e-01 1.192247e-05 1.192247e-05
99 5.844468e-01 5.844725e-01 5.844725e-01 2.569743e-05 2.569743e-05
100 5.910245e-01 5.910815e-01 5.910815e-01 5.704080e-05 5.704080e-05
101 5.958474e-01 5.958522e-01 5.958522e-01 4.800418e-06 4.800418e-06
102 5.958795e-01 5.958522e-01 5.958522e-01 2.724341e-05 2.724341e-05
103 6.005675e-01 6.005570e-01 6.005570e-01 1.047739e-05 1.047739e-05
104 6.068290e-01 6.068678e-01 6.068678e-01 3.886439e-05 3.886439e-05
105 6.117448e-01 6.114203e-01 6.114203e-01 3.244806e-04 3.244806e-04
106 6.118448e-01 6.114203e-01 6.114203e-01 4.244692e-04 4.244692e-04
107 6.152191e-01 6.159079e-01 6.159079e-01 6.888379e-04 6.888379e-04
108 6.218932e-01 6.219388e-01 6.219388e-01 4.559543e-05 4.559543e-05
109 6.262599e-01 6.262794e-01 6.262794e-01 1.947561e-05 1.947561e-05
110 6.262793e-01 6.262794e-01 6.262794e-01 6.733257e-08 6.733257e-08
111 6.307330e-01 6.305564e-01 6.305564e-01 1.765915e-04 1.765915e-04
112 6.375930e-01 6.363244e-01 6.363244e-01 1.268575e-03 1.268575e-03
113 6.390459e-01 6.404602e-01 6.404602e-01 1.414298e-03 1.414298e-03
114 6.405225e-01 6.404602e-01 6.404602e-01 6.230773e-05 6.230773e-05
115 6.444603e-01 6.445341e-01 6.445341e-01 7.384076e-05 7.384076e-05
116 6.501197e-01 6.500551e-01 6.500551e-01 6.460673e-05 6.460673e-05
117 6.539860e-01 6.539935e-01 6.539935e-01 7.480694e-06 7.480694e-06
118 6.551123e-01 6.539935e-01 6.539935e-01 1.118740e-03 1.118740e-03
119 6.568100e-01 6.578722e-01 6.578722e-01 1.062160e-03 1.062160e-03
120 6.630600e-01 6.631607e-01 6.631607e-01 1.007110e-04 1.007110e-04
121 6.668740e-01 6.669097e-01 6.669097e-01 3.573721e-05 3.573721e-05
122 6.675419e-01 6.669097e-01 6.669097e-01 6.321469e-04 6.321469e-04
123 6.728281e-01 6.706011e-01 6.706011e-01 2.227026e-03 2.227026e-03
124 6.734331e-01 6.756709e-01 6.756709e-01 2.237745e-03 2.237745e-03
125 6.786551e-01 6.792384e-01 6.792384e-01 5.833187e-04 5.833187e-04
126 6.792268e-01 6.792384e-01 6.792384e-01 1.158391e-05 1.158391e-05
127 6.827562e-01 6.827505e-01 6.827505e-01 5.645701e-06 5.645701e-06
128 6.878225e-01 6.876142e-01 6.876142e-01 2.083134e-04 2.083134e-04
129 6.908588e-01 6.910082e-01 6.910082e-01 1.493722e-04 1.493722e-04
130 6.926551e-01 6.910082e-01 6.910082e-01 1.646909e-03 1.646909e-03
131 6.937719e-01 6.943491e-01 6.943491e-01 5.772433e-04 5.772433e-04
132 6.979078e-01 6.990183e-01 6.990183e-01 1.110551e-03 1.110551e-03
133 7.022250e-01 7.022467e-01 7.022467e-01 2.175121e-05 2.175121e-05
134 7.026828e-01 7.022467e-01 7.022467e-01 4.360890e-04 4.360890e-04
135 7.051995e-01 7.054245e-01 7.054245e-01 2.250348e-04 2.250348e-04
136 7.099905e-01 7.099100e-01 7.099100e-01 8.054422e-05 8.054422e-05
137 7.128690e-01 7.129806e-01 7.129806e-01 1.115891e-04 1.115891e-04
138 7.137862e-01 7.129806e-01 7.129806e-01 8.055903e-04 8.055903e-04
139 7.151493e-01 7.160029e-01 7.160029e-01 8.535838e-04 8.535838e-04
140 7.202820e-01 7.203146e-01 7.203146e-01 3.264702e-05 3.264702e-05
141 7.238942e-01 7.232350e-01 7.232350e-01 6.591655e-04 6.591655e-04
142 7.242474e-01 7.232350e-01 7.232350e-01 1.012386e-03 1.012386e-03
143 7.248464e-01 7.261094e-01 7.261094e-01 1.263038e-03 1.263038e-03
