# Hello World! This is dune-eigensolver.
# hardware number of threads is 128 number of threads used is 1
# 8 8
# Smallest eigenvalues convergence test

#  n: 28900 A.N(): 28900 br: 1
# GeneralizedInverse:  time_total=1.636202e+02 time_factorization=9.824696e-02 iterations=664

# Arpack: time_total=6.284908e+00 iterations=1

# Eigensolver elapsed time 1.636236e+02

# N= 28900 M= 144 ACCURACY= 7.500000e-01 TOL= 2.000000e-04 THRESHOLD= 9.000000e-02 ESARERROR= 6.575852e-01 ARPERROR= 1.208641e-03 ESANERROR= 0.000000e+00 TIMERATIO= 2.603437e+01 \\

## gen: ftw     ARP-SMALL-TOL  ARPACK-TOL  ES-ARP-SMALL  ES-AR ERROR
00 -1.618714e-15 -1.294537e-16 -1.294537e-16 1.489260e-15 1.489260e-15
01 8.824167e-03 8.824167e-03 8.824167e-03 8.673617e-17 8.673617e-17
02 8.824167e-03 8.824167e-03 8.824167e-03 1.526557e-16 1.526557e-16
03 1.334551e-02 1.334551e-02 1.334551e-02 1.144917e-16 1.144917e-16
04 2.922491e-02 2.922491e-02 2.922491e-02 3.330669e-16 3.330669e-16
05 3.180579e-02 3.180579e-02 3.180579e-02 2.983724e-16 2.983724e-16
06 3.180579e-02 3.180579e-02 3.180579e-02 3.747003e-16 3.747003e-16
07 3.271787e-02 3.271787e-02 3.271787e-02 6.245005e-16 6.245005e-16
08 5.148734e-02 5.148734e-02 5.148734e-02 4.232725e-16 4.232725e-16
09 5.402982e-02 5.402982e-02 5.402982e-02 5.898060e-16 5.898060e-16
10 5.402982e-02 5.402982e-02 5.402982e-02 4.302114e-16 4.302114e-16
11 5.691242e-02 5.691242e-02 5.691242e-02 4.579670e-16 4.579670e-16
12 7.465499e-02 7.465499e-02 7.465499e-02 5.412337e-16 5.412337e-16
13 7.811994e-02 7.811994e-02 7.811994e-02 3.191891e-16 3.191891e-16
14 7.811994e-02 7.811994e-02 7.811994e-02 2.081668e-16 2.081668e-16
15 8.178079e-02 8.178079e-02 8.178079e-02 4.579670e-16 4.579670e-16
16 9.909065e-02 9.909065e-02 9.909065e-02 2.775558e-16 2.775558e-16
17 1.033071e-01 1.033071e-01 1.033071e-01 4.024558e-16 4.024558e-16
18 1.033071e-01 1.033071e-01 1.033071e-01 2.220446e-16 2.220446e-16
19 1.077383e-01 1.077383e-01 1.077383e-01 4.302114e-16 4.302114e-16
20 1.245339e-01 1.245339e-01 1.245339e-01 3.330669e-16 3.330669e-16
21 1.294174e-01 1.294174e-01 1.294174e-01 0.000000e+00 0.000000e+00
22 1.294174e-01 1.294174e-01 1.294174e-01 1.942890e-16 1.942890e-16
23 1.345070e-01 1.345070e-01 1.345070e-01 4.163336e-16 4.163336e-16
24 1.507634e-01 1.507634e-01 1.507634e-01 4.163336e-16 4.163336e-16
25 1.562201e-01 1.562201e-01 1.562201e-01 1.942890e-16 1.942890e-16
26 1.562201e-01 1.562201e-01 1.562201e-01 8.326673e-17 8.326673e-17
27 1.618697e-01 1.618697e-01 1.618697e-01 4.718448e-16 4.718448e-16
28 1.775528e-01 1.775528e-01 1.775528e-01 5.273559e-16 5.273559e-16
29 1.834876e-01 1.834876e-01 1.834876e-01 1.387779e-16 1.387779e-16
30 1.834876e-01 1.834876e-01 1.834876e-01 3.053113e-16 3.053113e-16
31 1.895946e-01 1.895946e-01 1.895946e-01 2.220446e-16 2.220446e-16
32 2.046808e-01 2.046808e-01 2.046808e-01 3.053113e-16 3.053113e-16
33 2.109993e-01 2.109993e-01 2.109993e-01 3.053113e-16 3.053113e-16
34 2.109993e-01 2.109993e-01 2.109993e-01 0.000000e+00 0.000000e+00
35 2.174667e-01 2.174667e-01 2.174667e-01 1.110223e-16 1.110223e-16
36 2.319382e-01 2.319382e-01 2.319382e-01 2.498002e-16 2.498002e-16
37 2.385492e-01 2.385492e-01 2.385492e-01 3.885781e-16 3.885781e-16
38 2.385492e-01 2.385492e-01 2.385492e-01 7.771561e-16 7.771561e-16
39 2.452832e-01 2.452832e-01 2.452832e-01 2.498002e-16 2.498002e-16
40 2.591323e-01 2.591323e-01 2.591323e-01 5.551115e-17 5.551115e-17
41 2.659497e-01 2.659497e-01 2.659497e-01 7.771561e-16 7.771561e-16
42 2.659497e-01 2.659497e-01 2.659497e-01 4.440892e-16 4.440892e-16
43 2.728643e-01 2.728643e-01 2.728643e-01 3.330669e-16 3.330669e-16
44 2.860903e-01 2.860903e-01 2.860903e-01 4.440892e-16 4.440892e-16
45 2.930352e-01 2.930352e-01 2.930352e-01 8.881784e-16 8.881784e-16
46 2.930352e-01 2.930352e-01 2.930352e-01 2.220446e-16 2.220446e-16
47 3.000517e-01 3.000517e-01 3.000517e-01 5.551115e-16 5.551115e-16
48 3.126619e-01 3.126619e-01 3.126619e-01 8.326673e-16 8.326673e-16
49 3.196634e-01 3.196634e-01 3.196634e-01 1.165734e-15 1.165734e-15
50 3.196634e-01 3.196634e-01 3.196634e-01 4.551914e-15 4.551914e-15
51 3.267126e-01 3.267126e-01 3.267126e-01 7.105427e-15 7.105427e-15
52 3.387198e-01 3.387198e-01 3.387198e-01 7.505108e-14 7.505108e-14
53 3.457155e-01 3.457155e-01 3.457155e-01 4.463097e-14 4.463097e-14
54 3.457155e-01 3.457155e-01 3.457155e-01 2.869927e-14 2.869927e-14
55 3.527372e-01 3.527372e-01 3.527372e-01 2.553513e-15 2.553513e-15
56 3.641593e-01 3.641593e-01 3.641593e-01 2.371991e-13 2.371991e-13
57 3.710960e-01 3.710960e-01 3.710960e-01 2.333689e-13 2.333689e-13
58 3.710960e-01 3.710960e-01 3.710960e-01 5.110523e-12 5.110523e-12
59 3.780392e-01 3.780392e-01 3.780392e-01 5.115797e-12 5.115797e-12
60 3.888975e-01 3.888975e-01 3.888975e-01 5.699636e-10 5.699636e-10
61 3.957305e-01 3.957305e-01 3.957305e-01 5.691121e-10 5.691121e-10
62 3.957305e-01 3.957305e-01 3.957305e-01 7.711054e-13 7.711054e-13
63 4.025532e-01 4.025532e-01 4.025532e-01 1.621481e-12 1.621481e-12
64 4.128718e-01 4.128718e-01 4.128718e-01 4.709200e-10 4.709200e-10
65 4.195645e-01 4.195645e-01 4.195645e-01 4.445546e-10 4.445546e-10
66 4.195645e-01 4.195645e-01 4.195645e-01 1.573380e-11 1.573380e-11
67 4.262328e-01 4.262328e-01 4.262328e-01 1.062178e-11 1.062178e-11
68 4.360371e-01 4.360371e-01 4.360371e-01 3.449502e-11 3.449502e-11
69 4.425606e-01 4.425606e-01 4.425606e-01 1.974737e-11 1.974737e-11
70 4.425606e-01 4.425606e-01 4.425606e-01 2.890688e-12 2.890688e-12
71 4.490480e-01 4.490480e-01 4.490480e-01 1.084821e-11 1.084821e-11
72 4.583646e-01 4.583646e-01 4.583646e-01 6.009210e-11 6.009210e-11
73 4.646967e-01 4.646967e-01 4.646967e-01 9.684081e-11 9.684081e-11
74 4.646967e-01 4.646967e-01 4.646967e-01 2.311766e-10 2.311766e-10
75 4.709833e-01 4.709833e-01 4.709833e-01 3.891138e-10 3.891138e-10
76 4.798387e-01 4.798387e-01 4.798387e-01 4.994536e-09 4.994536e-09
77 4.859631e-01 4.859631e-01 4.859631e-01 4.814512e-09 4.814512e-09
78 4.859631e-01 4.859631e-01 4.859631e-01 3.331048e-08 3.331048e-08
79 4.920346e-01 4.920347e-01 4.920347e-01 3.349052e-08 3.349052e-08
80 5.004554e-01 5.004553e-01 5.004553e-01 8.625552e-08 8.625552e-08
81 5.063607e-01 5.063607e-01 5.063607e-01 6.282499e-08 6.282499e-08
82 5.063607e-01 5.063607e-01 5.063607e-01 2.339376e-08 2.339376e-08
83 5.122080e-01 5.122080e-01 5.122080e-01 1.992739e-11 1.992739e-11
84 5.202194e-01 5.202194e-01 5.202194e-01 1.752254e-08 1.752254e-08
85 5.258992e-01 5.258991e-01 5.258991e-01 2.343536e-08 2.343536e-08
86 5.258992e-01 5.258991e-01 5.258991e-01 7.670446e-08 7.670446e-08
87 5.315168e-01 5.315169e-01 5.315169e-01 1.173451e-07 1.173451e-07
88 5.391438e-01 5.391437e-01 5.391437e-01 6.722375e-08 6.722375e-08
89 5.445944e-01 5.445944e-01 5.445944e-01 6.634783e-08 6.634783e-08
90 5.445944e-01 5.445944e-01 5.445944e-01 5.030884e-09 5.030884e-09
91 5.499810e-01 5.499807e-01 5.499807e-01 2.599324e-07 2.599324e-07
92 5.572462e-01 5.572464e-01 5.572464e-01 1.948581e-07 1.948581e-07
93 5.624679e-01 5.624679e-01 5.624679e-01 1.032784e-08 1.032784e-08
94 5.624744e-01 5.624679e-01 5.624679e-01 6.536904e-06 6.536904e-06
95 5.676169e-01 5.676235e-01 5.676235e-01 6.597700e-06 6.597700e-06
96 5.745507e-01 5.745504e-01 5.745504e-01 3.030050e-07 3.030050e-07
97 5.795445e-01 5.795446e-01 5.795446e-01 6.512364e-08 6.512364e-08
98 5.795445e-01 5.795446e-01 5.795446e-01 2.612884e-08 2.612884e-08
99 5.844723e-01 5.844725e-01 5.844725e-01 1.869296e-07 1.869296e-07
100 5.910816e-01 5.910815e-01 5.910815e-01 3.332944e-08 3.332944e-08
101 5.958522e-01 5.958522e-01 5.958522e-01 1.451744e-08 1.451744e-08
102 5.958523e-01 5.958522e-01 5.958522e-01 1.061613e-07 1.061613e-07
103 6.005569e-01 6.005570e-01 6.005570e-01 1.211288e-07 1.211288e-07
104 6.068679e-01 6.068678e-01 6.068678e-01 2.644686e-08 2.644686e-08
105 6.114222e-01 6.114203e-01 6.114203e-01 1.867910e-06 1.867910e-06
106 6.114233e-01 6.114203e-01 6.114203e-01 2.996874e-06 2.996874e-06
107 6.159030e-01 6.159079e-01 6.159079e-01 4.855028e-06 4.855028e-06
108 6.219389e-01 6.219388e-01 6.219388e-01 1.056668e-07 1.056668e-07
109 6.262792e-01 6.262794e-01 6.262794e-01 1.321379e-07 1.321379e-07
110 6.262794e-01 6.262794e-01 6.262794e-01 4.061072e-09 4.061072e-09
111 6.305566e-01 6.305564e-01 6.305564e-01 1.789978e-07 1.789978e-07
112 6.363459e-01 6.363244e-01 6.363244e-01 2.145502e-05 2.145502e-05
113 6.404388e-01 6.404602e-01 6.404602e-01 2.133159e-05 2.133159e-05
114 6.404608e-01 6.404602e-01 6.404602e-01 6.366373e-07 6.366373e-07
115 6.445332e-01 6.445341e-01 6.445341e-01 9.364827e-07 9.364827e-07
116 6.500562e-01 6.500551e-01 6.500551e-01 1.142568e-06 1.142568e-06
117 6.539934e-01 6.539935e-01 6.539935e-01 1.277067e-07 1.277067e-07
118 6.540167e-01 6.539935e-01 6.539935e-01 2.313489e-05 2.313489e-05
119 6.578482e-01 6.578722e-01 6.578722e-01 2.394648e-05 2.394648e-05
120 6.631612e-01 6.631607e-01 6.631607e-01 4.435806e-07 4.435806e-07
121 6.669091e-01 6.669097e-01 6.669097e-01 6.612685e-07 6.612685e-07
122 6.669111e-01 6.669097e-01 6.669097e-01 1.386780e-06 1.386780e-06
123 6.706475e-01 6.706011e-01 6.706011e-01 4.642811e-05 4.642811e-05
124 6.758753e-01 6.756709e-01 6.756709e-01 2.043859e-04 2.043859e-04
125 6.789869e-01 6.792384e-01 6.792384e-01 2.514731e-04 2.514731e-04
126 6.792382e-01 6.792384e-01 6.792384e-01 2.105052e-07 2.105052e-07
127 6.827500e-01 6.827505e-01 6.827505e-01 5.219947e-07 5.219947e-07
128 6.876193e-01 6.876142e-01 6.876142e-01 5.112228e-06 5.112228e-06
129 6.910053e-01 6.910082e-01 6.910082e-01 2.866034e-06 2.866034e-06
130 6.911107e-01 6.910082e-01 6.910082e-01 1.025011e-04 1.025011e-04
131 6.942494e-01 6.943491e-01 6.943491e-01 9.974382e-05 9.974382e-05
132 6.990142e-01 6.990183e-01 6.990183e-01 4.082538e-06 4.082538e-06
133 7.022465e-01 7.022467e-01 7.022467e-01 2.321829e-07 2.321829e-07
134 7.022670e-01 7.022467e-01 7.022467e-01 2.022289e-05 2.022289e-05
135 7.054058e-01 7.054245e-01 7.054245e-01 1.870816e-05 1.870816e-05
136 7.099227e-01 7.099100e-01 7.099100e-01 1.270285e-05 1.270285e-05
137 7.129810e-01 7.129806e-01 7.129806e-01 3.651784e-07 3.651784e-07
138 7.130329e-01 7.129806e-01 7.129806e-01 5.226737e-05 5.226737e-05
139 7.159375e-01 7.160029e-01 7.160029e-01 6.535183e-05 6.535183e-05
140 7.203194e-01 7.203146e-01 7.203146e-01 4.777253e-06 4.777253e-06
141 7.233225e-01 7.232350e-01 7.232350e-01 8.750644e-05 8.750644e-05
142 7.243497e-01 7.232350e-01 7.232350e-01 1.114712e-03 1.114712e-03
143 7.249008e-01 7.261094e-01 7.261094e-01 1.208641e-03 1.208641e-03
