# Hello World! This is dune-eigensolver.
# hardware number of threads is 128 number of threads used is 1
# 8 8
# Smallest eigenvalues convergence test

#  n: 28900 A.N(): 28900 br: 1
# GeneralizedSymmetricStewart:  time_total=2.270899e+00 time_factorization=9.777449e-02 time_eigendecomposition=1.012420e-02 time_matmul_dense=4.077089e-02 iterations=7

# Arpack: time_total=6.284660e+00 iterations=1

# Eigensolver elapsed time 2.271319e+00

# N= 28900 M= 144 ACCURACY= 5.000000e-01 TOL= 1.000000e-02 THRESHOLD= 9.000000e-02 ESARERROR= 9.260937e-01 ARPERROR= 2.885769e-01 ESANERROR= 0.000000e+00 TIMERATIO= 3.614067e-01 \\

## gen: stw     ARP-SMALL-TOL  ARPACK-TOL  ES-ARP-SMALL  ES-AR ERROR
00 -1.258542e-15 -1.294537e-16 -1.294537e-16 1.129088e-15 1.129088e-15
01 8.824167e-03 8.824167e-03 8.824167e-03 2.081668e-16 2.081668e-16
02 8.824167e-03 8.824167e-03 8.824167e-03 3.885781e-16 3.885781e-16
03 1.334551e-02 1.334551e-02 1.334551e-02 6.591949e-16 6.591949e-16
04 2.922491e-02 2.922491e-02 2.922491e-02 3.816392e-16 3.816392e-16
05 3.180579e-02 3.180579e-02 3.180579e-02 2.081668e-16 2.081668e-16
06 3.180579e-02 3.180579e-02 3.180579e-02 2.983724e-16 2.983724e-16
07 3.271787e-02 3.271787e-02 3.271787e-02 5.551115e-17 5.551115e-17
08 5.148734e-02 5.148734e-02 5.148734e-02 2.074729e-15 2.074729e-15
09 5.402982e-02 5.402982e-02 5.402982e-02 4.891920e-15 4.891920e-15
10 5.402982e-02 5.402982e-02 5.402982e-02 7.008283e-15 7.008283e-15
11 5.691242e-02 5.691242e-02 5.691242e-02 1.246225e-14 1.246225e-14
12 7.465499e-02 7.465499e-02 7.465499e-02 3.994582e-13 3.994582e-13
13 7.811994e-02 7.811994e-02 7.811994e-02 5.591916e-13 5.591916e-13
14 7.811994e-02 7.811994e-02 7.811994e-02 1.066924e-12 1.066924e-12
15 8.178079e-02 8.178079e-02 8.178079e-02 1.631084e-12 1.631084e-12
16 9.909065e-02 9.909065e-02 9.909065e-02 2.315803e-11 2.315803e-11
17 1.033071e-01 1.033071e-01 1.033071e-01 2.871521e-11 2.871521e-11
18 1.033071e-01 1.033071e-01 1.033071e-01 3.795139e-11 3.795139e-11
19 1.077383e-01 1.077383e-01 1.077383e-01 6.309894e-11 6.309894e-11
20 1.245339e-01 1.245339e-01 1.245339e-01 4.092603e-10 4.092603e-10
21 1.294174e-01 1.294174e-01 1.294174e-01 7.340360e-10 7.340360e-10
22 1.294174e-01 1.294174e-01 1.294174e-01 7.934279e-10 7.934279e-10
23 1.345070e-01 1.345070e-01 1.345070e-01 1.015988e-09 1.015988e-09
24 1.507635e-01 1.507634e-01 1.507634e-01 6.269624e-09 6.269624e-09
25 1.562201e-01 1.562201e-01 1.562201e-01 8.709526e-09 8.709526e-09
26 1.562201e-01 1.562201e-01 1.562201e-01 1.056162e-08 1.056162e-08
27 1.618697e-01 1.618697e-01 1.618697e-01 1.877510e-08 1.877510e-08
28 1.775528e-01 1.775528e-01 1.775528e-01 4.115388e-08 4.115388e-08
29 1.834876e-01 1.834876e-01 1.834876e-01 6.063436e-08 6.063436e-08
30 1.834877e-01 1.834876e-01 1.834876e-01 9.635037e-08 9.635037e-08
31 1.895948e-01 1.895946e-01 1.895946e-01 1.314155e-07 1.314155e-07
32 2.046812e-01 2.046808e-01 2.046808e-01 3.444196e-07 3.444196e-07
33 2.109999e-01 2.109993e-01 2.109993e-01 5.272446e-07 5.272446e-07
34 2.110001e-01 2.109993e-01 2.109993e-01 8.062172e-07 8.062172e-07
35 2.174675e-01 2.174667e-01 2.174667e-01 7.812565e-07 7.812565e-07
36 2.319400e-01 2.319382e-01 2.319382e-01 1.722547e-06 1.722547e-06
37 2.385512e-01 2.385492e-01 2.385492e-01 1.959475e-06 1.959475e-06
38 2.385523e-01 2.385492e-01 2.385492e-01 3.144968e-06 3.144968e-06
39 2.452876e-01 2.452832e-01 2.452832e-01 4.444089e-06 4.444089e-06
40 2.591418e-01 2.591323e-01 2.591323e-01 9.564706e-06 9.564706e-06
41 2.659602e-01 2.659497e-01 2.659497e-01 1.050691e-05 1.050691e-05
42 2.659639e-01 2.659497e-01 2.659497e-01 1.418034e-05 1.418034e-05
43 2.728827e-01 2.728643e-01 2.728643e-01 1.842127e-05 1.842127e-05
44 2.861281e-01 2.860903e-01 2.860903e-01 3.785532e-05 3.785532e-05
45 2.930770e-01 2.930352e-01 2.930352e-01 4.178848e-05 4.178848e-05
46 2.931014e-01 2.930352e-01 2.930352e-01 6.621688e-05 6.621688e-05
47 3.001128e-01 3.000517e-01 3.000517e-01 6.109613e-05 6.109613e-05
48 3.127493e-01 3.126619e-01 3.126619e-01 8.734515e-05 8.734515e-05
49 3.198044e-01 3.196634e-01 3.196634e-01 1.409857e-04 1.409857e-04
50 3.198363e-01 3.196634e-01 3.196634e-01 1.729138e-04 1.729138e-04
51 3.269020e-01 3.267126e-01 3.267126e-01 1.894292e-04 1.894292e-04
52 3.390265e-01 3.387198e-01 3.387198e-01 3.067253e-04 3.067253e-04
53 3.460711e-01 3.457155e-01 3.457155e-01 3.555464e-04 3.555464e-04
54 3.461513e-01 3.457155e-01 3.457155e-01 4.357441e-04 4.357441e-04
55 3.531850e-01 3.527372e-01 3.527372e-01 4.478328e-04 4.478328e-04
56 3.649241e-01 3.641593e-01 3.641593e-01 7.648538e-04 7.648538e-04
57 3.718696e-01 3.710960e-01 3.710960e-01 7.736610e-04 7.736610e-04
58 3.723929e-01 3.710960e-01 3.710960e-01 1.296893e-03 1.296893e-03
59 3.793627e-01 3.780392e-01 3.780392e-01 1.323467e-03 1.323467e-03
60 3.903014e-01 3.888975e-01 3.888975e-01 1.403876e-03 1.403876e-03
61 3.973462e-01 3.957305e-01 3.957305e-01 1.615655e-03 1.615655e-03
62 3.983868e-01 3.957305e-01 3.957305e-01 2.656300e-03 2.656300e-03
63 4.055514e-01 4.025532e-01 4.025532e-01 2.998230e-03 2.998230e-03
64 4.174015e-01 4.128718e-01 4.128718e-01 4.529739e-03 4.529739e-03
65 4.227116e-01 4.195645e-01 4.195645e-01 3.147148e-03 3.147148e-03
66 4.246043e-01 4.195645e-01 4.195645e-01 5.039816e-03 5.039816e-03
67 4.307849e-01 4.262328e-01 4.262328e-01 4.552072e-03 4.552072e-03
68 4.425716e-01 4.360371e-01 4.360371e-01 6.534436e-03 6.534436e-03
69 4.499451e-01 4.425606e-01 4.425606e-01 7.384517e-03 7.384517e-03
70 4.505955e-01 4.425606e-01 4.425606e-01 8.034911e-03 8.034911e-03
71 4.607241e-01 4.490480e-01 4.490480e-01 1.167609e-02 1.167609e-02
72 4.706691e-01 4.583646e-01 4.583646e-01 1.230444e-02 1.230444e-02
73 4.804460e-01 4.646967e-01 4.646967e-01 1.574930e-02 1.574930e-02
74 4.827946e-01 4.646967e-01 4.646967e-01 1.809790e-02 1.809790e-02
75 4.920065e-01 4.709833e-01 4.709833e-01 2.102326e-02 2.102326e-02
76 5.023963e-01 4.798387e-01 4.798387e-01 2.255762e-02 2.255762e-02
77 5.070536e-01 4.859631e-01 4.859631e-01 2.109059e-02 2.109059e-02
78 5.113793e-01 4.859631e-01 4.859631e-01 2.541622e-02 2.541622e-02
79 5.213598e-01 4.920347e-01 4.920347e-01 2.932517e-02 2.932517e-02
80 5.438524e-01 5.004553e-01 5.004553e-01 4.339709e-02 4.339709e-02
81 5.458966e-01 5.063607e-01 5.063607e-01 3.953589e-02 3.953589e-02
82 5.618645e-01 5.063607e-01 5.063607e-01 5.550380e-02 5.550380e-02
83 5.666410e-01 5.122080e-01 5.122080e-01 5.443292e-02 5.443292e-02
84 5.772960e-01 5.202194e-01 5.202194e-01 5.707662e-02 5.707662e-02
85 5.933148e-01 5.258991e-01 5.258991e-01 6.741562e-02 6.741562e-02
86 5.993412e-01 5.258991e-01 5.258991e-01 7.344208e-02 7.344208e-02
87 6.125162e-01 5.315169e-01 5.315169e-01 8.099927e-02 8.099927e-02
88 6.173816e-01 5.391437e-01 5.391437e-01 7.823790e-02 7.823790e-02
89 6.325751e-01 5.445944e-01 5.445944e-01 8.798071e-02 8.798071e-02
90 6.391340e-01 5.445944e-01 5.445944e-01 9.453953e-02 9.453953e-02
91 6.561740e-01 5.499807e-01 5.499807e-01 1.061932e-01 1.061932e-01
92 6.666837e-01 5.572464e-01 5.572464e-01 1.094373e-01 1.094373e-01
93 6.888460e-01 5.624679e-01 5.624679e-01 1.263782e-01 1.263782e-01
94 6.975904e-01 5.624679e-01 5.624679e-01 1.351225e-01 1.351225e-01
95 7.170358e-01 5.676235e-01 5.676235e-01 1.494123e-01 1.494123e-01
96 7.227262e-01 5.745504e-01 5.745504e-01 1.481758e-01 1.481758e-01
97 7.253822e-01 5.795446e-01 5.795446e-01 1.458376e-01 1.458376e-01
98 7.427446e-01 5.795446e-01 5.795446e-01 1.632000e-01 1.632000e-01
99 7.794924e-01 5.844725e-01 5.844725e-01 1.950199e-01 1.950199e-01
100 7.839306e-01 5.910815e-01 5.910815e-01 1.928491e-01 1.928491e-01
101 8.018216e-01 5.958522e-01 5.958522e-01 2.059693e-01 2.059693e-01
102 8.094428e-01 5.958522e-01 5.958522e-01 2.135906e-01 2.135906e-01
103 8.269456e-01 6.005570e-01 6.005570e-01 2.263885e-01 2.263885e-01
104 8.402795e-01 6.068678e-01 6.068678e-01 2.334117e-01 2.334117e-01
105 8.416496e-01 6.114203e-01 6.114203e-01 2.302293e-01 2.302293e-01
106 8.522108e-01 6.114203e-01 6.114203e-01 2.407905e-01 2.407905e-01
107 8.603747e-01 6.159079e-01 6.159079e-01 2.444668e-01 2.444668e-01
108 8.680779e-01 6.219388e-01 6.219388e-01 2.461392e-01 2.461392e-01
109 8.864885e-01 6.262794e-01 6.262794e-01 2.602092e-01 2.602092e-01
110 8.910593e-01 6.262794e-01 6.262794e-01 2.647800e-01 2.647800e-01
111 9.000798e-01 6.305564e-01 6.305564e-01 2.695234e-01 2.695234e-01
112 9.056646e-01 6.363244e-01 6.363244e-01 2.693401e-01 2.693401e-01
113 9.077946e-01 6.404602e-01 6.404602e-01 2.673344e-01 2.673344e-01
114 9.105829e-01 6.404602e-01 6.404602e-01 2.701228e-01 2.701228e-01
115 9.212815e-01 6.445341e-01 6.445341e-01 2.767474e-01 2.767474e-01
116 9.291486e-01 6.500551e-01 6.500551e-01 2.790936e-01 2.790936e-01
117 9.335336e-01 6.539935e-01 6.539935e-01 2.795401e-01 2.795401e-01
118 9.414277e-01 6.539935e-01 6.539935e-01 2.874342e-01 2.874342e-01
119 9.427222e-01 6.578722e-01 6.578722e-01 2.848500e-01 2.848500e-01
120 9.450153e-01 6.631607e-01 6.631607e-01 2.818546e-01 2.818546e-01
121 9.474213e-01 6.669097e-01 6.669097e-01 2.805116e-01 2.805116e-01
122 9.522341e-01 6.669097e-01 6.669097e-01 2.853244e-01 2.853244e-01
123 9.568686e-01 6.706011e-01 6.706011e-01 2.862676e-01 2.862676e-01
124 9.609771e-01 6.756709e-01 6.756709e-01 2.853062e-01 2.853062e-01
125 9.661036e-01 6.792384e-01 6.792384e-01 2.868652e-01 2.868652e-01
126 9.675644e-01 6.792384e-01 6.792384e-01 2.883260e-01 2.883260e-01
127 9.713274e-01 6.827505e-01 6.827505e-01 2.885769e-01 2.885769e-01
128 9.730895e-01 6.876142e-01 6.876142e-01 2.854754e-01 2.854754e-01
129 9.757026e-01 6.910082e-01 6.910082e-01 2.846944e-01 2.846944e-01
130 9.789037e-01 6.910082e-01 6.910082e-01 2.878955e-01 2.878955e-01
131 9.796908e-01 6.943491e-01 6.943491e-01 2.853416e-01 2.853416e-01
132 9.801240e-01 6.990183e-01 6.990183e-01 2.811057e-01 2.811057e-01
133 9.826254e-01 7.022467e-01 7.022467e-01 2.803786e-01 2.803786e-01
134 9.845187e-01 7.022467e-01 7.022467e-01 2.822719e-01 2.822719e-01
135 9.848919e-01 7.054245e-01 7.054245e-01 2.794674e-01 2.794674e-01
136 9.861113e-01 7.099100e-01 7.099100e-01 2.762014e-01 2.762014e-01
137 9.874507e-01 7.129806e-01 7.129806e-01 2.744701e-01 2.744701e-01
138 9.888855e-01 7.129806e-01 7.129806e-01 2.759049e-01 2.759049e-01
139 9.891534e-01 7.160029e-01 7.160029e-01 2.731505e-01 2.731505e-01
140 9.901241e-01 7.203146e-01 7.203146e-01 2.698095e-01 2.698095e-01
141 9.912001e-01 7.232350e-01 7.232350e-01 2.679651e-01 2.679651e-01
142 9.922576e-01 7.232350e-01 7.232350e-01 2.690226e-01 2.690226e-01
143 9.934093e-01 7.261094e-01 7.261094e-01 2.672999e-01 2.672999e-01
