# Hello World! This is dune-eigensolver.
# hardware number of threads is 128 number of threads used is 1
# 8 8
# Smallest eigenvalues convergence test

#  n: 28900 A.N(): 28900 br: 1
# GeneralizedInverse:  time_total=5.155664e+01 time_factorization=9.636717e-02 iterations=214

# Arpack: time_total=6.318412e+00 iterations=1

# Eigensolver elapsed time 5.156002e+01

# N= 28900 M= 144 ACCURACY= 1.000000e+00 TOL= 1.000000e-02 THRESHOLD= 9.000000e-02 ESARERROR= 6.586394e-01 ARPERROR= 4.379844e-03 ESANERROR= 0.000000e+00 TIMERATIO= 8.160280e+00 \\

## gen: ftw     ARP-SMALL-TOL  ARPACK-TOL  ES-ARP-SMALL  ES-AR ERROR
00 -1.618714e-15 -1.294537e-16 -1.294537e-16 1.489260e-15 1.489260e-15
01 8.824167e-03 8.824167e-03 8.824167e-03 4.857226e-17 4.857226e-17
02 8.824167e-03 8.824167e-03 8.824167e-03 1.006140e-16 1.006140e-16
03 1.334551e-02 1.334551e-02 1.334551e-02 1.977585e-16 1.977585e-16
04 2.922491e-02 2.922491e-02 2.922491e-02 3.053113e-16 3.053113e-16
05 3.180579e-02 3.180579e-02 3.180579e-02 8.349925e-12 8.349925e-12
06 3.180580e-02 3.180579e-02 3.180579e-02 4.551406e-09 4.551406e-09
07 3.271786e-02 3.271787e-02 3.271787e-02 4.559757e-09 4.559757e-09
08 5.148734e-02 5.148734e-02 5.148734e-02 1.400981e-11 1.400981e-11
09 5.402982e-02 5.402982e-02 5.402982e-02 9.442981e-12 9.442981e-12
10 5.402982e-02 5.402982e-02 5.402982e-02 1.264051e-12 1.264051e-12
11 5.691242e-02 5.691242e-02 5.691242e-02 3.304426e-12 3.304426e-12
12 7.465499e-02 7.465499e-02 7.465499e-02 4.764585e-10 4.764585e-10
13 7.811994e-02 7.811994e-02 7.811994e-02 4.691772e-10 4.691772e-10
14 7.811994e-02 7.811994e-02 7.811994e-02 9.982168e-12 9.982168e-12
15 8.178079e-02 8.178079e-02 8.178079e-02 1.726472e-11 1.726472e-11
16 9.909066e-02 9.909065e-02 9.909065e-02 2.557967e-09 2.557967e-09
17 1.033071e-01 1.033071e-01 1.033071e-01 1.829532e-09 1.829532e-09
18 1.033071e-01 1.033071e-01 1.033071e-01 7.157330e-10 7.157330e-10
19 1.077383e-01 1.077383e-01 1.077383e-01 1.270344e-11 1.270344e-11
20 1.245339e-01 1.245339e-01 1.245339e-01 3.093630e-09 3.093630e-09
21 1.294173e-01 1.294174e-01 1.294174e-01 1.549497e-09 1.549497e-09
22 1.294174e-01 1.294174e-01 1.294174e-01 2.736361e-09 2.736361e-09
23 1.345070e-01 1.345070e-01 1.345070e-01 4.280495e-09 4.280495e-09
24 1.507634e-01 1.507634e-01 1.507634e-01 1.436631e-10 1.436631e-10
25 1.562201e-01 1.562201e-01 1.562201e-01 6.523449e-09 6.523449e-09
26 1.562203e-01 1.562201e-01 1.562201e-01 1.457691e-07 1.457691e-07
27 1.618695e-01 1.618697e-01 1.618697e-01 1.524362e-07 1.524362e-07
28 1.775528e-01 1.775528e-01 1.775528e-01 7.301474e-10 7.301474e-10
29 1.834876e-01 1.834876e-01 1.834876e-01 1.696224e-11 1.696224e-11
30 1.834876e-01 1.834876e-01 1.834876e-01 3.941902e-08 3.941902e-08
31 1.895946e-01 1.895946e-01 1.895946e-01 4.016608e-08 4.016608e-08
32 2.046809e-01 2.046808e-01 2.046808e-01 3.049212e-08 3.049212e-08
33 2.109993e-01 2.109993e-01 2.109993e-01 1.298297e-08 1.298297e-08
34 2.109993e-01 2.109993e-01 2.109993e-01 3.007525e-09 3.007525e-09
35 2.174667e-01 2.174667e-01 2.174667e-01 1.450166e-08 1.450166e-08
36 2.319595e-01 2.319382e-01 2.319382e-01 2.127263e-05 2.127263e-05
37 2.385340e-01 2.385492e-01 2.385492e-01 1.519608e-05 1.519608e-05
38 2.385432e-01 2.385492e-01 2.385492e-01 5.989850e-06 5.989850e-06
39 2.452831e-01 2.452832e-01 2.452832e-01 8.670114e-08 8.670114e-08
40 2.591359e-01 2.591323e-01 2.591323e-01 3.672203e-06 3.672203e-06
41 2.659464e-01 2.659497e-01 2.659497e-01 3.317236e-06 3.317236e-06
42 2.659498e-01 2.659497e-01 2.659497e-01 1.004543e-07 1.004543e-07
43 2.728638e-01 2.728643e-01 2.728643e-01 4.554184e-07 4.554184e-07
44 2.860912e-01 2.860903e-01 2.860903e-01 9.130688e-07 9.130688e-07
45 2.930343e-01 2.930352e-01 2.930352e-01 8.948304e-07 8.948304e-07
46 2.930366e-01 2.930352e-01 2.930352e-01 1.405328e-06 1.405328e-06
47 3.000503e-01 3.000517e-01 3.000517e-01 1.400658e-06 1.400658e-06
48 3.126621e-01 3.126619e-01 3.126619e-01 1.858489e-07 1.858489e-07
49 3.196639e-01 3.196634e-01 3.196634e-01 4.662818e-07 4.662818e-07
50 3.196649e-01 3.196634e-01 3.196634e-01 1.478484e-06 1.478484e-06
51 3.267104e-01 3.267126e-01 3.267126e-01 2.148044e-06 2.148044e-06
52 3.387267e-01 3.387198e-01 3.387198e-01 6.953157e-06 6.953157e-06
53 3.457114e-01 3.457155e-01 3.457155e-01 4.187707e-06 4.187707e-06
54 3.457129e-01 3.457155e-01 3.457155e-01 2.630176e-06 2.630176e-06
55 3.527373e-01 3.527372e-01 3.527372e-01 7.076953e-08 7.076953e-08
56 3.641644e-01 3.641593e-01 3.641593e-01 5.162933e-06 5.162933e-06
57 3.710907e-01 3.710960e-01 3.710960e-01 5.282333e-06 5.282333e-06
58 3.711810e-01 3.710960e-01 3.710960e-01 8.498894e-05 8.498894e-05
59 3.779542e-01 3.780392e-01 3.780392e-01 8.507395e-05 8.507395e-05
60 3.912221e-01 3.888975e-01 3.888975e-01 2.324517e-03 2.324517e-03
61 3.934104e-01 3.957305e-01 3.957305e-01 2.320093e-03 2.320093e-03
62 3.957336e-01 3.957305e-01 3.957305e-01 3.059301e-06 3.059301e-06
63 4.025457e-01 4.025532e-01 4.025532e-01 7.470592e-06 7.470592e-06
64 4.136499e-01 4.128718e-01 4.128718e-01 7.781306e-04 7.781306e-04
65 4.188330e-01 4.195645e-01 4.195645e-01 7.314960e-04 7.314960e-04
66 4.195328e-01 4.195645e-01 4.195645e-01 3.169532e-05 3.169532e-05
67 4.262249e-01 4.262328e-01 4.262328e-01 7.839909e-06 7.839909e-06
68 4.360513e-01 4.360371e-01 4.360371e-01 1.416399e-05 1.416399e-05
69 4.425470e-01 4.425606e-01 4.425606e-01 1.357864e-05 1.357864e-05
70 4.425585e-01 4.425606e-01 4.425606e-01 2.075456e-06 2.075456e-06
71 4.491458e-01 4.490480e-01 4.490480e-01 9.775271e-05 9.775271e-05
72 4.582750e-01 4.583646e-01 4.583646e-01 8.963259e-05 8.963259e-05
73 4.647114e-01 4.646967e-01 4.646967e-01 1.470384e-05 1.470384e-05
74 4.647357e-01 4.646967e-01 4.646967e-01 3.898890e-05 3.898890e-05
75 4.709166e-01 4.709833e-01 4.709833e-01 6.670530e-05 6.670530e-05
76 4.802506e-01 4.798387e-01 4.798387e-01 4.118499e-04 4.118499e-04
77 4.855663e-01 4.859631e-01 4.859631e-01 3.968053e-04 3.968053e-04
78 4.876409e-01 4.859631e-01 4.859631e-01 1.677828e-03 1.677828e-03
79 4.903412e-01 4.920347e-01 4.920347e-01 1.693448e-03 1.693448e-03
80 5.025518e-01 5.004553e-01 5.004553e-01 2.096524e-03 2.096524e-03
81 5.050329e-01 5.063607e-01 5.063607e-01 1.327812e-03 1.327812e-03
82 5.055940e-01 5.063607e-01 5.063607e-01 7.667812e-04 7.667812e-04
83 5.122254e-01 5.122080e-01 5.122080e-01 1.739308e-05 1.739308e-05
84 5.204881e-01 5.202194e-01 5.202194e-01 2.687188e-04 2.687188e-04
85 5.261827e-01 5.258991e-01 5.258991e-01 2.835060e-04 2.835060e-04
86 5.266032e-01 5.258991e-01 5.258991e-01 7.040685e-04 7.040685e-04
87 5.304029e-01 5.315169e-01 5.315169e-01 1.114004e-03 1.114004e-03
88 5.395581e-01 5.391437e-01 5.391437e-01 4.144070e-04 4.144070e-04
89 5.440293e-01 5.445944e-01 5.445944e-01 5.651758e-04 5.651758e-04
90 5.446273e-01 5.445944e-01 5.445944e-01 3.289035e-05 3.289035e-05
91 5.513836e-01 5.499807e-01 5.499807e-01 1.402858e-03 1.402858e-03
92 5.564251e-01 5.572464e-01 5.572464e-01 8.213785e-04 8.213785e-04
93 5.620970e-01 5.624679e-01 5.624679e-01 3.708412e-04 3.708412e-04
94 5.631771e-01 5.624679e-01 5.624679e-01 7.091927e-04 7.091927e-04
95 5.666752e-01 5.676235e-01 5.676235e-01 9.482909e-04 9.482909e-04
96 5.751972e-01 5.745504e-01 5.745504e-01 6.467539e-04 6.467539e-04
97 5.794358e-01 5.795446e-01 5.795446e-01 1.087943e-04 1.087943e-04
98 5.797348e-01 5.795446e-01 5.795446e-01 1.902692e-04 1.902692e-04
99 5.843056e-01 5.844725e-01 5.844725e-01 1.668698e-04 1.668698e-04
100 5.905898e-01 5.910815e-01 5.910815e-01 4.917519e-04 4.917519e-04
101 5.958328e-01 5.958522e-01 5.958522e-01 1.940510e-05 1.940510e-05
102 5.959614e-01 5.958522e-01 5.958522e-01 1.091942e-04 1.091942e-04
103 6.007614e-01 6.005570e-01 6.005570e-01 2.043274e-04 2.043274e-04
104 6.065495e-01 6.068678e-01 6.068678e-01 3.183698e-04 3.183698e-04
105 6.123195e-01 6.114203e-01 6.114203e-01 8.991826e-04 8.991826e-04
106 6.125551e-01 6.114203e-01 6.114203e-01 1.134768e-03 1.134768e-03
107 6.143233e-01 6.159079e-01 6.159079e-01 1.584569e-03 1.584569e-03
108 6.215596e-01 6.219388e-01 6.219388e-01 3.791609e-04 3.791609e-04
109 6.261983e-01 6.262794e-01 6.262794e-01 8.107784e-05 8.107784e-05
110 6.263106e-01 6.262794e-01 6.262794e-01 3.119473e-05 3.119473e-05
111 6.318372e-01 6.305564e-01 6.305564e-01 1.280805e-03 1.280805e-03
112 6.377218e-01 6.363244e-01 6.363244e-01 1.397383e-03 1.397383e-03
113 6.378713e-01 6.404602e-01 6.404602e-01 2.588835e-03 2.588835e-03
114 6.407735e-01 6.404602e-01 6.404602e-01 3.133136e-04 3.133136e-04
115 6.443024e-01 6.445341e-01 6.445341e-01 2.317311e-04 2.317311e-04
116 6.501468e-01 6.500551e-01 6.500551e-01 9.173668e-05 9.173668e-05
117 6.539979e-01 6.539935e-01 6.539935e-01 4.328679e-06 4.328679e-06
118 6.560957e-01 6.539935e-01 6.539935e-01 2.102138e-03 2.102138e-03
119 6.566041e-01 6.578722e-01 6.578722e-01 1.268092e-03 1.268092e-03
120 6.621178e-01 6.631607e-01 6.631607e-01 1.042904e-03 1.042904e-03
121 6.668180e-01 6.669097e-01 6.669097e-01 9.178069e-05 9.178069e-05
122 6.708958e-01 6.669097e-01 6.669097e-01 3.986039e-03 3.986039e-03
123 6.712396e-01 6.706011e-01 6.706011e-01 6.384964e-04 6.384964e-04
124 6.712910e-01 6.756709e-01 6.756709e-01 4.379844e-03 4.379844e-03
125 6.791449e-01 6.792384e-01 6.792384e-01 9.346865e-05 9.346865e-05
126 6.791863e-01 6.792384e-01 6.792384e-01 5.205217e-05 5.205217e-05
127 6.829441e-01 6.827505e-01 6.827505e-01 1.935540e-04 1.935540e-04
128 6.882013e-01 6.876142e-01 6.876142e-01 5.871745e-04 5.871745e-04
129 6.905070e-01 6.910082e-01 6.910082e-01 5.012085e-04 5.012085e-04
130 6.932835e-01 6.910082e-01 6.910082e-01 2.275369e-03 2.275369e-03
131 6.949999e-01 6.943491e-01 6.943491e-01 6.507398e-04 6.507398e-04
132 6.959718e-01 6.990183e-01 6.990183e-01 3.046460e-03 3.046460e-03
133 7.020831e-01 7.022467e-01 7.022467e-01 1.636819e-04 1.636819e-04
134 7.031898e-01 7.022467e-01 7.022467e-01 9.430624e-04 9.430624e-04
135 7.054008e-01 7.054245e-01 7.054245e-01 2.372806e-05 2.372806e-05
136 7.097452e-01 7.099100e-01 7.099100e-01 1.647707e-04 1.647707e-04
137 7.126316e-01 7.129806e-01 7.129806e-01 3.490091e-04 3.490091e-04
138 7.142464e-01 7.129806e-01 7.129806e-01 1.265847e-03 1.265847e-03
139 7.147134e-01 7.160029e-01 7.160029e-01 1.289471e-03 1.289471e-03
140 7.201380e-01 7.203146e-01 7.203146e-01 1.766486e-04 1.766486e-04
141 7.244827e-01 7.232350e-01 7.232350e-01 1.247692e-03 1.247692e-03
142 7.248030e-01 7.232350e-01 7.232350e-01 1.567933e-03 1.567933e-03
143 7.259550e-01 7.261094e-01 7.261094e-01 1.543784e-04 1.543784e-04
