# Hello World! This is dune-eigensolver.
# hardware number of threads is 128 number of threads used is 1
# 8 8
# Smallest eigenvalues convergence test

#  n: 28900 A.N(): 28900 br: 1
# GeneralizedInverse:  time_total=4.044347e+00 time_factorization=9.591354e-02 iterations=16

# Arpack: time_total=6.327471e+00 iterations=1

# Eigensolver elapsed time 4.047208e+00

# N= 28900 M= 144 ACCURACY= 1.000000e+00 TOL= 2.000000e-01 THRESHOLD= 9.000000e-02 ESARERROR= 7.068363e-01 ARPERROR= 4.804244e-02 ESANERROR= 0.000000e+00 TIMERATIO= 6.396249e-01 \\

## gen: ftw     ARP-SMALL-TOL  ARPACK-TOL  ES-ARP-SMALL  ES-AR ERROR
00 -1.622834e-15 -1.294537e-16 -1.294537e-16 1.493380e-15 1.493380e-15
01 8.824168e-03 8.824167e-03 8.824167e-03 3.826452e-10 3.826452e-10
02 8.824181e-03 8.824167e-03 8.824167e-03 1.354474e-08 1.354474e-08
03 1.334549e-02 1.334551e-02 1.334551e-02 1.392616e-08 1.392616e-08
04 2.936906e-02 2.922491e-02 2.922491e-02 1.441470e-04 1.441470e-04
05 3.172180e-02 3.180579e-02 3.180579e-02 8.398958e-05 8.398958e-05
06 3.198914e-02 3.180579e-02 3.180579e-02 1.833504e-04 1.833504e-04
07 3.247456e-02 3.271787e-02 3.271787e-02 2.433073e-04 2.433073e-04
08 5.292761e-02 5.148734e-02 5.148734e-02 1.440269e-03 1.440269e-03
09 5.377856e-02 5.402982e-02 5.402982e-02 2.512591e-04 2.512591e-04
10 5.436683e-02 5.402982e-02 5.402982e-02 3.370064e-04 3.370064e-04
11 5.538840e-02 5.691242e-02 5.691242e-02 1.524012e-03 1.524012e-03
12 7.507408e-02 7.465499e-02 7.465499e-02 4.190933e-04 4.190933e-04
13 7.814932e-02 7.811994e-02 7.811994e-02 2.938440e-05 2.938440e-05
14 7.853953e-02 7.811994e-02 7.811994e-02 4.195902e-04 4.195902e-04
15 8.172940e-02 8.178079e-02 8.178079e-02 5.139261e-05 5.139261e-05
16 9.990200e-02 9.909065e-02 9.909065e-02 8.113512e-04 8.113512e-04
17 1.021210e-01 1.033071e-01 1.033071e-01 1.186163e-03 1.186163e-03
18 1.032422e-01 1.033071e-01 1.033071e-01 6.490495e-05 6.490495e-05
19 1.180808e-01 1.077383e-01 1.077383e-01 1.034248e-02 1.034248e-02
20 1.185285e-01 1.245339e-01 1.245339e-01 6.005338e-03 6.005338e-03
21 1.285007e-01 1.294174e-01 1.294174e-01 9.166845e-04 9.166845e-04
22 1.310098e-01 1.294174e-01 1.294174e-01 1.592410e-03 1.592410e-03
23 1.324866e-01 1.345070e-01 1.345070e-01 2.020392e-03 2.020392e-03
24 1.485006e-01 1.507634e-01 1.507634e-01 2.262868e-03 2.262868e-03
25 1.561425e-01 1.562201e-01 1.562201e-01 7.761764e-05 7.761764e-05
26 1.613193e-01 1.562201e-01 1.562201e-01 5.099122e-03 5.099122e-03
27 1.648424e-01 1.618697e-01 1.618697e-01 2.972706e-03 2.972706e-03
28 1.730015e-01 1.775528e-01 1.775528e-01 4.551231e-03 4.551231e-03
29 1.811135e-01 1.834876e-01 1.834876e-01 2.374060e-03 2.374060e-03
30 1.908638e-01 1.834876e-01 1.834876e-01 7.376248e-03 7.376248e-03
31 1.974794e-01 1.895946e-01 1.895946e-01 7.884749e-03 7.884749e-03
32 1.991396e-01 2.046808e-01 2.046808e-01 5.541238e-03 5.541238e-03
33 2.044887e-01 2.109993e-01 2.109993e-01 6.510648e-03 6.510648e-03
34 2.118049e-01 2.109993e-01 2.109993e-01 8.055758e-04 8.055758e-04
35 2.227983e-01 2.174667e-01 2.174667e-01 5.331548e-03 5.331548e-03
36 2.344551e-01 2.319382e-01 2.319382e-01 2.516834e-03 2.516834e-03
37 2.354844e-01 2.385492e-01 2.385492e-01 3.064799e-03 3.064799e-03
38 2.399217e-01 2.385492e-01 2.385492e-01 1.372533e-03 1.372533e-03
39 2.407449e-01 2.452832e-01 2.452832e-01 4.538271e-03 4.538271e-03
40 2.578145e-01 2.591323e-01 2.591323e-01 1.317721e-03 1.317721e-03
41 2.667315e-01 2.659497e-01 2.659497e-01 7.817627e-04 7.817627e-04
42 2.683496e-01 2.659497e-01 2.659497e-01 2.399893e-03 2.399893e-03
43 2.718592e-01 2.728643e-01 2.728643e-01 1.005015e-03 1.005015e-03
44 2.906525e-01 2.860903e-01 2.860903e-01 4.562242e-03 4.562242e-03
45 2.952282e-01 2.930352e-01 2.930352e-01 2.193011e-03 2.193011e-03
46 2.953456e-01 2.930352e-01 2.930352e-01 2.310333e-03 2.310333e-03
47 3.000225e-01 3.000517e-01 3.000517e-01 2.916011e-05 2.916011e-05
48 3.020880e-01 3.126619e-01 3.126619e-01 1.057393e-02 1.057393e-02
49 3.251750e-01 3.196634e-01 3.196634e-01 5.511576e-03 5.511576e-03
50 3.292975e-01 3.196634e-01 3.196634e-01 9.634095e-03 9.634095e-03
51 3.318122e-01 3.267126e-01 3.267126e-01 5.099604e-03 5.099604e-03
52 3.412401e-01 3.387198e-01 3.387198e-01 2.520322e-03 2.520322e-03
53 3.476036e-01 3.457155e-01 3.457155e-01 1.888061e-03 1.888061e-03
54 3.529749e-01 3.457155e-01 3.457155e-01 7.259354e-03 7.259354e-03
55 3.604111e-01 3.527372e-01 3.527372e-01 7.673909e-03 7.673909e-03
56 3.626406e-01 3.641593e-01 3.641593e-01 1.518650e-03 1.518650e-03
57 3.671210e-01 3.710960e-01 3.710960e-01 3.975030e-03 3.975030e-03
58 3.740456e-01 3.710960e-01 3.710960e-01 2.949600e-03 2.949600e-03
59 3.809666e-01 3.780392e-01 3.780392e-01 2.927354e-03 2.927354e-03
60 3.811382e-01 3.888975e-01 3.888975e-01 7.759322e-03 7.759322e-03
61 4.017029e-01 3.957305e-01 3.957305e-01 5.972424e-03 5.972424e-03
62 4.029783e-01 3.957305e-01 3.957305e-01 7.247802e-03 7.247802e-03
63 4.070647e-01 4.025532e-01 4.025532e-01 4.511441e-03 4.511441e-03
64 4.077483e-01 4.128718e-01 4.128718e-01 5.123453e-03 5.123453e-03
65 4.099846e-01 4.195645e-01 4.195645e-01 9.579844e-03 9.579844e-03
66 4.240098e-01 4.195645e-01 4.195645e-01 4.445280e-03 4.445280e-03
67 4.261495e-01 4.262328e-01 4.262328e-01 8.324541e-05 8.324541e-05
68 4.303945e-01 4.360371e-01 4.360371e-01 5.642626e-03 5.642626e-03
69 4.468472e-01 4.425606e-01 4.425606e-01 4.286541e-03 4.286541e-03
70 4.543397e-01 4.425606e-01 4.425606e-01 1.177908e-02 1.177908e-02
71 4.559117e-01 4.490480e-01 4.490480e-01 6.863684e-03 6.863684e-03
72 4.569972e-01 4.583646e-01 4.583646e-01 1.367473e-03 1.367473e-03
73 4.661785e-01 4.646967e-01 4.646967e-01 1.481835e-03 1.481835e-03
74 4.688134e-01 4.646967e-01 4.646967e-01 4.116687e-03 4.116687e-03
75 4.712146e-01 4.709833e-01 4.709833e-01 2.313080e-04 2.313080e-04
76 4.761098e-01 4.798387e-01 4.798387e-01 3.728902e-03 3.728902e-03
77 4.797854e-01 4.859631e-01 4.859631e-01 6.177681e-03 6.177681e-03
78 4.916569e-01 4.859631e-01 4.859631e-01 5.693860e-03 5.693860e-03
79 4.987563e-01 4.920347e-01 4.920347e-01 6.721683e-03 6.721683e-03
80 5.000616e-01 5.004553e-01 5.004553e-01 3.936436e-04 3.936436e-04
81 5.042372e-01 5.063607e-01 5.063607e-01 2.123569e-03 2.123569e-03
82 5.074775e-01 5.063607e-01 5.063607e-01 1.116768e-03 1.116768e-03
83 5.186531e-01 5.122080e-01 5.122080e-01 6.445093e-03 6.445093e-03
84 5.205370e-01 5.202194e-01 5.202194e-01 3.176040e-04 3.176040e-04
85 5.291280e-01 5.258991e-01 5.258991e-01 3.228890e-03 3.228890e-03
86 5.420895e-01 5.258991e-01 5.258991e-01 1.619034e-02 1.619034e-02
87 5.422721e-01 5.315169e-01 5.315169e-01 1.075518e-02 1.075518e-02
88 5.432033e-01 5.391437e-01 5.391437e-01 4.059610e-03 4.059610e-03
89 5.504859e-01 5.445944e-01 5.445944e-01 5.891507e-03 5.891507e-03
90 5.526937e-01 5.445944e-01 5.445944e-01 8.099266e-03 8.099266e-03
91 5.571541e-01 5.499807e-01 5.499807e-01 7.173341e-03 7.173341e-03
92 5.645667e-01 5.572464e-01 5.572464e-01 7.320249e-03 7.320249e-03
93 5.666904e-01 5.624679e-01 5.624679e-01 4.222492e-03 4.222492e-03
94 5.708067e-01 5.624679e-01 5.624679e-01 8.338838e-03 8.338838e-03
95 5.712513e-01 5.676235e-01 5.676235e-01 3.627791e-03 3.627791e-03
96 5.720223e-01 5.745504e-01 5.745504e-01 2.528076e-03 2.528076e-03
97 5.768468e-01 5.795446e-01 5.795446e-01 2.697734e-03 2.697734e-03
98 5.792839e-01 5.795446e-01 5.795446e-01 2.606482e-04 2.606482e-04
99 5.878511e-01 5.844725e-01 5.844725e-01 3.378622e-03 3.378622e-03
100 5.909922e-01 5.910815e-01 5.910815e-01 8.934134e-05 8.934134e-05
101 5.910969e-01 5.958522e-01 5.958522e-01 4.755322e-03 4.755322e-03
102 5.936341e-01 5.958522e-01 5.958522e-01 2.218137e-03 2.218137e-03
103 5.967148e-01 6.005570e-01 6.005570e-01 3.842193e-03 3.842193e-03
104 6.026968e-01 6.068678e-01 6.068678e-01 4.171018e-03 4.171018e-03
105 6.168099e-01 6.114203e-01 6.114203e-01 5.389557e-03 5.389557e-03
106 6.201265e-01 6.114203e-01 6.114203e-01 8.706157e-03 8.706157e-03
107 6.266268e-01 6.159079e-01 6.159079e-01 1.071893e-02 1.071893e-02
108 6.281671e-01 6.219388e-01 6.219388e-01 6.228329e-03 6.228329e-03
109 6.318134e-01 6.262794e-01 6.262794e-01 5.534079e-03 5.534079e-03
110 6.417104e-01 6.262794e-01 6.262794e-01 1.543101e-02 1.543101e-02
111 6.418305e-01 6.305564e-01 6.305564e-01 1.127408e-02 1.127408e-02
112 6.448925e-01 6.363244e-01 6.363244e-01 8.568056e-03 8.568056e-03
113 6.459296e-01 6.404602e-01 6.404602e-01 5.469418e-03 5.469418e-03
114 6.504767e-01 6.404602e-01 6.404602e-01 1.001650e-02 1.001650e-02
115 6.547518e-01 6.445341e-01 6.445341e-01 1.021762e-02 1.021762e-02
116 6.561842e-01 6.500551e-01 6.500551e-01 6.129134e-03 6.129134e-03
117 6.583043e-01 6.539935e-01 6.539935e-01 4.310768e-03 4.310768e-03
118 6.595434e-01 6.539935e-01 6.539935e-01 5.549915e-03 5.549915e-03
119 6.656920e-01 6.578722e-01 6.578722e-01 7.819842e-03 7.819842e-03
120 6.767329e-01 6.631607e-01 6.631607e-01 1.357215e-02 1.357215e-02
121 6.776708e-01 6.669097e-01 6.669097e-01 1.076110e-02 1.076110e-02
122 6.807164e-01 6.669097e-01 6.669097e-01 1.380668e-02 1.380668e-02
123 6.851942e-01 6.706011e-01 6.706011e-01 1.459316e-02 1.459316e-02
124 6.875905e-01 6.756709e-01 6.756709e-01 1.191962e-02 1.191962e-02
125 7.035191e-01 6.792384e-01 6.792384e-01 2.428076e-02 2.428076e-02
126 7.062900e-01 6.792384e-01 6.792384e-01 2.705162e-02 2.705162e-02
127 7.069827e-01 6.827505e-01 6.827505e-01 2.423214e-02 2.423214e-02
128 7.110620e-01 6.876142e-01 6.876142e-01 2.344787e-02 2.344787e-02
129 7.158395e-01 6.910082e-01 6.910082e-01 2.483132e-02 2.483132e-02
130 7.193696e-01 6.910082e-01 6.910082e-01 2.836140e-02 2.836140e-02
131 7.210850e-01 6.943491e-01 6.943491e-01 2.673590e-02 2.673590e-02
132 7.228305e-01 6.990183e-01 6.990183e-01 2.381223e-02 2.381223e-02
133 7.236286e-01 7.022467e-01 7.022467e-01 2.138190e-02 2.138190e-02
134 7.345237e-01 7.022467e-01 7.022467e-01 3.227699e-02 3.227699e-02
135 7.405153e-01 7.054245e-01 7.054245e-01 3.509083e-02 3.509083e-02
136 7.421020e-01 7.099100e-01 7.099100e-01 3.219201e-02 3.219201e-02
137 7.427147e-01 7.129806e-01 7.129806e-01 2.973411e-02 2.973411e-02
138 7.430513e-01 7.129806e-01 7.129806e-01 3.007073e-02 3.007073e-02
139 7.486489e-01 7.160029e-01 7.160029e-01 3.264597e-02 3.264597e-02
140 7.553568e-01 7.203146e-01 7.203146e-01 3.504221e-02 3.504221e-02
141 7.599731e-01 7.232350e-01 7.232350e-01 3.673808e-02 3.673808e-02
142 7.601719e-01 7.232350e-01 7.232350e-01 3.693688e-02 3.693688e-02
143 7.741519e-01 7.261094e-01 7.261094e-01 4.804244e-02 4.804244e-02
