# Hello World! This is dune-eigensolver.
# hardware number of threads is 128 number of threads used is 1
# 8 8
# Smallest eigenvalues convergence test

#  n: 28900 A.N(): 28900 br: 1
# GeneralizedSymmetricStewart:  time_total=3.377739e+00 time_factorization=9.989388e-02 time_eigendecomposition=1.666222e-02 time_matmul_dense=4.039028e-02 iterations=11

# Arpack: time_total=6.312606e+00 iterations=1

# Eigensolver elapsed time 3.378146e+00

# N= 28900 M= 144 ACCURACY= 7.500000e-01 TOL= 1.000000e-02 THRESHOLD= 9.000000e-02 ESARERROR= 8.963883e-01 ARPERROR= 2.375944e-01 ESANERROR= 0.000000e+00 TIMERATIO= 5.351428e-01 \\

## gen: stw     ARP-SMALL-TOL  ARPACK-TOL  ES-ARP-SMALL  ES-AR ERROR
00 -1.422256e-15 -1.294537e-16 -1.294537e-16 1.292803e-15 1.292803e-15
01 8.824167e-03 8.824167e-03 8.824167e-03 4.093947e-16 4.093947e-16
02 8.824167e-03 8.824167e-03 8.824167e-03 1.006140e-16 1.006140e-16
03 1.334551e-02 1.334551e-02 1.334551e-02 5.065393e-16 5.065393e-16
04 2.922491e-02 2.922491e-02 2.922491e-02 1.040834e-16 1.040834e-16
05 3.180579e-02 3.180579e-02 3.180579e-02 3.955170e-16 3.955170e-16
06 3.180579e-02 3.180579e-02 3.180579e-02 1.040834e-16 1.040834e-16
07 3.271787e-02 3.271787e-02 3.271787e-02 2.775558e-17 2.775558e-17
08 5.148734e-02 5.148734e-02 5.148734e-02 1.110223e-16 1.110223e-16
09 5.402982e-02 5.402982e-02 5.402982e-02 1.595946e-16 1.595946e-16
10 5.402982e-02 5.402982e-02 5.402982e-02 4.371503e-16 4.371503e-16
11 5.691242e-02 5.691242e-02 5.691242e-02 6.383782e-16 6.383782e-16
12 7.465499e-02 7.465499e-02 7.465499e-02 9.714451e-16 9.714451e-16
13 7.811994e-02 7.811994e-02 7.811994e-02 9.714451e-17 9.714451e-17
14 7.811994e-02 7.811994e-02 7.811994e-02 9.714451e-17 9.714451e-17
15 8.178079e-02 8.178079e-02 8.178079e-02 1.387779e-16 1.387779e-16
16 9.909065e-02 9.909065e-02 9.909065e-02 5.828671e-16 5.828671e-16
17 1.033071e-01 1.033071e-01 1.033071e-01 2.359224e-16 2.359224e-16
18 1.033071e-01 1.033071e-01 1.033071e-01 8.465451e-16 8.465451e-16
19 1.077383e-01 1.077383e-01 1.077383e-01 1.804112e-16 1.804112e-16
20 1.245339e-01 1.245339e-01 1.245339e-01 1.054712e-15 1.054712e-15
21 1.294174e-01 1.294174e-01 1.294174e-01 5.551115e-17 5.551115e-17
22 1.294174e-01 1.294174e-01 1.294174e-01 8.326673e-16 8.326673e-16
23 1.345070e-01 1.345070e-01 1.345070e-01 1.443290e-15 1.443290e-15
24 1.507634e-01 1.507634e-01 1.507634e-01 4.912737e-15 4.912737e-15
25 1.562201e-01 1.562201e-01 1.562201e-01 6.938894e-15 6.938894e-15
26 1.562201e-01 1.562201e-01 1.562201e-01 1.448841e-14 1.448841e-14
27 1.618697e-01 1.618697e-01 1.618697e-01 2.181588e-14 2.181588e-14
28 1.775528e-01 1.775528e-01 1.775528e-01 1.063039e-13 1.063039e-13
29 1.834876e-01 1.834876e-01 1.834876e-01 2.068345e-13 2.068345e-13
30 1.834876e-01 1.834876e-01 1.834876e-01 4.498901e-13 4.498901e-13
31 1.895946e-01 1.895946e-01 1.895946e-01 6.576684e-13 6.576684e-13
32 2.046808e-01 2.046808e-01 2.046808e-01 3.277406e-12 3.277406e-12
33 2.109993e-01 2.109993e-01 2.109993e-01 4.829054e-12 4.829054e-12
34 2.109993e-01 2.109993e-01 2.109993e-01 1.016254e-11 1.016254e-11
35 2.174667e-01 2.174667e-01 2.174667e-01 1.241324e-11 1.241324e-11
36 2.319382e-01 2.319382e-01 2.319382e-01 3.833986e-11 3.833986e-11
37 2.385492e-01 2.385492e-01 2.385492e-01 5.261219e-11 5.261219e-11
38 2.385492e-01 2.385492e-01 2.385492e-01 1.067039e-10 1.067039e-10
39 2.452832e-01 2.452832e-01 2.452832e-01 1.481630e-10 1.481630e-10
40 2.591323e-01 2.591323e-01 2.591323e-01 5.158071e-10 5.158071e-10
41 2.659497e-01 2.659497e-01 2.659497e-01 6.204341e-10 6.204341e-10
42 2.659497e-01 2.659497e-01 2.659497e-01 1.096045e-09 1.096045e-09
43 2.728643e-01 2.728643e-01 2.728643e-01 1.380627e-09 1.380627e-09
44 2.860903e-01 2.860903e-01 2.860903e-01 5.152886e-09 5.152886e-09
45 2.930352e-01 2.930352e-01 2.930352e-01 4.746214e-09 4.746214e-09
46 2.930352e-01 2.930352e-01 2.930352e-01 1.112007e-08 1.112007e-08
47 3.000517e-01 3.000517e-01 3.000517e-01 9.848185e-09 9.848185e-09
48 3.126619e-01 3.126619e-01 3.126619e-01 2.090991e-08 2.090991e-08
49 3.196634e-01 3.196634e-01 3.196634e-01 4.816496e-08 4.816496e-08
50 3.196634e-01 3.196634e-01 3.196634e-01 5.967674e-08 5.967674e-08
51 3.267126e-01 3.267126e-01 3.267126e-01 6.691360e-08 6.691360e-08
52 3.387199e-01 3.387198e-01 3.387198e-01 1.310014e-07 1.310014e-07
53 3.457158e-01 3.457155e-01 3.457155e-01 2.210074e-07 2.210074e-07
54 3.457158e-01 3.457155e-01 3.457155e-01 2.610151e-07 2.610151e-07
55 3.527375e-01 3.527372e-01 3.527372e-01 3.252965e-07 3.252965e-07
56 3.641600e-01 3.641593e-01 3.641593e-01 6.929418e-07 6.929418e-07
57 3.710967e-01 3.710960e-01 3.710960e-01 6.983342e-07 6.983342e-07
58 3.710975e-01 3.710960e-01 3.710960e-01 1.485204e-06 1.485204e-06
59 3.780411e-01 3.780392e-01 3.780392e-01 1.856911e-06 1.856911e-06
60 3.888993e-01 3.888975e-01 3.888975e-01 1.723159e-06 1.723159e-06
61 3.957332e-01 3.957305e-01 3.957305e-01 2.733476e-06 2.733476e-06
62 3.957350e-01 3.957305e-01 3.957305e-01 4.490693e-06 4.490693e-06
63 4.025587e-01 4.025532e-01 4.025532e-01 5.513318e-06 5.513318e-06
64 4.128831e-01 4.128718e-01 4.128718e-01 1.133681e-05 1.133681e-05
65 4.195724e-01 4.195645e-01 4.195645e-01 7.940479e-06 7.940479e-06
66 4.195750e-01 4.195645e-01 4.195645e-01 1.050370e-05 1.050370e-05
67 4.262462e-01 4.262328e-01 4.262328e-01 1.340093e-05 1.340093e-05
68 4.360554e-01 4.360371e-01 4.360371e-01 1.825755e-05 1.825755e-05
69 4.425852e-01 4.425606e-01 4.425606e-01 2.458164e-05 2.458164e-05
70 4.426026e-01 4.425606e-01 4.425606e-01 4.194453e-05 4.194453e-05
71 4.491431e-01 4.490480e-01 4.490480e-01 9.510920e-05 9.510920e-05
72 4.584244e-01 4.583646e-01 4.583646e-01 5.975336e-05 5.975336e-05
73 4.647938e-01 4.646967e-01 4.646967e-01 9.713519e-05 9.713519e-05
74 4.648417e-01 4.646967e-01 4.646967e-01 1.450070e-04 1.450070e-04
75 4.711016e-01 4.709833e-01 4.709833e-01 1.183098e-04 1.183098e-04
76 4.800578e-01 4.798387e-01 4.798387e-01 2.190287e-04 2.190287e-04
77 4.861366e-01 4.859631e-01 4.859631e-01 1.735648e-04 1.735648e-04
78 4.861556e-01 4.859631e-01 4.859631e-01 1.925665e-04 1.925665e-04
79 4.922995e-01 4.920347e-01 4.920347e-01 2.648166e-04 2.648166e-04
80 5.009864e-01 5.004553e-01 5.004553e-01 5.310901e-04 5.310901e-04
81 5.068726e-01 5.063607e-01 5.063607e-01 5.118843e-04 5.118843e-04
82 5.070734e-01 5.063607e-01 5.063607e-01 7.126963e-04 7.126963e-04
83 5.128365e-01 5.122080e-01 5.122080e-01 6.284704e-04 6.284704e-04
84 5.211956e-01 5.202194e-01 5.202194e-01 9.761746e-04 9.761746e-04
85 5.270305e-01 5.258991e-01 5.258991e-01 1.131309e-03 1.131309e-03
86 5.274655e-01 5.258991e-01 5.258991e-01 1.566379e-03 1.566379e-03
87 5.327780e-01 5.315169e-01 5.315169e-01 1.261120e-03 1.261120e-03
88 5.406538e-01 5.391437e-01 5.391437e-01 1.510107e-03 1.510107e-03
89 5.465272e-01 5.445944e-01 5.445944e-01 1.932748e-03 1.932748e-03
90 5.474108e-01 5.445944e-01 5.445944e-01 2.816327e-03 2.816327e-03
91 5.517815e-01 5.499807e-01 5.499807e-01 1.800764e-03 1.800764e-03
92 5.600042e-01 5.572464e-01 5.572464e-01 2.757807e-03 2.757807e-03
93 5.661177e-01 5.624679e-01 5.624679e-01 3.649825e-03 3.649825e-03
94 5.688184e-01 5.624679e-01 5.624679e-01 6.350516e-03 6.350516e-03
95 5.727807e-01 5.676235e-01 5.676235e-01 5.157145e-03 5.157145e-03
96 5.812039e-01 5.745504e-01 5.745504e-01 6.653452e-03 6.653452e-03
97 5.839686e-01 5.795446e-01 5.795446e-01 4.423994e-03 4.423994e-03
98 5.867424e-01 5.795446e-01 5.795446e-01 7.197813e-03 7.197813e-03
99 5.944795e-01 5.844725e-01 5.844725e-01 1.000700e-02 1.000700e-02
100 6.028829e-01 5.910815e-01 5.910815e-01 1.180140e-02 1.180140e-02
101 6.066499e-01 5.958522e-01 5.958522e-01 1.079764e-02 1.079764e-02
102 6.108092e-01 5.958522e-01 5.958522e-01 1.495702e-02 1.495702e-02
103 6.114341e-01 6.005570e-01 6.005570e-01 1.087706e-02 1.087706e-02
104 6.272974e-01 6.068678e-01 6.068678e-01 2.042960e-02 2.042960e-02
105 6.282633e-01 6.114203e-01 6.114203e-01 1.684294e-02 1.684294e-02
106 6.308072e-01 6.114203e-01 6.114203e-01 1.938684e-02 1.938684e-02
107 6.399142e-01 6.159079e-01 6.159079e-01 2.400628e-02 2.400628e-02
108 6.431286e-01 6.219388e-01 6.219388e-01 2.118986e-02 2.118986e-02
109 6.499177e-01 6.262794e-01 6.262794e-01 2.363829e-02 2.363829e-02
110 6.678640e-01 6.262794e-01 6.262794e-01 4.158466e-02 4.158466e-02
111 6.705758e-01 6.305564e-01 6.305564e-01 4.001939e-02 4.001939e-02
112 6.720661e-01 6.363244e-01 6.363244e-01 3.574173e-02 3.574173e-02
113 6.775621e-01 6.404602e-01 6.404602e-01 3.710196e-02 3.710196e-02
114 6.877614e-01 6.404602e-01 6.404602e-01 4.730122e-02 4.730122e-02
115 6.924373e-01 6.445341e-01 6.445341e-01 4.790318e-02 4.790318e-02
116 7.044186e-01 6.500551e-01 6.500551e-01 5.436353e-02 5.436353e-02
117 7.118811e-01 6.539935e-01 6.539935e-01 5.788755e-02 5.788755e-02
118 7.173316e-01 6.539935e-01 6.539935e-01 6.333809e-02 6.333809e-02
119 7.269169e-01 6.578722e-01 6.578722e-01 6.904468e-02 6.904468e-02
120 7.371804e-01 6.631607e-01 6.631607e-01 7.401967e-02 7.401967e-02
121 7.380790e-01 6.669097e-01 6.669097e-01 7.116929e-02 7.116929e-02
122 7.527114e-01 6.669097e-01 6.669097e-01 8.580163e-02 8.580163e-02
123 7.727744e-01 6.706011e-01 6.706011e-01 1.021734e-01 1.021734e-01
124 7.785249e-01 6.756709e-01 6.756709e-01 1.028540e-01 1.028540e-01
125 7.968339e-01 6.792384e-01 6.792384e-01 1.175955e-01 1.175955e-01
126 8.063527e-01 6.792384e-01 6.792384e-01 1.271143e-01 1.271143e-01
127 8.231810e-01 6.827505e-01 6.827505e-01 1.404305e-01 1.404305e-01
128 8.270728e-01 6.876142e-01 6.876142e-01 1.394586e-01 1.394586e-01
129 8.324556e-01 6.910082e-01 6.910082e-01 1.414474e-01 1.414474e-01
130 8.411654e-01 6.910082e-01 6.910082e-01 1.501573e-01 1.501573e-01
131 8.690772e-01 6.943491e-01 6.943491e-01 1.747281e-01 1.747281e-01
132 8.741055e-01 6.990183e-01 6.990183e-01 1.750872e-01 1.750872e-01
133 8.830881e-01 7.022467e-01 7.022467e-01 1.808413e-01 1.808413e-01
134 8.911812e-01 7.022467e-01 7.022467e-01 1.889345e-01 1.889345e-01
135 8.917347e-01 7.054245e-01 7.054245e-01 1.863102e-01 1.863102e-01
136 9.103987e-01 7.099100e-01 7.099100e-01 2.004888e-01 2.004888e-01
137 9.182986e-01 7.129806e-01 7.129806e-01 2.053180e-01 2.053180e-01
138 9.246667e-01 7.129806e-01 7.129806e-01 2.116861e-01 2.116861e-01
139 9.352955e-01 7.160029e-01 7.160029e-01 2.192926e-01 2.192926e-01
140 9.415796e-01 7.203146e-01 7.203146e-01 2.212650e-01 2.212650e-01
141 9.491356e-01 7.232350e-01 7.232350e-01 2.259006e-01 2.259006e-01
142 9.550592e-01 7.232350e-01 7.232350e-01 2.318242e-01 2.318242e-01
143 9.637038e-01 7.261094e-01 7.261094e-01 2.375944e-01 2.375944e-01
