# Hello World! This is dune-eigensolver.
# hardware number of threads is 128 number of threads used is 1
# 8 8
# Smallest eigenvalues convergence test

#  n: 28900 A.N(): 28900 br: 1
# GeneralizedSymmetricStewart:  time_total=1.796039e+01 time_factorization=9.904148e-02 time_eigendecomposition=9.538928e-02 time_matmul_dense=3.992466e-02 iterations=61

# Arpack: time_total=6.356801e+00 iterations=1

# Eigensolver elapsed time 1.796082e+01

# N= 28900 M= 144 ACCURACY= 1.000000e+00 TOL= 2.000000e-04 THRESHOLD= 9.000000e-02 ESARERROR= 6.657375e-01 ARPERROR= 6.943670e-03 ESANERROR= 0.000000e+00 TIMERATIO= 2.825450e+00 \\

## gen: stw     ARP-SMALL-TOL  ARPACK-TOL  ES-ARP-SMALL  ES-AR ERROR
00 -1.409029e-15 -1.294537e-16 -1.294537e-16 1.279575e-15 1.279575e-15
01 8.824167e-03 8.824167e-03 8.824167e-03 8.326673e-17 8.326673e-17
02 8.824167e-03 8.824167e-03 8.824167e-03 3.122502e-17 3.122502e-17
03 1.334551e-02 1.334551e-02 1.334551e-02 9.367507e-17 9.367507e-17
04 2.922491e-02 2.922491e-02 2.922491e-02 1.734723e-17 1.734723e-17
05 3.180579e-02 3.180579e-02 3.180579e-02 2.983724e-16 2.983724e-16
06 3.180579e-02 3.180579e-02 3.180579e-02 2.775558e-17 2.775558e-17
07 3.271787e-02 3.271787e-02 3.271787e-02 1.033895e-15 1.033895e-15
08 5.148734e-02 5.148734e-02 5.148734e-02 6.453171e-16 6.453171e-16
09 5.402982e-02 5.402982e-02 5.402982e-02 5.412337e-16 5.412337e-16
10 5.402982e-02 5.402982e-02 5.402982e-02 3.053113e-16 3.053113e-16
11 5.691242e-02 5.691242e-02 5.691242e-02 4.024558e-16 4.024558e-16
12 7.465499e-02 7.465499e-02 7.465499e-02 6.938894e-16 6.938894e-16
13 7.811994e-02 7.811994e-02 7.811994e-02 2.498002e-16 2.498002e-16
14 7.811994e-02 7.811994e-02 7.811994e-02 5.551115e-17 5.551115e-17
15 8.178079e-02 8.178079e-02 8.178079e-02 4.163336e-16 4.163336e-16
16 9.909065e-02 9.909065e-02 9.909065e-02 4.440892e-16 4.440892e-16
17 1.033071e-01 1.033071e-01 1.033071e-01 6.106227e-16 6.106227e-16
18 1.033071e-01 1.033071e-01 1.033071e-01 5.551115e-17 5.551115e-17
19 1.077383e-01 1.077383e-01 1.077383e-01 2.775558e-16 2.775558e-16
20 1.245339e-01 1.245339e-01 1.245339e-01 2.220446e-16 2.220446e-16
21 1.294174e-01 1.294174e-01 1.294174e-01 3.053113e-16 3.053113e-16
22 1.294174e-01 1.294174e-01 1.294174e-01 4.163336e-16 4.163336e-16
23 1.345070e-01 1.345070e-01 1.345070e-01 1.942890e-16 1.942890e-16
24 1.507634e-01 1.507634e-01 1.507634e-01 7.216450e-16 7.216450e-16
25 1.562201e-01 1.562201e-01 1.562201e-01 8.881784e-16 8.881784e-16
26 1.562201e-01 1.562201e-01 1.562201e-01 3.885781e-16 3.885781e-16
27 1.618697e-01 1.618697e-01 1.618697e-01 3.330669e-16 3.330669e-16
28 1.775528e-01 1.775528e-01 1.775528e-01 2.775558e-16 2.775558e-16
29 1.834876e-01 1.834876e-01 1.834876e-01 7.494005e-16 7.494005e-16
30 1.834876e-01 1.834876e-01 1.834876e-01 9.714451e-16 9.714451e-16
31 1.895946e-01 1.895946e-01 1.895946e-01 7.494005e-16 7.494005e-16
32 2.046808e-01 2.046808e-01 2.046808e-01 3.608225e-16 3.608225e-16
33 2.109993e-01 2.109993e-01 2.109993e-01 3.053113e-16 3.053113e-16
34 2.109993e-01 2.109993e-01 2.109993e-01 4.440892e-16 4.440892e-16
35 2.174667e-01 2.174667e-01 2.174667e-01 9.714451e-16 9.714451e-16
36 2.319382e-01 2.319382e-01 2.319382e-01 7.771561e-16 7.771561e-16
37 2.385492e-01 2.385492e-01 2.385492e-01 3.608225e-16 3.608225e-16
38 2.385492e-01 2.385492e-01 2.385492e-01 6.383782e-16 6.383782e-16
39 2.452832e-01 2.452832e-01 2.452832e-01 4.996004e-16 4.996004e-16
40 2.591323e-01 2.591323e-01 2.591323e-01 1.276756e-15 1.276756e-15
41 2.659497e-01 2.659497e-01 2.659497e-01 1.665335e-16 1.665335e-16
42 2.659497e-01 2.659497e-01 2.659497e-01 9.436896e-16 9.436896e-16
43 2.728643e-01 2.728643e-01 2.728643e-01 2.331468e-15 2.331468e-15
44 2.860903e-01 2.860903e-01 2.860903e-01 5.551115e-17 5.551115e-17
45 2.930352e-01 2.930352e-01 2.930352e-01 0.000000e+00 0.000000e+00
46 2.930352e-01 2.930352e-01 2.930352e-01 1.665335e-16 1.665335e-16
47 3.000517e-01 3.000517e-01 3.000517e-01 9.436896e-16 9.436896e-16
48 3.126619e-01 3.126619e-01 3.126619e-01 4.996004e-16 4.996004e-16
49 3.196634e-01 3.196634e-01 3.196634e-01 4.440892e-16 4.440892e-16
50 3.196634e-01 3.196634e-01 3.196634e-01 5.551115e-16 5.551115e-16
51 3.267126e-01 3.267126e-01 3.267126e-01 5.551115e-17 5.551115e-17
52 3.387198e-01 3.387198e-01 3.387198e-01 4.440892e-16 4.440892e-16
53 3.457155e-01 3.457155e-01 3.457155e-01 4.440892e-16 4.440892e-16
54 3.457155e-01 3.457155e-01 3.457155e-01 1.110223e-15 1.110223e-15
55 3.527372e-01 3.527372e-01 3.527372e-01 6.661338e-16 6.661338e-16
56 3.641593e-01 3.641593e-01 3.641593e-01 3.330669e-16 3.330669e-16
57 3.710960e-01 3.710960e-01 3.710960e-01 4.440892e-16 4.440892e-16
58 3.710960e-01 3.710960e-01 3.710960e-01 3.330669e-16 3.330669e-16
59 3.780392e-01 3.780392e-01 3.780392e-01 5.551115e-17 5.551115e-17
60 3.888975e-01 3.888975e-01 3.888975e-01 6.106227e-16 6.106227e-16
61 3.957305e-01 3.957305e-01 3.957305e-01 8.326673e-16 8.326673e-16
62 3.957305e-01 3.957305e-01 3.957305e-01 9.436896e-16 9.436896e-16
63 4.025532e-01 4.025532e-01 4.025532e-01 5.551115e-17 5.551115e-17
64 4.128718e-01 4.128718e-01 4.128718e-01 7.771561e-16 7.771561e-16
65 4.195645e-01 4.195645e-01 4.195645e-01 5.551115e-16 5.551115e-16
66 4.195645e-01 4.195645e-01 4.195645e-01 1.776357e-15 1.776357e-15
67 4.262328e-01 4.262328e-01 4.262328e-01 5.551115e-16 5.551115e-16
68 4.360371e-01 4.360371e-01 4.360371e-01 1.276756e-15 1.276756e-15
69 4.425606e-01 4.425606e-01 4.425606e-01 4.996004e-16 4.996004e-16
70 4.425606e-01 4.425606e-01 4.425606e-01 1.998401e-15 1.998401e-15
71 4.490480e-01 4.490480e-01 4.490480e-01 5.551115e-16 5.551115e-16
72 4.583646e-01 4.583646e-01 4.583646e-01 3.330669e-16 3.330669e-16
73 4.646967e-01 4.646967e-01 4.646967e-01 8.326673e-16 8.326673e-16
74 4.646967e-01 4.646967e-01 4.646967e-01 7.216450e-16 7.216450e-16
75 4.709833e-01 4.709833e-01 4.709833e-01 2.664535e-15 2.664535e-15
76 4.798387e-01 4.798387e-01 4.798387e-01 1.942890e-15 1.942890e-15
77 4.859631e-01 4.859631e-01 4.859631e-01 1.110223e-16 1.110223e-16
78 4.859631e-01 4.859631e-01 4.859631e-01 2.220446e-16 2.220446e-16
79 4.920347e-01 4.920347e-01 4.920347e-01 2.331468e-15 2.331468e-15
80 5.004553e-01 5.004553e-01 5.004553e-01 9.992007e-16 9.992007e-16
81 5.063607e-01 5.063607e-01 5.063607e-01 7.771561e-16 7.771561e-16
82 5.063607e-01 5.063607e-01 5.063607e-01 6.661338e-16 6.661338e-16
83 5.122080e-01 5.122080e-01 5.122080e-01 2.220446e-16 2.220446e-16
84 5.202194e-01 5.202194e-01 5.202194e-01 5.551115e-16 5.551115e-16
85 5.258991e-01 5.258991e-01 5.258991e-01 8.881784e-16 8.881784e-16
86 5.258991e-01 5.258991e-01 5.258991e-01 1.221245e-15 1.221245e-15
87 5.315169e-01 5.315169e-01 5.315169e-01 4.440892e-16 4.440892e-16
88 5.391437e-01 5.391437e-01 5.391437e-01 0.000000e+00 0.000000e+00
89 5.445944e-01 5.445944e-01 5.445944e-01 2.220446e-16 2.220446e-16
90 5.445944e-01 5.445944e-01 5.445944e-01 3.330669e-16 3.330669e-16
91 5.499807e-01 5.499807e-01 5.499807e-01 2.220446e-15 2.220446e-15
92 5.572464e-01 5.572464e-01 5.572464e-01 8.881784e-16 8.881784e-16
93 5.624679e-01 5.624679e-01 5.624679e-01 4.884981e-15 4.884981e-15
94 5.624679e-01 5.624679e-01 5.624679e-01 1.654232e-14 1.654232e-14
95 5.676235e-01 5.676235e-01 5.676235e-01 3.086420e-14 3.086420e-14
96 5.745504e-01 5.745504e-01 5.745504e-01 1.111333e-13 1.111333e-13
97 5.795446e-01 5.795446e-01 5.795446e-01 2.897682e-14 2.897682e-14
98 5.795446e-01 5.795446e-01 5.795446e-01 1.031841e-12 1.031841e-12
99 5.844725e-01 5.844725e-01 5.844725e-01 5.482281e-13 5.482281e-13
100 5.910815e-01 5.910815e-01 5.910815e-01 1.022293e-12 1.022293e-12
101 5.958522e-01 5.958522e-01 5.958522e-01 3.083422e-12 3.083422e-12
102 5.958522e-01 5.958522e-01 5.958522e-01 3.675071e-11 3.675071e-11
103 6.005570e-01 6.005570e-01 6.005570e-01 6.120660e-12 6.120660e-12
104 6.068678e-01 6.068678e-01 6.068678e-01 1.870915e-11 1.870915e-11
105 6.114203e-01 6.114203e-01 6.114203e-01 1.685063e-11 1.685063e-11
106 6.114203e-01 6.114203e-01 6.114203e-01 4.380740e-11 4.380740e-11
107 6.159079e-01 6.159079e-01 6.159079e-01 9.289725e-11 9.289725e-11
108 6.219388e-01 6.219388e-01 6.219388e-01 1.447046e-10 1.447046e-10
109 6.262794e-01 6.262794e-01 6.262794e-01 8.467501e-10 8.467501e-10
110 6.262794e-01 6.262794e-01 6.262794e-01 2.641743e-09 2.641743e-09
111 6.305564e-01 6.305564e-01 6.305564e-01 2.469413e-09 2.469413e-09
112 6.363244e-01 6.363244e-01 6.363244e-01 2.189801e-08 2.189801e-08
113 6.404602e-01 6.404602e-01 6.404602e-01 6.103189e-09 6.103189e-09
114 6.404602e-01 6.404602e-01 6.404602e-01 3.415803e-08 3.415803e-08
115 6.445342e-01 6.445341e-01 6.445341e-01 9.755887e-08 9.755887e-08
116 6.500551e-01 6.500551e-01 6.500551e-01 7.174007e-08 7.174007e-08
117 6.539936e-01 6.539935e-01 6.539935e-01 4.659217e-08 4.659217e-08
118 6.539938e-01 6.539935e-01 6.539935e-01 3.110094e-07 3.110094e-07
119 6.578723e-01 6.578722e-01 6.578722e-01 1.138188e-07 1.138188e-07
120 6.631619e-01 6.631607e-01 6.631607e-01 1.204934e-06 1.204934e-06
121 6.669104e-01 6.669097e-01 6.669097e-01 7.081582e-07 7.081582e-07
122 6.669110e-01 6.669097e-01 6.669097e-01 1.272187e-06 1.272187e-06
123 6.706034e-01 6.706011e-01 6.706011e-01 2.287246e-06 2.287246e-06
124 6.756918e-01 6.756709e-01 6.756709e-01 2.086507e-05 2.086507e-05
125 6.792514e-01 6.792384e-01 6.792384e-01 1.300734e-05 1.300734e-05
126 6.793065e-01 6.792384e-01 6.792384e-01 6.813170e-05 6.813170e-05
127 6.827620e-01 6.827505e-01 6.827505e-01 1.151811e-05 1.151811e-05
128 6.876488e-01 6.876142e-01 6.876142e-01 3.462932e-05 3.462932e-05
129 6.910270e-01 6.910082e-01 6.910082e-01 1.880742e-05 1.880742e-05
130 6.910960e-01 6.910082e-01 6.910082e-01 8.783580e-05 8.783580e-05
131 6.945057e-01 6.943491e-01 6.943491e-01 1.565333e-04 1.565333e-04
132 6.993964e-01 6.990183e-01 6.990183e-01 3.780749e-04 3.780749e-04
133 7.024251e-01 7.022467e-01 7.022467e-01 1.783346e-04 1.783346e-04
134 7.033200e-01 7.022467e-01 7.022467e-01 1.073265e-03 1.073265e-03
135 7.060058e-01 7.054245e-01 7.054245e-01 5.812780e-04 5.812780e-04
136 7.110635e-01 7.099100e-01 7.099100e-01 1.153554e-03 1.153554e-03
137 7.133587e-01 7.129806e-01 7.129806e-01 3.781287e-04 3.781287e-04
138 7.149614e-01 7.129806e-01 7.129806e-01 1.980810e-03 1.980810e-03
139 7.188915e-01 7.160029e-01 7.160029e-01 2.888637e-03 2.888637e-03
140 7.245135e-01 7.203146e-01 7.203146e-01 4.198868e-03 4.198868e-03
141 7.265584e-01 7.232350e-01 7.232350e-01 3.323368e-03 3.323368e-03
142 7.301026e-01 7.232350e-01 7.232350e-01 6.867520e-03 6.867520e-03
143 7.330531e-01 7.261094e-01 7.261094e-01 6.943670e-03 6.943670e-03
