# Hello World! This is dune-eigensolver.
# hardware number of threads is 128 number of threads used is 1
# 8 8
# Smallest eigenvalues convergence test

#  n: 28900 A.N(): 28900 br: 1
# GeneralizedInverse:  time_total=4.759943e+00 time_factorization=9.674604e-02 iterations=19

# Arpack: time_total=6.265959e+00 iterations=1

# Eigensolver elapsed time 4.762892e+00

# N= 28900 M= 144 ACCURACY= 7.500000e-01 TOL= 1.000000e-01 THRESHOLD= 9.000000e-02 ESARERROR= 6.782551e-01 ARPERROR= 1.946128e-02 ESANERROR= 0.000000e+00 TIMERATIO= 7.601218e-01 \\

## gen: ftw     ARP-SMALL-TOL  ARPACK-TOL  ES-ARP-SMALL  ES-AR ERROR
00 -1.556264e-15 -1.294537e-16 -1.294537e-16 1.426810e-15 1.426810e-15
01 8.824167e-03 8.824167e-03 8.824167e-03 3.947092e-11 3.947092e-11
02 8.824169e-03 8.824167e-03 8.824167e-03 1.397175e-09 1.397175e-09
03 1.334551e-02 1.334551e-02 1.334551e-02 1.436633e-09 1.436633e-09
04 2.930946e-02 2.922491e-02 2.922491e-02 8.455533e-05 8.455533e-05
05 3.175313e-02 3.180579e-02 3.180579e-02 5.266673e-05 5.266673e-05
06 3.196879e-02 3.180579e-02 3.180579e-02 1.630018e-04 1.630018e-04
07 3.252299e-02 3.271787e-02 3.271787e-02 1.948778e-04 1.948778e-04
08 5.312639e-02 5.148734e-02 5.148734e-02 1.639054e-03 1.639054e-03
09 5.377303e-02 5.402982e-02 5.402982e-02 2.567935e-04 2.567935e-04
10 5.385328e-02 5.402982e-02 5.402982e-02 1.765411e-04 1.765411e-04
11 5.570703e-02 5.691242e-02 5.691242e-02 1.205384e-03 1.205384e-03
12 7.518541e-02 7.465499e-02 7.465499e-02 5.304243e-04 5.304243e-04
13 7.792413e-02 7.811994e-02 7.811994e-02 1.958093e-04 1.958093e-04
14 7.846475e-02 7.811994e-02 7.811994e-02 3.448106e-04 3.448106e-04
15 8.129930e-02 8.178079e-02 8.178079e-02 4.814913e-04 4.814913e-04
16 9.994582e-02 9.909065e-02 9.909065e-02 8.551645e-04 8.551645e-04
17 1.025409e-01 1.033071e-01 1.033071e-01 7.662576e-04 7.662576e-04
18 1.032161e-01 1.033071e-01 1.033071e-01 9.108899e-05 9.108899e-05
19 1.130879e-01 1.077383e-01 1.077383e-01 5.349550e-03 5.349550e-03
20 1.227686e-01 1.245339e-01 1.245339e-01 1.765335e-03 1.765335e-03
21 1.289239e-01 1.294174e-01 1.294174e-01 4.934321e-04 4.934321e-04
22 1.306632e-01 1.294174e-01 1.294174e-01 1.245871e-03 1.245871e-03
23 1.313996e-01 1.345070e-01 1.345070e-01 3.107424e-03 3.107424e-03
24 1.499378e-01 1.507634e-01 1.507634e-01 8.256022e-04 8.256022e-04
25 1.562327e-01 1.562201e-01 1.562201e-01 1.253885e-05 1.253885e-05
26 1.600698e-01 1.562201e-01 1.562201e-01 3.849671e-03 3.849671e-03
27 1.630708e-01 1.618697e-01 1.618697e-01 1.201103e-03 1.201103e-03
28 1.741202e-01 1.775528e-01 1.775528e-01 3.432582e-03 3.432582e-03
29 1.823008e-01 1.834876e-01 1.834876e-01 1.186728e-03 1.186728e-03
30 1.879974e-01 1.834876e-01 1.834876e-01 4.509843e-03 4.509843e-03
31 1.966733e-01 1.895946e-01 1.895946e-01 7.078663e-03 7.078663e-03
32 1.990734e-01 2.046808e-01 2.046808e-01 5.607426e-03 5.607426e-03
33 2.072088e-01 2.109993e-01 2.109993e-01 3.790582e-03 3.790582e-03
34 2.110325e-01 2.109993e-01 2.109993e-01 3.318093e-05 3.318093e-05
35 2.217243e-01 2.174667e-01 2.174667e-01 4.257607e-03 4.257607e-03
36 2.365637e-01 2.319382e-01 2.319382e-01 4.625508e-03 4.625508e-03
37 2.385067e-01 2.385492e-01 2.385492e-01 4.254867e-05 4.254867e-05
38 2.401004e-01 2.385492e-01 2.385492e-01 1.551155e-03 1.551155e-03
39 2.402268e-01 2.452832e-01 2.452832e-01 5.056364e-03 5.056364e-03
40 2.556789e-01 2.591323e-01 2.591323e-01 3.453406e-03 3.453406e-03
41 2.671936e-01 2.659497e-01 2.659497e-01 1.243927e-03 1.243927e-03
42 2.675931e-01 2.659497e-01 2.659497e-01 1.643425e-03 1.643425e-03
43 2.694027e-01 2.728643e-01 2.728643e-01 3.461570e-03 3.461570e-03
44 2.908121e-01 2.860903e-01 2.860903e-01 4.721836e-03 4.721836e-03
45 2.957250e-01 2.930352e-01 2.930352e-01 2.689779e-03 2.689779e-03
46 2.973453e-01 2.930352e-01 2.930352e-01 4.310091e-03 4.310091e-03
47 2.998990e-01 3.000517e-01 3.000517e-01 1.526991e-04 1.526991e-04
48 3.004245e-01 3.126619e-01 3.126619e-01 1.223739e-02 1.223739e-02
49 3.232393e-01 3.196634e-01 3.196634e-01 3.575885e-03 3.575885e-03
50 3.270658e-01 3.196634e-01 3.196634e-01 7.402387e-03 7.402387e-03
51 3.291142e-01 3.267126e-01 3.267126e-01 2.401660e-03 2.401660e-03
52 3.408360e-01 3.387198e-01 3.387198e-01 2.116253e-03 2.116253e-03
53 3.463148e-01 3.457155e-01 3.457155e-01 5.992729e-04 5.992729e-04
54 3.512750e-01 3.457155e-01 3.457155e-01 5.559447e-03 5.559447e-03
55 3.589850e-01 3.527372e-01 3.527372e-01 6.247803e-03 6.247803e-03
56 3.629794e-01 3.641593e-01 3.641593e-01 1.179876e-03 1.179876e-03
57 3.660952e-01 3.710960e-01 3.710960e-01 5.000798e-03 5.000798e-03
58 3.735816e-01 3.710960e-01 3.710960e-01 2.485586e-03 2.485586e-03
59 3.784176e-01 3.780392e-01 3.780392e-01 3.783647e-04 3.783647e-04
60 3.876299e-01 3.888975e-01 3.888975e-01 1.267595e-03 1.267595e-03
61 4.019356e-01 3.957305e-01 3.957305e-01 6.205100e-03 6.205100e-03
62 4.032938e-01 3.957305e-01 3.957305e-01 7.563293e-03 7.563293e-03
63 4.066052e-01 4.025532e-01 4.025532e-01 4.051981e-03 4.051981e-03
64 4.070538e-01 4.128718e-01 4.128718e-01 5.817960e-03 5.817960e-03
65 4.100659e-01 4.195645e-01 4.195645e-01 9.498610e-03 9.498610e-03
66 4.246700e-01 4.195645e-01 4.195645e-01 5.105502e-03 5.105502e-03
67 4.253260e-01 4.262328e-01 4.262328e-01 9.068228e-04 9.068228e-04
68 4.271199e-01 4.360371e-01 4.360371e-01 8.917255e-03 8.917255e-03
69 4.466603e-01 4.425606e-01 4.425606e-01 4.099690e-03 4.099690e-03
70 4.533331e-01 4.425606e-01 4.425606e-01 1.077246e-02 1.077246e-02
71 4.538294e-01 4.490480e-01 4.490480e-01 4.781413e-03 4.781413e-03
72 4.561957e-01 4.583646e-01 4.583646e-01 2.168927e-03 2.168927e-03
73 4.667584e-01 4.646967e-01 4.646967e-01 2.061685e-03 2.061685e-03
74 4.697719e-01 4.646967e-01 4.646967e-01 5.075255e-03 5.075255e-03
75 4.721493e-01 4.709833e-01 4.709833e-01 1.166043e-03 1.166043e-03
76 4.762573e-01 4.798387e-01 4.798387e-01 3.581427e-03 3.581427e-03
77 4.834159e-01 4.859631e-01 4.859631e-01 2.547150e-03 2.547150e-03
78 4.881337e-01 4.859631e-01 4.859631e-01 2.170633e-03 2.170633e-03
79 4.977162e-01 4.920347e-01 4.920347e-01 5.681545e-03 5.681545e-03
80 5.001405e-01 5.004553e-01 5.004553e-01 3.147775e-04 3.147775e-04
81 5.012047e-01 5.063607e-01 5.063607e-01 5.156005e-03 5.156005e-03
82 5.061637e-01 5.063607e-01 5.063607e-01 1.970734e-04 1.970734e-04
83 5.168369e-01 5.122080e-01 5.122080e-01 4.628815e-03 4.628815e-03
84 5.194587e-01 5.202194e-01 5.202194e-01 7.607510e-04 7.607510e-04
85 5.240821e-01 5.258991e-01 5.258991e-01 1.817011e-03 1.817011e-03
86 5.404414e-01 5.258991e-01 5.258991e-01 1.454230e-02 1.454230e-02
87 5.422977e-01 5.315169e-01 5.315169e-01 1.078079e-02 1.078079e-02
88 5.440697e-01 5.391437e-01 5.391437e-01 4.926021e-03 4.926021e-03
89 5.471885e-01 5.445944e-01 5.445944e-01 2.594070e-03 2.594070e-03
90 5.504598e-01 5.445944e-01 5.445944e-01 5.865378e-03 5.865378e-03
91 5.532863e-01 5.499807e-01 5.499807e-01 3.305606e-03 3.305606e-03
92 5.633219e-01 5.572464e-01 5.572464e-01 6.075441e-03 6.075441e-03
93 5.636328e-01 5.624679e-01 5.624679e-01 1.164922e-03 1.164922e-03
94 5.669123e-01 5.624679e-01 5.624679e-01 4.444405e-03 4.444405e-03
95 5.724251e-01 5.676235e-01 5.676235e-01 4.801621e-03 4.801621e-03
96 5.746094e-01 5.745504e-01 5.745504e-01 5.902406e-05 5.902406e-05
97 5.763185e-01 5.795446e-01 5.795446e-01 3.226103e-03 3.226103e-03
98 5.812334e-01 5.795446e-01 5.795446e-01 1.688852e-03 1.688852e-03
99 5.853760e-01 5.844725e-01 5.844725e-01 9.034912e-04 9.034912e-04
100 5.918263e-01 5.910815e-01 5.910815e-01 7.447578e-04 7.447578e-04
101 5.922445e-01 5.958522e-01 5.958522e-01 3.607746e-03 3.607746e-03
102 5.922463e-01 5.958522e-01 5.958522e-01 3.605886e-03 3.605886e-03
103 5.930677e-01 6.005570e-01 6.005570e-01 7.489374e-03 7.489374e-03
104 6.019421e-01 6.068678e-01 6.068678e-01 4.925742e-03 4.925742e-03
105 6.158661e-01 6.114203e-01 6.114203e-01 4.445804e-03 4.445804e-03
106 6.178399e-01 6.114203e-01 6.114203e-01 6.419528e-03 6.419528e-03
107 6.227842e-01 6.159079e-01 6.159079e-01 6.876267e-03 6.876267e-03
108 6.286338e-01 6.219388e-01 6.219388e-01 6.695002e-03 6.695002e-03
109 6.322540e-01 6.262794e-01 6.262794e-01 5.974677e-03 5.974677e-03
110 6.345515e-01 6.262794e-01 6.262794e-01 8.272113e-03 8.272113e-03
111 6.363673e-01 6.305564e-01 6.305564e-01 5.810847e-03 5.810847e-03
112 6.418726e-01 6.363244e-01 6.363244e-01 5.548183e-03 5.548183e-03
113 6.441098e-01 6.404602e-01 6.404602e-01 3.649668e-03 3.649668e-03
114 6.462655e-01 6.404602e-01 6.404602e-01 5.805346e-03 5.805346e-03
115 6.486040e-01 6.445341e-01 6.445341e-01 4.069847e-03 4.069847e-03
116 6.522831e-01 6.500551e-01 6.500551e-01 2.228032e-03 2.228032e-03
117 6.545202e-01 6.539935e-01 6.539935e-01 5.267197e-04 5.267197e-04
118 6.561861e-01 6.539935e-01 6.539935e-01 2.192611e-03 2.192611e-03
119 6.618740e-01 6.578722e-01 6.578722e-01 4.001836e-03 4.001836e-03
120 6.738711e-01 6.631607e-01 6.631607e-01 1.071031e-02 1.071031e-02
121 6.765138e-01 6.669097e-01 6.669097e-01 9.604112e-03 9.604112e-03
122 6.770242e-01 6.669097e-01 6.669097e-01 1.011448e-02 1.011448e-02
123 6.772545e-01 6.706011e-01 6.706011e-01 6.653475e-03 6.653475e-03
124 6.787307e-01 6.756709e-01 6.756709e-01 3.059820e-03 3.059820e-03
125 6.885763e-01 6.792384e-01 6.792384e-01 9.337927e-03 9.337927e-03
126 6.923845e-01 6.792384e-01 6.792384e-01 1.314614e-02 1.314614e-02
127 6.951441e-01 6.827505e-01 6.827505e-01 1.239357e-02 1.239357e-02
128 6.966692e-01 6.876142e-01 6.876142e-01 9.054996e-03 9.054996e-03
129 7.033032e-01 6.910082e-01 6.910082e-01 1.229506e-02 1.229506e-02
130 7.037387e-01 6.910082e-01 6.910082e-01 1.273053e-02 1.273053e-02
131 7.051092e-01 6.943491e-01 6.943491e-01 1.076005e-02 1.076005e-02
132 7.066085e-01 6.990183e-01 6.990183e-01 7.590171e-03 7.590171e-03
133 7.077091e-01 7.022467e-01 7.022467e-01 5.462393e-03 5.462393e-03
134 7.153685e-01 7.022467e-01 7.022467e-01 1.312177e-02 1.312177e-02
135 7.164769e-01 7.054245e-01 7.054245e-01 1.105240e-02 1.105240e-02
136 7.214629e-01 7.099100e-01 7.099100e-01 1.155295e-02 1.155295e-02
137 7.249001e-01 7.129806e-01 7.129806e-01 1.191951e-02 1.191951e-02
138 7.262420e-01 7.129806e-01 7.129806e-01 1.326143e-02 1.326143e-02
139 7.274691e-01 7.160029e-01 7.160029e-01 1.146617e-02 1.146617e-02
140 7.279267e-01 7.203146e-01 7.203146e-01 7.612096e-03 7.612096e-03
141 7.298396e-01 7.232350e-01 7.232350e-01 6.604565e-03 6.604565e-03
142 7.349031e-01 7.232350e-01 7.232350e-01 1.166805e-02 1.166805e-02
143 7.455707e-01 7.261094e-01 7.261094e-01 1.946128e-02 1.946128e-02
