# Hello World! This is dune-eigensolver.
# hardware number of threads is 128 number of threads used is 1
# 8 8
# Smallest eigenvalues convergence test

#  n: 28900 A.N(): 28900 br: 1
# GeneralizedInverse:  time_total=1.389354e+01 time_factorization=9.673262e-02 iterations=56

# Arpack: time_total=6.379382e+00 iterations=1

# Eigensolver elapsed time 1.389888e+01

# N= 28900 M= 144 ACCURACY= 5.000000e-01 TOL= 2.000000e-02 THRESHOLD= 9.000000e-02 ESARERROR= 6.618203e-01 ARPERROR= 6.949825e-03 ESANERROR= 0.000000e+00 TIMERATIO= 2.178719e+00 \\

## gen: ftw     ARP-SMALL-TOL  ARPACK-TOL  ES-ARP-SMALL  ES-AR ERROR
00 -1.618714e-15 -1.294537e-16 -1.294537e-16 1.489260e-15 1.489260e-15
01 8.824167e-03 8.824167e-03 8.824167e-03 9.020562e-17 9.020562e-17
02 8.824167e-03 8.824167e-03 8.824167e-03 1.179612e-16 1.179612e-16
03 1.334551e-02 1.334551e-02 1.334551e-02 7.979728e-17 7.979728e-17
04 2.922505e-02 2.922491e-02 2.922491e-02 1.387221e-07 1.387221e-07
05 3.180571e-02 3.180579e-02 3.180579e-02 7.924754e-08 7.924754e-08
06 3.183145e-02 3.180579e-02 3.180579e-02 2.565343e-05 2.565343e-05
07 3.269216e-02 3.271787e-02 3.271787e-02 2.571291e-05 2.571291e-05
08 5.153257e-02 5.148734e-02 5.148734e-02 4.522912e-05 4.522912e-05
09 5.401905e-02 5.402982e-02 5.402982e-02 1.076916e-05 1.076916e-05
10 5.402885e-02 5.402982e-02 5.402982e-02 9.743574e-07 9.743574e-07
11 5.687893e-02 5.691242e-02 5.691242e-02 3.348561e-05 3.348561e-05
12 7.521792e-02 7.465499e-02 7.465499e-02 5.629277e-04 5.629277e-04
13 7.756875e-02 7.811994e-02 7.811994e-02 5.511907e-04 5.511907e-04
14 7.813586e-02 7.811994e-02 7.811994e-02 1.592776e-05 1.592776e-05
15 8.175313e-02 8.178079e-02 8.178079e-02 2.766473e-05 2.766473e-05
16 1.000110e-01 9.909065e-02 9.909065e-02 9.203907e-04 9.203907e-04
17 1.026056e-01 1.033071e-01 1.033071e-01 7.015652e-04 7.015652e-04
18 1.030948e-01 1.033071e-01 1.033071e-01 2.123042e-04 2.123042e-04
19 1.077319e-01 1.077383e-01 1.077383e-01 6.478515e-06 6.478515e-06
20 1.250197e-01 1.245339e-01 1.245339e-01 4.858274e-04 4.858274e-04
21 1.292198e-01 1.294174e-01 1.294174e-01 1.975632e-04 1.975632e-04
22 1.298052e-01 1.294174e-01 1.294174e-01 3.878504e-04 3.878504e-04
23 1.338309e-01 1.345070e-01 1.345070e-01 6.761374e-04 6.761374e-04
24 1.507751e-01 1.507634e-01 1.507634e-01 1.160688e-05 1.160688e-05
25 1.566427e-01 1.562201e-01 1.562201e-01 4.225196e-04 4.225196e-04
26 1.581647e-01 1.562201e-01 1.562201e-01 1.944527e-03 1.944527e-03
27 1.594954e-01 1.618697e-01 1.618697e-01 2.374314e-03 2.374314e-03
28 1.775723e-01 1.775528e-01 1.775528e-01 1.954857e-05 1.954857e-05
29 1.834881e-01 1.834876e-01 1.834876e-01 5.358118e-07 5.358118e-07
30 1.844772e-01 1.834876e-01 1.834876e-01 9.895859e-04 9.895859e-04
31 1.904312e-01 1.895946e-01 1.895946e-01 8.365635e-04 8.365635e-04
32 2.032412e-01 2.046808e-01 2.046808e-01 1.439670e-03 1.439670e-03
33 2.108354e-01 2.109993e-01 2.109993e-01 1.639335e-04 1.639335e-04
34 2.109409e-01 2.109993e-01 2.109993e-01 5.848144e-05 5.848144e-05
35 2.172957e-01 2.174667e-01 2.174667e-01 1.710166e-04 1.710166e-04
36 2.349661e-01 2.319382e-01 2.319382e-01 3.027888e-03 3.027888e-03
37 2.384782e-01 2.385492e-01 2.385492e-01 7.099356e-05 7.099356e-05
38 2.391075e-01 2.385492e-01 2.385492e-01 5.582531e-04 5.582531e-04
39 2.418477e-01 2.452832e-01 2.452832e-01 3.435478e-03 3.435478e-03
40 2.620326e-01 2.591323e-01 2.591323e-01 2.900365e-03 2.900365e-03
41 2.640577e-01 2.659497e-01 2.659497e-01 1.892006e-03 1.892006e-03
42 2.661726e-01 2.659497e-01 2.659497e-01 2.228419e-04 2.228419e-04
43 2.715553e-01 2.728643e-01 2.728643e-01 1.308910e-03 1.308910e-03
44 2.874812e-01 2.860903e-01 2.860903e-01 1.390921e-03 1.390921e-03
45 2.917465e-01 2.930352e-01 2.930352e-01 1.288710e-03 1.288710e-03
46 2.948941e-01 2.930352e-01 2.930352e-01 1.858920e-03 1.858920e-03
47 3.052473e-01 3.000517e-01 3.000517e-01 5.195617e-03 5.195617e-03
48 3.057121e-01 3.126619e-01 3.126619e-01 6.949825e-03 6.949825e-03
49 3.199757e-01 3.196634e-01 3.196634e-01 3.123241e-04 3.123241e-04
50 3.208756e-01 3.196634e-01 3.196634e-01 1.212198e-03 1.212198e-03
51 3.267417e-01 3.267126e-01 3.267126e-01 2.910757e-05 2.910757e-05
52 3.396755e-01 3.387198e-01 3.387198e-01 9.557662e-04 9.557662e-04
53 3.445028e-01 3.457155e-01 3.457155e-01 1.212753e-03 1.212753e-03
54 3.455337e-01 3.457155e-01 3.457155e-01 1.818717e-04 1.818717e-04
55 3.558346e-01 3.527372e-01 3.527372e-01 3.097426e-03 3.097426e-03
56 3.621673e-01 3.641593e-01 3.641593e-01 1.991937e-03 1.991937e-03
57 3.688684e-01 3.710960e-01 3.710960e-01 2.227538e-03 2.227538e-03
58 3.723492e-01 3.710960e-01 3.710960e-01 1.253206e-03 1.253206e-03
59 3.767117e-01 3.780392e-01 3.780392e-01 1.327538e-03 1.327538e-03
60 3.905377e-01 3.888975e-01 3.888975e-01 1.640143e-03 1.640143e-03
61 3.965023e-01 3.957305e-01 3.957305e-01 7.717868e-04 7.717868e-04
62 3.967537e-01 3.957305e-01 3.957305e-01 1.023195e-03 1.023195e-03
63 4.021087e-01 4.025532e-01 4.025532e-01 4.445238e-04 4.445238e-04
64 4.148135e-01 4.128718e-01 4.128718e-01 1.941707e-03 1.941707e-03
65 4.158066e-01 4.195645e-01 4.195645e-01 3.757865e-03 3.757865e-03
66 4.206018e-01 4.195645e-01 4.195645e-01 1.037330e-03 1.037330e-03
67 4.292258e-01 4.262328e-01 4.262328e-01 2.993061e-03 2.993061e-03
68 4.327765e-01 4.360371e-01 4.360371e-01 3.260618e-03 3.260618e-03
69 4.424141e-01 4.425606e-01 4.425606e-01 1.465097e-04 1.465097e-04
70 4.426942e-01 4.425606e-01 4.425606e-01 1.335530e-04 1.335530e-04
71 4.499879e-01 4.490480e-01 4.490480e-01 9.399379e-04 9.399379e-04
72 4.571323e-01 4.583646e-01 4.583646e-01 1.232357e-03 1.232357e-03
73 4.665714e-01 4.646967e-01 4.646967e-01 1.874723e-03 1.874723e-03
74 4.700314e-01 4.646967e-01 4.646967e-01 5.334768e-03 5.334768e-03
75 4.717623e-01 4.709833e-01 4.709833e-01 7.790299e-04 7.790299e-04
76 4.746103e-01 4.798387e-01 4.798387e-01 5.228437e-03 5.228437e-03
77 4.828247e-01 4.859631e-01 4.859631e-01 3.138381e-03 3.138381e-03
78 4.905210e-01 4.859631e-01 4.859631e-01 4.557958e-03 4.557958e-03
79 4.919438e-01 4.920347e-01 4.920347e-01 9.086355e-05 9.086355e-05
80 5.020624e-01 5.004553e-01 5.004553e-01 1.607096e-03 1.607096e-03
81 5.031482e-01 5.063607e-01 5.063607e-01 3.212521e-03 3.212521e-03
82 5.096083e-01 5.063607e-01 5.063607e-01 3.247520e-03 3.247520e-03
83 5.113316e-01 5.122080e-01 5.122080e-01 8.764726e-04 8.764726e-04
84 5.193072e-01 5.202194e-01 5.202194e-01 9.122266e-04 9.122266e-04
85 5.248750e-01 5.258991e-01 5.258991e-01 1.024196e-03 1.024196e-03
86 5.279982e-01 5.258991e-01 5.258991e-01 2.099092e-03 2.099092e-03
87 5.314271e-01 5.315169e-01 5.315169e-01 8.979460e-05 8.979460e-05
88 5.395672e-01 5.391437e-01 5.391437e-01 4.234964e-04 4.234964e-04
89 5.405336e-01 5.445944e-01 5.445944e-01 4.060879e-03 4.060879e-03
90 5.472364e-01 5.445944e-01 5.445944e-01 2.641954e-03 2.641954e-03
91 5.497717e-01 5.499807e-01 5.499807e-01 2.089926e-04 2.089926e-04
92 5.582052e-01 5.572464e-01 5.572464e-01 9.588001e-04 9.588001e-04
93 5.618182e-01 5.624679e-01 5.624679e-01 6.496332e-04 6.496332e-04
94 5.645275e-01 5.624679e-01 5.624679e-01 2.059628e-03 2.059628e-03
95 5.693092e-01 5.676235e-01 5.676235e-01 1.685655e-03 1.685655e-03
96 5.733013e-01 5.745504e-01 5.745504e-01 1.249104e-03 1.249104e-03
97 5.799563e-01 5.795446e-01 5.795446e-01 4.117816e-04 4.117816e-04
98 5.810744e-01 5.795446e-01 5.795446e-01 1.529826e-03 1.529826e-03
99 5.856207e-01 5.844725e-01 5.844725e-01 1.148246e-03 1.148246e-03
100 5.882299e-01 5.910815e-01 5.910815e-01 2.851615e-03 2.851615e-03
101 5.924423e-01 5.958522e-01 5.958522e-01 3.409890e-03 3.409890e-03
102 5.974254e-01 5.958522e-01 5.958522e-01 1.573150e-03 1.573150e-03
103 6.050459e-01 6.005570e-01 6.005570e-01 4.488846e-03 4.488846e-03
104 6.087961e-01 6.068678e-01 6.068678e-01 1.928281e-03 1.928281e-03
105 6.103766e-01 6.114203e-01 6.114203e-01 1.043685e-03 1.043685e-03
106 6.124898e-01 6.114203e-01 6.114203e-01 1.069450e-03 1.069450e-03
107 6.149218e-01 6.159079e-01 6.159079e-01 9.860499e-04 9.860499e-04
108 6.189801e-01 6.219388e-01 6.219388e-01 2.958664e-03 2.958664e-03
109 6.254443e-01 6.262794e-01 6.262794e-01 8.351151e-04 8.351151e-04
110 6.320107e-01 6.262794e-01 6.262794e-01 5.731361e-03 5.731361e-03
111 6.320867e-01 6.305564e-01 6.305564e-01 1.530230e-03 1.530230e-03
112 6.350598e-01 6.363244e-01 6.363244e-01 1.264603e-03 1.264603e-03
113 6.409720e-01 6.404602e-01 6.404602e-01 5.118281e-04 5.118281e-04
114 6.428544e-01 6.404602e-01 6.404602e-01 2.394208e-03 2.394208e-03
115 6.465884e-01 6.445341e-01 6.445341e-01 2.054265e-03 2.054265e-03
116 6.513197e-01 6.500551e-01 6.500551e-01 1.264610e-03 1.264610e-03
117 6.521675e-01 6.539935e-01 6.539935e-01 1.825982e-03 1.825982e-03
118 6.576573e-01 6.539935e-01 6.539935e-01 3.663751e-03 3.663751e-03
119 6.585039e-01 6.578722e-01 6.578722e-01 6.317333e-04 6.317333e-04
120 6.588129e-01 6.631607e-01 6.631607e-01 4.347825e-03 4.347825e-03
121 6.634410e-01 6.669097e-01 6.669097e-01 3.468706e-03 3.468706e-03
122 6.704688e-01 6.669097e-01 6.669097e-01 3.559082e-03 3.559082e-03
123 6.736791e-01 6.706011e-01 6.706011e-01 3.078024e-03 3.078024e-03
124 6.761988e-01 6.756709e-01 6.756709e-01 5.279541e-04 5.279541e-04
125 6.773905e-01 6.792384e-01 6.792384e-01 1.847855e-03 1.847855e-03
126 6.800446e-01 6.792384e-01 6.792384e-01 8.061623e-04 8.061623e-04
127 6.870111e-01 6.827505e-01 6.827505e-01 4.260554e-03 4.260554e-03
128 6.907693e-01 6.876142e-01 6.876142e-01 3.155181e-03 3.155181e-03
129 6.909026e-01 6.910082e-01 6.910082e-01 1.055826e-04 1.055826e-04
130 6.913599e-01 6.910082e-01 6.910082e-01 3.516908e-04 3.516908e-04
131 6.929048e-01 6.943491e-01 6.943491e-01 1.444396e-03 1.444396e-03
132 6.957858e-01 6.990183e-01 6.990183e-01 3.232499e-03 3.232499e-03
133 6.959134e-01 7.022467e-01 7.022467e-01 6.333309e-03 6.333309e-03
134 7.053590e-01 7.022467e-01 7.022467e-01 3.112272e-03 3.112272e-03
135 7.091748e-01 7.054245e-01 7.054245e-01 3.750280e-03 3.750280e-03
136 7.094510e-01 7.099100e-01 7.099100e-01 4.589542e-04 4.589542e-04
137 7.114605e-01 7.129806e-01 7.129806e-01 1.520125e-03 1.520125e-03
138 7.152715e-01 7.129806e-01 7.129806e-01 2.290908e-03 2.290908e-03
139 7.165568e-01 7.160029e-01 7.160029e-01 5.538989e-04 5.538989e-04
140 7.212477e-01 7.203146e-01 7.203146e-01 9.330911e-04 9.330911e-04
141 7.263951e-01 7.232350e-01 7.232350e-01 3.160090e-03 3.160090e-03
142 7.265751e-01 7.232350e-01 7.232350e-01 3.340051e-03 3.340051e-03
143 7.291359e-01 7.261094e-01 7.261094e-01 3.026451e-03 3.026451e-03
