# Hello World! This is dune-eigensolver.
# hardware number of threads is 128 number of threads used is 1
# 8 8
# Smallest eigenvalues convergence test

#  n: 28900 A.N(): 28900 br: 1
# GeneralizedInverse:  time_total=5.730668e+00 time_factorization=9.649842e-02 iterations=23

# Arpack: time_total=6.342961e+00 iterations=1

# Eigensolver elapsed time 5.733480e+00

# N= 28900 M= 144 ACCURACY= 2.500000e-01 TOL= 2.000000e-02 THRESHOLD= 9.000000e-02 ESARERROR= 6.672146e-01 ARPERROR= 1.331022e-02 ESANERROR= 0.000000e+00 TIMERATIO= 9.039122e-01 \\

## gen: ftw     ARP-SMALL-TOL  ARPACK-TOL  ES-ARP-SMALL  ES-AR ERROR
00 -1.618714e-15 -1.294537e-16 -1.294537e-16 1.489260e-15 1.489260e-15
01 8.824167e-03 8.824167e-03 8.824167e-03 1.909421e-12 1.909421e-12
02 8.824167e-03 8.824167e-03 8.824167e-03 6.759094e-11 6.759094e-11
03 1.334551e-02 1.334551e-02 1.334551e-02 6.950077e-11 6.950077e-11
04 2.926629e-02 2.922491e-02 2.922491e-02 4.138397e-05 4.138397e-05
05 3.177807e-02 3.180579e-02 3.180579e-02 2.771906e-05 2.771906e-05
06 3.194255e-02 3.180579e-02 3.180579e-02 1.367622e-04 1.367622e-04
07 3.256744e-02 3.271787e-02 3.271787e-02 1.504268e-04 1.504268e-04
08 5.305952e-02 5.148734e-02 5.148734e-02 1.572177e-03 1.572177e-03
09 5.341745e-02 5.402982e-02 5.402982e-02 6.123713e-04 6.123713e-04
10 5.392844e-02 5.402982e-02 5.402982e-02 1.013811e-04 1.013811e-04
11 5.605402e-02 5.691242e-02 5.691242e-02 8.583931e-04 8.583931e-04
12 7.537730e-02 7.465499e-02 7.465499e-02 7.223120e-04 7.223120e-04
13 7.762960e-02 7.811994e-02 7.811994e-02 4.903407e-04 4.903407e-04
14 7.838051e-02 7.811994e-02 7.811994e-02 2.605715e-04 2.605715e-04
15 8.131783e-02 8.178079e-02 8.178079e-02 4.629602e-04 4.629602e-04
16 1.001490e-01 9.909065e-02 9.909065e-02 1.058360e-03 1.058360e-03
17 1.024888e-01 1.033071e-01 1.033071e-01 8.183120e-04 8.183120e-04
18 1.031501e-01 1.033071e-01 1.033071e-01 1.570869e-04 1.570869e-04
19 1.092765e-01 1.077383e-01 1.077383e-01 1.538204e-03 1.538204e-03
20 1.259855e-01 1.245339e-01 1.245339e-01 1.451658e-03 1.451658e-03
21 1.294195e-01 1.294174e-01 1.294174e-01 2.101736e-06 2.101736e-06
22 1.301250e-01 1.294174e-01 1.294174e-01 7.076970e-04 7.076970e-04
23 1.311249e-01 1.345070e-01 1.345070e-01 3.382097e-03 3.382097e-03
24 1.506440e-01 1.507634e-01 1.507634e-01 1.194860e-04 1.194860e-04
25 1.563614e-01 1.562201e-01 1.562201e-01 1.412993e-04 1.412993e-04
26 1.591090e-01 1.562201e-01 1.562201e-01 2.888850e-03 2.888850e-03
27 1.612718e-01 1.618697e-01 1.618697e-01 5.978466e-04 5.978466e-04
28 1.757263e-01 1.775528e-01 1.775528e-01 1.826518e-03 1.826518e-03
29 1.830706e-01 1.834876e-01 1.834876e-01 4.169979e-04 4.169979e-04
30 1.865311e-01 1.834876e-01 1.834876e-01 3.043567e-03 3.043567e-03
31 1.930740e-01 1.895946e-01 1.895946e-01 3.479338e-03 3.479338e-03
32 2.015009e-01 2.046808e-01 2.046808e-01 3.179926e-03 3.179926e-03
33 2.092318e-01 2.109993e-01 2.109993e-01 1.767546e-03 1.767546e-03
34 2.107006e-01 2.109993e-01 2.109993e-01 2.987812e-04 2.987812e-04
35 2.197838e-01 2.174667e-01 2.174667e-01 2.317095e-03 2.317095e-03
36 2.380948e-01 2.319382e-01 2.319382e-01 6.156597e-03 6.156597e-03
37 2.397937e-01 2.385492e-01 2.385492e-01 1.244525e-03 1.244525e-03
38 2.404784e-01 2.385492e-01 2.385492e-01 1.929226e-03 1.929226e-03
39 2.454164e-01 2.452832e-01 2.452832e-01 1.332310e-04 1.332310e-04
40 2.513403e-01 2.591323e-01 2.591323e-01 7.791918e-03 7.791918e-03
41 2.653949e-01 2.659497e-01 2.659497e-01 5.548143e-04 5.548143e-04
42 2.678449e-01 2.659497e-01 2.659497e-01 1.895194e-03 1.895194e-03
43 2.678634e-01 2.728643e-01 2.728643e-01 5.000884e-03 5.000884e-03
44 2.903779e-01 2.860903e-01 2.860903e-01 4.287662e-03 4.287662e-03
45 2.964135e-01 2.930352e-01 2.930352e-01 3.378326e-03 3.378326e-03
46 2.974312e-01 2.930352e-01 2.930352e-01 4.395996e-03 4.395996e-03
47 2.996539e-01 3.000517e-01 3.000517e-01 3.977559e-04 3.977559e-04
48 3.009805e-01 3.126619e-01 3.126619e-01 1.168142e-02 1.168142e-02
49 3.218133e-01 3.196634e-01 3.196634e-01 2.149905e-03 2.149905e-03
50 3.250764e-01 3.196634e-01 3.196634e-01 5.413001e-03 5.413001e-03
51 3.278958e-01 3.267126e-01 3.267126e-01 1.183249e-03 1.183249e-03
52 3.397513e-01 3.387198e-01 3.387198e-01 1.031498e-03 1.031498e-03
53 3.454736e-01 3.457155e-01 3.457155e-01 2.419159e-04 2.419159e-04
54 3.504440e-01 3.457155e-01 3.457155e-01 4.728414e-03 4.728414e-03
55 3.587058e-01 3.527372e-01 3.527372e-01 5.968629e-03 5.968629e-03
56 3.617823e-01 3.641593e-01 3.641593e-01 2.377001e-03 2.377001e-03
57 3.651910e-01 3.710960e-01 3.710960e-01 5.904947e-03 5.904947e-03
58 3.742091e-01 3.710960e-01 3.710960e-01 3.113089e-03 3.113089e-03
59 3.754860e-01 3.780392e-01 3.780392e-01 2.553293e-03 2.553293e-03
60 3.934753e-01 3.888975e-01 3.888975e-01 4.577786e-03 4.577786e-03
61 4.023066e-01 3.957305e-01 3.957305e-01 6.576063e-03 6.576063e-03
62 4.034847e-01 3.957305e-01 3.957305e-01 7.754157e-03 7.754157e-03
63 4.056942e-01 4.025532e-01 4.025532e-01 3.140991e-03 3.140991e-03
64 4.100108e-01 4.128718e-01 4.128718e-01 2.860986e-03 2.860986e-03
65 4.121582e-01 4.195645e-01 4.195645e-01 7.406235e-03 7.406235e-03
66 4.207758e-01 4.195645e-01 4.195645e-01 1.211321e-03 1.211321e-03
67 4.242857e-01 4.262328e-01 4.262328e-01 1.947122e-03 1.947122e-03
68 4.246789e-01 4.360371e-01 4.360371e-01 1.135821e-02 1.135821e-02
69 4.463230e-01 4.425606e-01 4.425606e-01 3.762369e-03 3.762369e-03
70 4.515196e-01 4.425606e-01 4.425606e-01 8.958964e-03 8.958964e-03
71 4.521886e-01 4.490480e-01 4.490480e-01 3.140581e-03 3.140581e-03
72 4.546707e-01 4.583646e-01 4.583646e-01 3.693917e-03 3.693917e-03
73 4.690000e-01 4.646967e-01 4.646967e-01 4.303332e-03 4.303332e-03
74 4.718038e-01 4.646967e-01 4.646967e-01 7.107133e-03 7.107133e-03
75 4.718671e-01 4.709833e-01 4.709833e-01 8.837856e-04 8.837856e-04
76 4.763776e-01 4.798387e-01 4.798387e-01 3.461120e-03 3.461120e-03
77 4.820917e-01 4.859631e-01 4.859631e-01 3.871335e-03 3.871335e-03
78 4.890143e-01 4.859631e-01 4.859631e-01 3.051260e-03 3.051260e-03
79 4.953883e-01 4.920347e-01 4.920347e-01 3.353594e-03 3.353594e-03
80 4.990912e-01 5.004553e-01 5.004553e-01 1.364094e-03 1.364094e-03
81 5.023418e-01 5.063607e-01 5.063607e-01 4.018986e-03 4.018986e-03
82 5.071290e-01 5.063607e-01 5.063607e-01 7.682434e-04 7.682434e-04
83 5.132738e-01 5.122080e-01 5.122080e-01 1.065750e-03 1.065750e-03
84 5.185040e-01 5.202194e-01 5.202194e-01 1.715434e-03 1.715434e-03
85 5.225259e-01 5.258991e-01 5.258991e-01 3.373240e-03 3.373240e-03
86 5.392094e-01 5.258991e-01 5.258991e-01 1.331022e-02 1.331022e-02
87 5.427763e-01 5.315169e-01 5.315169e-01 1.125945e-02 1.125945e-02
88 5.433142e-01 5.391437e-01 5.391437e-01 4.170490e-03 4.170490e-03
89 5.438841e-01 5.445944e-01 5.445944e-01 7.103405e-04 7.103405e-04
90 5.456025e-01 5.445944e-01 5.445944e-01 1.008023e-03 1.008023e-03
91 5.527095e-01 5.499807e-01 5.499807e-01 2.728730e-03 2.728730e-03
92 5.601846e-01 5.572464e-01 5.572464e-01 2.938140e-03 2.938140e-03
93 5.629905e-01 5.624679e-01 5.624679e-01 5.225721e-04 5.225721e-04
94 5.636066e-01 5.624679e-01 5.624679e-01 1.138674e-03 1.138674e-03
95 5.733203e-01 5.676235e-01 5.676235e-01 5.696821e-03 5.696821e-03
96 5.742119e-01 5.745504e-01 5.745504e-01 3.385316e-04 3.385316e-04
97 5.778588e-01 5.795446e-01 5.795446e-01 1.685794e-03 1.685794e-03
98 5.829570e-01 5.795446e-01 5.795446e-01 3.412486e-03 3.412486e-03
99 5.841874e-01 5.844725e-01 5.844725e-01 2.850730e-04 2.850730e-04
100 5.885826e-01 5.910815e-01 5.910815e-01 2.498875e-03 2.498875e-03
101 5.926497e-01 5.958522e-01 5.958522e-01 3.202465e-03 3.202465e-03
102 5.930052e-01 5.958522e-01 5.958522e-01 2.846998e-03 2.846998e-03
103 5.956069e-01 6.005570e-01 6.005570e-01 4.950095e-03 4.950095e-03
104 6.022594e-01 6.068678e-01 6.068678e-01 4.608432e-03 4.608432e-03
105 6.164804e-01 6.114203e-01 6.114203e-01 5.060087e-03 5.060087e-03
106 6.164882e-01 6.114203e-01 6.114203e-01 5.067861e-03 5.067861e-03
107 6.200296e-01 6.159079e-01 6.159079e-01 4.121747e-03 4.121747e-03
108 6.277523e-01 6.219388e-01 6.219388e-01 5.813497e-03 5.813497e-03
109 6.296036e-01 6.262794e-01 6.262794e-01 3.324280e-03 3.324280e-03
110 6.334689e-01 6.262794e-01 6.262794e-01 7.189573e-03 7.189573e-03
111 6.336236e-01 6.305564e-01 6.305564e-01 3.067165e-03 3.067165e-03
112 6.343776e-01 6.363244e-01 6.363244e-01 1.946820e-03 1.946820e-03
113 6.437445e-01 6.404602e-01 6.404602e-01 3.284318e-03 3.284318e-03
114 6.478656e-01 6.404602e-01 6.404602e-01 7.405441e-03 7.405441e-03
115 6.503449e-01 6.445341e-01 6.445341e-01 5.810761e-03 5.810761e-03
116 6.515375e-01 6.500551e-01 6.500551e-01 1.482454e-03 1.482454e-03
117 6.534282e-01 6.539935e-01 6.539935e-01 5.652851e-04 5.652851e-04
118 6.554932e-01 6.539935e-01 6.539935e-01 1.499679e-03 1.499679e-03
119 6.590009e-01 6.578722e-01 6.578722e-01 1.128754e-03 1.128754e-03
120 6.715608e-01 6.631607e-01 6.631607e-01 8.400049e-03 8.400049e-03
121 6.733501e-01 6.669097e-01 6.669097e-01 6.440369e-03 6.440369e-03
122 6.755373e-01 6.669097e-01 6.669097e-01 8.627616e-03 8.627616e-03
123 6.767982e-01 6.706011e-01 6.706011e-01 6.197172e-03 6.197172e-03
124 6.780544e-01 6.756709e-01 6.756709e-01 2.383551e-03 2.383551e-03
125 6.811923e-01 6.792384e-01 6.792384e-01 1.953955e-03 1.953955e-03
126 6.862849e-01 6.792384e-01 6.792384e-01 7.046474e-03 7.046474e-03
127 6.907006e-01 6.827505e-01 6.827505e-01 7.950109e-03 7.950109e-03
128 6.914538e-01 6.876142e-01 6.876142e-01 3.839639e-03 3.839639e-03
129 6.985075e-01 6.910082e-01 6.910082e-01 7.499286e-03 7.499286e-03
130 6.987285e-01 6.910082e-01 6.910082e-01 7.720294e-03 7.720294e-03
131 7.014139e-01 6.943491e-01 6.943491e-01 7.064765e-03 7.064765e-03
132 7.028046e-01 6.990183e-01 6.990183e-01 3.786284e-03 3.786284e-03
133 7.057494e-01 7.022467e-01 7.022467e-01 3.502706e-03 3.502706e-03
134 7.069298e-01 7.022467e-01 7.022467e-01 4.683020e-03 4.683020e-03
135 7.071315e-01 7.054245e-01 7.054245e-01 1.706978e-03 1.706978e-03
136 7.143789e-01 7.099100e-01 7.099100e-01 4.468998e-03 4.468998e-03
137 7.179214e-01 7.129806e-01 7.129806e-01 4.940843e-03 4.940843e-03
138 7.182987e-01 7.129806e-01 7.129806e-01 5.318149e-03 5.318149e-03
139 7.219143e-01 7.160029e-01 7.160029e-01 5.911388e-03 5.911388e-03
140 7.229088e-01 7.203146e-01 7.203146e-01 2.594165e-03 2.594165e-03
141 7.248502e-01 7.232350e-01 7.232350e-01 1.615173e-03 1.615173e-03
142 7.295126e-01 7.232350e-01 7.232350e-01 6.277601e-03 6.277601e-03
143 7.345302e-01 7.261094e-01 7.261094e-01 8.420791e-03 8.420791e-03
