# Hello World! This is dune-eigensolver.
# hardware number of threads is 128 number of threads used is 1
# 8 8
# Smallest eigenvalues convergence test

#  n: 28900 A.N(): 28900 br: 1
# GeneralizedSymmetricStewart:  time_total=2.336081e+01 time_factorization=9.847718e-02 time_eigendecomposition=1.230654e-01 time_matmul_dense=4.097644e-02 iterations=79

# Arpack: time_total=6.337078e+00 iterations=1

# Eigensolver elapsed time 2.336121e+01

# N= 28900 M= 144 ACCURACY= 1.000000e+00 TOL= 1.000000e-04 THRESHOLD= 9.000000e-02 ESARERROR= 6.647646e-01 ARPERROR= 5.970812e-03 ESANERROR= 0.000000e+00 TIMERATIO= 3.686432e+00 \\

## gen: stw     ARP-SMALL-TOL  ARPACK-TOL  ES-ARP-SMALL  ES-AR ERROR
00 -1.395151e-15 -1.294537e-16 -1.294537e-16 1.265698e-15 1.265698e-15
01 8.824167e-03 8.824167e-03 8.824167e-03 4.371503e-16 4.371503e-16
02 8.824167e-03 8.824167e-03 8.824167e-03 7.979728e-17 7.979728e-17
03 1.334551e-02 1.334551e-02 1.334551e-02 1.006140e-16 1.006140e-16
04 2.922491e-02 2.922491e-02 2.922491e-02 1.665335e-16 1.665335e-16
05 3.180579e-02 3.180579e-02 3.180579e-02 5.204170e-16 5.204170e-16
06 3.180579e-02 3.180579e-02 3.180579e-02 6.938894e-18 6.938894e-18
07 3.271787e-02 3.271787e-02 3.271787e-02 9.506285e-16 9.506285e-16
08 5.148734e-02 5.148734e-02 5.148734e-02 5.481726e-16 5.481726e-16
09 5.402982e-02 5.402982e-02 5.402982e-02 4.232725e-16 4.232725e-16
10 5.402982e-02 5.402982e-02 5.402982e-02 2.289835e-16 2.289835e-16
11 5.691242e-02 5.691242e-02 5.691242e-02 1.734723e-16 1.734723e-16
12 7.465499e-02 7.465499e-02 7.465499e-02 4.163336e-17 4.163336e-17
13 7.811994e-02 7.811994e-02 7.811994e-02 4.302114e-16 4.302114e-16
14 7.811994e-02 7.811994e-02 7.811994e-02 4.579670e-16 4.579670e-16
15 8.178079e-02 8.178079e-02 8.178079e-02 8.326673e-17 8.326673e-17
16 9.909065e-02 9.909065e-02 9.909065e-02 4.996004e-16 4.996004e-16
17 1.033071e-01 1.033071e-01 1.033071e-01 1.026956e-15 1.026956e-15
18 1.033071e-01 1.033071e-01 1.033071e-01 4.024558e-16 4.024558e-16
19 1.077383e-01 1.077383e-01 1.077383e-01 5.551115e-17 5.551115e-17
20 1.245339e-01 1.245339e-01 1.245339e-01 4.996004e-16 4.996004e-16
21 1.294174e-01 1.294174e-01 1.294174e-01 2.775558e-17 2.775558e-17
22 1.294174e-01 1.294174e-01 1.294174e-01 1.387779e-16 1.387779e-16
23 1.345070e-01 1.345070e-01 1.345070e-01 2.775558e-16 2.775558e-16
24 1.507634e-01 1.507634e-01 1.507634e-01 8.326673e-17 8.326673e-17
25 1.562201e-01 1.562201e-01 1.562201e-01 8.326673e-17 8.326673e-17
26 1.562201e-01 1.562201e-01 1.562201e-01 1.110223e-16 1.110223e-16
27 1.618697e-01 1.618697e-01 1.618697e-01 2.775558e-16 2.775558e-16
28 1.775528e-01 1.775528e-01 1.775528e-01 3.885781e-16 3.885781e-16
29 1.834876e-01 1.834876e-01 1.834876e-01 4.996004e-16 4.996004e-16
30 1.834876e-01 1.834876e-01 1.834876e-01 1.942890e-16 1.942890e-16
31 1.895946e-01 1.895946e-01 1.895946e-01 5.551115e-17 5.551115e-17
32 2.046808e-01 2.046808e-01 2.046808e-01 3.053113e-16 3.053113e-16
33 2.109993e-01 2.109993e-01 2.109993e-01 7.771561e-16 7.771561e-16
34 2.109993e-01 2.109993e-01 2.109993e-01 4.440892e-16 4.440892e-16
35 2.174667e-01 2.174667e-01 2.174667e-01 3.885781e-16 3.885781e-16
36 2.319382e-01 2.319382e-01 2.319382e-01 9.436896e-16 9.436896e-16
37 2.385492e-01 2.385492e-01 2.385492e-01 7.771561e-16 7.771561e-16
38 2.385492e-01 2.385492e-01 2.385492e-01 3.608225e-16 3.608225e-16
39 2.452832e-01 2.452832e-01 2.452832e-01 1.387779e-15 1.387779e-15
40 2.591323e-01 2.591323e-01 2.591323e-01 1.554312e-15 1.554312e-15
41 2.659497e-01 2.659497e-01 2.659497e-01 7.216450e-16 7.216450e-16
42 2.659497e-01 2.659497e-01 2.659497e-01 3.330669e-16 3.330669e-16
43 2.728643e-01 2.728643e-01 2.728643e-01 0.000000e+00 0.000000e+00
44 2.860903e-01 2.860903e-01 2.860903e-01 2.220446e-16 2.220446e-16
45 2.930352e-01 2.930352e-01 2.930352e-01 1.665335e-15 1.665335e-15
46 2.930352e-01 2.930352e-01 2.930352e-01 7.771561e-16 7.771561e-16
47 3.000517e-01 3.000517e-01 3.000517e-01 2.164935e-15 2.164935e-15
48 3.126619e-01 3.126619e-01 3.126619e-01 2.220446e-16 2.220446e-16
49 3.196634e-01 3.196634e-01 3.196634e-01 3.330669e-16 3.330669e-16
50 3.196634e-01 3.196634e-01 3.196634e-01 3.885781e-16 3.885781e-16
51 3.267126e-01 3.267126e-01 3.267126e-01 1.054712e-15 1.054712e-15
52 3.387198e-01 3.387198e-01 3.387198e-01 1.054712e-15 1.054712e-15
53 3.457155e-01 3.457155e-01 3.457155e-01 5.551115e-17 5.551115e-17
54 3.457155e-01 3.457155e-01 3.457155e-01 9.436896e-16 9.436896e-16
55 3.527372e-01 3.527372e-01 3.527372e-01 7.771561e-16 7.771561e-16
56 3.641593e-01 3.641593e-01 3.641593e-01 6.661338e-16 6.661338e-16
57 3.710960e-01 3.710960e-01 3.710960e-01 9.992007e-16 9.992007e-16
58 3.710960e-01 3.710960e-01 3.710960e-01 3.885781e-16 3.885781e-16
59 3.780392e-01 3.780392e-01 3.780392e-01 4.440892e-16 4.440892e-16
60 3.888975e-01 3.888975e-01 3.888975e-01 4.440892e-16 4.440892e-16
61 3.957305e-01 3.957305e-01 3.957305e-01 3.885781e-16 3.885781e-16
62 3.957305e-01 3.957305e-01 3.957305e-01 2.220446e-15 2.220446e-15
63 4.025532e-01 4.025532e-01 4.025532e-01 8.326673e-16 8.326673e-16
64 4.128718e-01 4.128718e-01 4.128718e-01 1.332268e-15 1.332268e-15
65 4.195645e-01 4.195645e-01 4.195645e-01 5.551115e-16 5.551115e-16
66 4.195645e-01 4.195645e-01 4.195645e-01 1.054712e-15 1.054712e-15
67 4.262328e-01 4.262328e-01 4.262328e-01 1.110223e-16 1.110223e-16
68 4.360371e-01 4.360371e-01 4.360371e-01 1.221245e-15 1.221245e-15
69 4.425606e-01 4.425606e-01 4.425606e-01 1.443290e-15 1.443290e-15
70 4.425606e-01 4.425606e-01 4.425606e-01 1.665335e-15 1.665335e-15
71 4.490480e-01 4.490480e-01 4.490480e-01 1.276756e-15 1.276756e-15
72 4.583646e-01 4.583646e-01 4.583646e-01 6.661338e-16 6.661338e-16
73 4.646967e-01 4.646967e-01 4.646967e-01 1.665335e-16 1.665335e-16
74 4.646967e-01 4.646967e-01 4.646967e-01 1.665335e-16 1.665335e-16
75 4.709833e-01 4.709833e-01 4.709833e-01 1.554312e-15 1.554312e-15
76 4.798387e-01 4.798387e-01 4.798387e-01 1.554312e-15 1.554312e-15
77 4.859631e-01 4.859631e-01 4.859631e-01 6.661338e-16 6.661338e-16
78 4.859631e-01 4.859631e-01 4.859631e-01 8.326673e-16 8.326673e-16
79 4.920347e-01 4.920347e-01 4.920347e-01 1.276756e-15 1.276756e-15
80 5.004553e-01 5.004553e-01 5.004553e-01 1.110223e-16 1.110223e-16
81 5.063607e-01 5.063607e-01 5.063607e-01 1.110223e-15 1.110223e-15
82 5.063607e-01 5.063607e-01 5.063607e-01 8.881784e-16 8.881784e-16
83 5.122080e-01 5.122080e-01 5.122080e-01 2.220446e-16 2.220446e-16
84 5.202194e-01 5.202194e-01 5.202194e-01 1.221245e-15 1.221245e-15
85 5.258991e-01 5.258991e-01 5.258991e-01 0.000000e+00 0.000000e+00
86 5.258991e-01 5.258991e-01 5.258991e-01 0.000000e+00 0.000000e+00
87 5.315169e-01 5.315169e-01 5.315169e-01 6.661338e-16 6.661338e-16
88 5.391437e-01 5.391437e-01 5.391437e-01 1.554312e-15 1.554312e-15
89 5.445944e-01 5.445944e-01 5.445944e-01 7.771561e-16 7.771561e-16
90 5.445944e-01 5.445944e-01 5.445944e-01 4.440892e-16 4.440892e-16
91 5.499807e-01 5.499807e-01 5.499807e-01 6.661338e-16 6.661338e-16
92 5.572464e-01 5.572464e-01 5.572464e-01 4.440892e-16 4.440892e-16
93 5.624679e-01 5.624679e-01 5.624679e-01 6.661338e-16 6.661338e-16
94 5.624679e-01 5.624679e-01 5.624679e-01 6.661338e-16 6.661338e-16
95 5.676235e-01 5.676235e-01 5.676235e-01 1.221245e-15 1.221245e-15
96 5.745504e-01 5.745504e-01 5.745504e-01 1.332268e-15 1.332268e-15
97 5.795446e-01 5.795446e-01 5.795446e-01 6.661338e-16 6.661338e-16
98 5.795446e-01 5.795446e-01 5.795446e-01 4.440892e-16 4.440892e-16
99 5.844725e-01 5.844725e-01 5.844725e-01 8.881784e-16 8.881784e-16
100 5.910815e-01 5.910815e-01 5.910815e-01 1.221245e-15 1.221245e-15
101 5.958522e-01 5.958522e-01 5.958522e-01 2.442491e-15 2.442491e-15
102 5.958522e-01 5.958522e-01 5.958522e-01 2.930989e-14 2.930989e-14
103 6.005570e-01 6.005570e-01 6.005570e-01 5.107026e-15 5.107026e-15
104 6.068678e-01 6.068678e-01 6.068678e-01 2.098322e-14 2.098322e-14
105 6.114203e-01 6.114203e-01 6.114203e-01 1.532108e-14 1.532108e-14
106 6.114203e-01 6.114203e-01 6.114203e-01 8.448797e-14 8.448797e-14
107 6.159079e-01 6.159079e-01 6.159079e-01 1.475486e-13 1.475486e-13
108 6.219388e-01 6.219388e-01 6.219388e-01 4.379830e-13 4.379830e-13
109 6.262794e-01 6.262794e-01 6.262794e-01 2.530864e-12 2.530864e-12
110 6.262794e-01 6.262794e-01 6.262794e-01 1.434608e-11 1.434608e-11
111 6.305564e-01 6.305564e-01 6.305564e-01 1.133615e-11 1.133615e-11
112 6.363244e-01 6.363244e-01 6.363244e-01 1.884923e-10 1.884923e-10
113 6.404602e-01 6.404602e-01 6.404602e-01 5.829781e-11 5.829781e-11
114 6.404602e-01 6.404602e-01 6.404602e-01 3.880296e-10 3.880296e-10
115 6.445341e-01 6.445341e-01 6.445341e-01 1.235961e-09 1.235961e-09
116 6.500551e-01 6.500551e-01 6.500551e-01 1.176801e-09 1.176801e-09
117 6.539935e-01 6.539935e-01 6.539935e-01 8.593850e-10 8.593850e-10
118 6.539935e-01 6.539935e-01 6.539935e-01 7.284639e-09 7.284639e-09
119 6.578722e-01 6.578722e-01 6.578722e-01 2.687498e-09 2.687498e-09
120 6.631608e-01 6.631607e-01 6.631607e-01 5.140255e-08 5.140255e-08
121 6.669098e-01 6.669097e-01 6.669097e-01 2.450840e-08 2.450840e-08
122 6.669098e-01 6.669097e-01 6.669097e-01 5.535395e-08 5.535395e-08
123 6.706012e-01 6.706011e-01 6.706011e-01 1.184448e-07 1.184448e-07
124 6.756725e-01 6.756709e-01 6.756709e-01 1.611104e-06 1.611104e-06
125 6.792396e-01 6.792384e-01 6.792384e-01 1.220991e-06 1.220991e-06
126 6.792447e-01 6.792384e-01 6.792384e-01 6.287290e-06 6.287290e-06
127 6.827512e-01 6.827505e-01 6.827505e-01 7.364400e-07 7.364400e-07
128 6.876181e-01 6.876142e-01 6.876142e-01 3.892636e-06 3.892636e-06
129 6.910104e-01 6.910082e-01 6.910082e-01 2.181306e-06 2.181306e-06
130 6.910223e-01 6.910082e-01 6.910082e-01 1.409336e-05 1.409336e-05
131 6.943867e-01 6.943491e-01 6.943491e-01 3.757491e-05 3.757491e-05
132 6.990884e-01 6.990183e-01 6.990183e-01 7.011315e-05 7.011315e-05
133 7.022972e-01 7.022467e-01 7.022467e-01 5.050380e-05 5.050380e-05
134 7.026058e-01 7.022467e-01 7.022467e-01 3.590430e-04 3.590430e-04
135 7.055580e-01 7.054245e-01 7.054245e-01 1.334948e-04 1.334948e-04
136 7.103707e-01 7.099100e-01 7.099100e-01 4.607407e-04 4.607407e-04
137 7.131085e-01 7.129806e-01 7.129806e-01 1.279213e-04 1.279213e-04
138 7.139468e-01 7.129806e-01 7.129806e-01 9.661937e-04 9.661937e-04
139 7.174589e-01 7.160029e-01 7.160029e-01 1.455979e-03 1.455979e-03
140 7.227093e-01 7.203146e-01 7.203146e-01 2.394681e-03 2.394681e-03
141 7.253536e-01 7.232350e-01 7.232350e-01 2.118599e-03 2.118599e-03
142 7.273905e-01 7.232350e-01 7.232350e-01 4.155473e-03 4.155473e-03
143 7.320802e-01 7.261094e-01 7.261094e-01 5.970812e-03 5.970812e-03
