# Hello World! This is dune-eigensolver.
# hardware number of threads is 128 number of threads used is 1
# 8 8
# Smallest eigenvalues convergence test

#  n: 28900 A.N(): 28900 br: 1
# GeneralizedSymmetricStewart:  time_total=4.307047e+00 time_factorization=9.891631e-02 time_eigendecomposition=2.160856e-02 time_matmul_dense=4.017248e-02 iterations=14

# Arpack: time_total=6.370436e+00 iterations=1

# Eigensolver elapsed time 4.307490e+00

# N= 28900 M= 144 ACCURACY= 1.000000e+00 TOL= 2.000000e-02 THRESHOLD= 9.000000e-02 ESARERROR= 8.150122e-01 ARPERROR= 1.562184e-01 ESANERROR= 0.000000e+00 TIMERATIO= 6.761688e-01 \\

## gen: stw     ARP-SMALL-TOL  ARPACK-TOL  ES-ARP-SMALL  ES-AR ERROR
00 -1.430930e-15 -1.294537e-16 -1.294537e-16 1.301476e-15 1.301476e-15
01 8.824167e-03 8.824167e-03 8.824167e-03 1.422473e-16 1.422473e-16
02 8.824167e-03 8.824167e-03 8.824167e-03 6.800116e-16 6.800116e-16
03 1.334551e-02 1.334551e-02 1.334551e-02 1.387779e-17 1.387779e-17
04 2.922491e-02 2.922491e-02 2.922491e-02 3.261280e-16 3.261280e-16
05 3.180579e-02 3.180579e-02 3.180579e-02 1.124101e-15 1.124101e-15
06 3.180579e-02 3.180579e-02 3.180579e-02 3.469447e-16 3.469447e-16
07 3.271787e-02 3.271787e-02 3.271787e-02 1.665335e-16 1.665335e-16
08 5.148734e-02 5.148734e-02 5.148734e-02 2.844947e-16 2.844947e-16
09 5.402982e-02 5.402982e-02 5.402982e-02 4.440892e-16 4.440892e-16
10 5.402982e-02 5.402982e-02 5.402982e-02 4.163336e-16 4.163336e-16
11 5.691242e-02 5.691242e-02 5.691242e-02 9.714451e-17 9.714451e-17
12 7.465499e-02 7.465499e-02 7.465499e-02 3.747003e-16 3.747003e-16
13 7.811994e-02 7.811994e-02 7.811994e-02 5.967449e-16 5.967449e-16
14 7.811994e-02 7.811994e-02 7.811994e-02 3.469447e-16 3.469447e-16
15 8.178079e-02 8.178079e-02 8.178079e-02 6.245005e-16 6.245005e-16
16 9.909065e-02 9.909065e-02 9.909065e-02 1.151856e-15 1.151856e-15
17 1.033071e-01 1.033071e-01 1.033071e-01 1.665335e-16 1.665335e-16
18 1.033071e-01 1.033071e-01 1.033071e-01 3.747003e-16 3.747003e-16
19 1.077383e-01 1.077383e-01 1.077383e-01 9.714451e-17 9.714451e-17
20 1.245339e-01 1.245339e-01 1.245339e-01 4.163336e-16 4.163336e-16
21 1.294174e-01 1.294174e-01 1.294174e-01 6.383782e-16 6.383782e-16
22 1.294174e-01 1.294174e-01 1.294174e-01 1.110223e-15 1.110223e-15
23 1.345070e-01 1.345070e-01 1.345070e-01 3.330669e-16 3.330669e-16
24 1.507634e-01 1.507634e-01 1.507634e-01 2.747802e-15 2.747802e-15
25 1.562201e-01 1.562201e-01 1.562201e-01 2.137179e-15 2.137179e-15
26 1.562201e-01 1.562201e-01 1.562201e-01 3.608225e-16 3.608225e-16
27 1.618697e-01 1.618697e-01 1.618697e-01 4.718448e-16 4.718448e-16
28 1.775528e-01 1.775528e-01 1.775528e-01 2.053913e-15 2.053913e-15
29 1.834876e-01 1.834876e-01 1.834876e-01 8.881784e-16 8.881784e-16
30 1.834876e-01 1.834876e-01 1.834876e-01 5.273559e-16 5.273559e-16
31 1.895946e-01 1.895946e-01 1.895946e-01 6.938894e-16 6.938894e-16
32 2.046808e-01 2.046808e-01 2.046808e-01 8.049117e-16 8.049117e-16
33 2.109993e-01 2.109993e-01 2.109993e-01 3.386180e-15 3.386180e-15
34 2.109993e-01 2.109993e-01 2.109993e-01 3.996803e-15 3.996803e-15
35 2.174667e-01 2.174667e-01 2.174667e-01 5.773160e-15 5.773160e-15
36 2.319382e-01 2.319382e-01 2.319382e-01 1.837419e-14 1.837419e-14
37 2.385492e-01 2.385492e-01 2.385492e-01 2.553513e-14 2.553513e-14
38 2.385492e-01 2.385492e-01 2.385492e-01 8.359979e-14 8.359979e-14
39 2.452832e-01 2.452832e-01 2.452832e-01 7.827072e-14 7.827072e-14
40 2.591323e-01 2.591323e-01 2.591323e-01 5.471734e-13 5.471734e-13
41 2.659497e-01 2.659497e-01 2.659497e-01 7.061574e-13 7.061574e-13
42 2.659497e-01 2.659497e-01 2.659497e-01 1.023126e-12 1.023126e-12
43 2.728643e-01 2.728643e-01 2.728643e-01 1.477318e-12 1.477318e-12
44 2.860903e-01 2.860903e-01 2.860903e-01 7.758183e-12 7.758183e-12
45 2.930352e-01 2.930352e-01 2.930352e-01 6.381784e-12 6.381784e-12
46 2.930352e-01 2.930352e-01 2.930352e-01 2.353134e-11 2.353134e-11
47 3.000517e-01 3.000517e-01 3.000517e-01 1.929895e-11 1.929895e-11
48 3.126619e-01 3.126619e-01 3.126619e-01 6.049583e-11 6.049583e-11
49 3.196634e-01 3.196634e-01 3.196634e-01 1.639514e-10 1.639514e-10
50 3.196634e-01 3.196634e-01 3.196634e-01 1.957667e-10 1.957667e-10
51 3.267126e-01 3.267126e-01 3.267126e-01 2.355509e-10 2.355509e-10
52 3.387198e-01 3.387198e-01 3.387198e-01 5.218141e-10 5.218141e-10
53 3.457155e-01 3.457155e-01 3.457155e-01 1.099858e-09 1.099858e-09
54 3.457155e-01 3.457155e-01 3.457155e-01 1.601156e-09 1.601156e-09
55 3.527372e-01 3.527372e-01 3.527372e-01 2.050297e-09 2.050297e-09
56 3.641593e-01 3.641593e-01 3.641593e-01 4.921742e-09 4.921742e-09
57 3.710960e-01 3.710960e-01 3.710960e-01 5.363175e-09 5.363175e-09
58 3.710960e-01 3.710960e-01 3.710960e-01 1.131984e-08 1.131984e-08
59 3.780393e-01 3.780392e-01 3.780392e-01 1.474955e-08 1.474955e-08
60 3.888976e-01 3.888975e-01 3.888975e-01 1.612469e-08 1.612469e-08
61 3.957305e-01 3.957305e-01 3.957305e-01 3.069144e-08 3.069144e-08
62 3.957306e-01 3.957305e-01 3.957305e-01 5.801528e-08 5.801528e-08
63 4.025533e-01 4.025532e-01 4.025532e-01 7.900529e-08 7.900529e-08
64 4.128719e-01 4.128718e-01 4.128718e-01 1.467078e-07 1.467078e-07
65 4.195646e-01 4.195645e-01 4.195645e-01 1.317624e-07 1.317624e-07
66 4.195646e-01 4.195645e-01 4.195645e-01 1.431835e-07 1.431835e-07
67 4.262330e-01 4.262328e-01 4.262328e-01 2.160139e-07 2.160139e-07
68 4.360374e-01 4.360371e-01 4.360371e-01 3.036765e-07 3.036765e-07
69 4.425611e-01 4.425606e-01 4.425606e-01 4.805353e-07 4.805353e-07
70 4.425615e-01 4.425606e-01 4.425606e-01 9.201642e-07 9.201642e-07
71 4.490508e-01 4.490480e-01 4.490480e-01 2.842748e-06 2.842748e-06
72 4.583663e-01 4.583646e-01 4.583646e-01 1.648561e-06 1.648561e-06
73 4.646994e-01 4.646967e-01 4.646967e-01 2.678410e-06 2.678410e-06
74 4.647003e-01 4.646967e-01 4.646967e-01 3.675111e-06 3.675111e-06
75 4.709862e-01 4.709833e-01 4.709833e-01 2.910065e-06 2.910065e-06
76 4.798458e-01 4.798387e-01 4.798387e-01 7.084699e-06 7.084699e-06
77 4.859687e-01 4.859631e-01 4.859631e-01 5.669291e-06 5.669291e-06
78 4.859711e-01 4.859631e-01 4.859631e-01 8.016994e-06 8.016994e-06
79 4.920444e-01 4.920347e-01 4.920347e-01 9.769241e-06 9.769241e-06
80 5.004771e-01 5.004553e-01 5.004553e-01 2.179768e-05 2.179768e-05
81 5.063844e-01 5.063607e-01 5.063607e-01 2.365273e-05 2.365273e-05
82 5.063884e-01 5.063607e-01 5.063607e-01 2.767133e-05 2.767133e-05
83 5.122410e-01 5.122080e-01 5.122080e-01 3.290863e-05 3.290863e-05
84 5.202743e-01 5.202194e-01 5.202194e-01 5.483446e-05 5.483446e-05
85 5.259604e-01 5.258991e-01 5.258991e-01 6.128422e-05 6.128422e-05
86 5.260031e-01 5.258991e-01 5.258991e-01 1.039593e-04 1.039593e-04
87 5.316069e-01 5.315169e-01 5.315169e-01 9.002275e-05 9.002275e-05
88 5.392617e-01 5.391437e-01 5.391437e-01 1.180493e-04 1.180493e-04
89 5.447432e-01 5.445944e-01 5.445944e-01 1.487740e-04 1.487740e-04
90 5.447671e-01 5.445944e-01 5.445944e-01 1.726900e-04 1.726900e-04
91 5.501287e-01 5.499807e-01 5.499807e-01 1.479773e-04 1.479773e-04
92 5.574769e-01 5.572464e-01 5.572464e-01 2.304616e-04 2.304616e-04
93 5.628303e-01 5.624679e-01 5.624679e-01 3.624338e-04 3.624338e-04
94 5.630973e-01 5.624679e-01 5.624679e-01 6.294491e-04 6.294491e-04
95 5.680793e-01 5.676235e-01 5.676235e-01 4.557436e-04 4.557436e-04
96 5.752208e-01 5.745504e-01 5.745504e-01 6.703538e-04 6.703538e-04
97 5.799208e-01 5.795446e-01 5.795446e-01 3.762355e-04 3.762355e-04
98 5.805713e-01 5.795446e-01 5.795446e-01 1.026786e-03 1.026786e-03
99 5.855074e-01 5.844725e-01 5.844725e-01 1.034865e-03 1.034865e-03
100 5.922346e-01 5.910815e-01 5.910815e-01 1.153033e-03 1.153033e-03
101 5.974354e-01 5.958522e-01 5.958522e-01 1.583220e-03 1.583220e-03
102 5.980361e-01 5.958522e-01 5.958522e-01 2.183921e-03 2.183921e-03
103 6.019464e-01 6.005570e-01 6.005570e-01 1.389333e-03 1.389333e-03
104 6.098276e-01 6.068678e-01 6.068678e-01 2.959745e-03 2.959745e-03
105 6.135761e-01 6.114203e-01 6.114203e-01 2.155772e-03 2.155772e-03
106 6.139926e-01 6.114203e-01 6.114203e-01 2.572283e-03 2.572283e-03
107 6.190787e-01 6.159079e-01 6.159079e-01 3.170772e-03 3.170772e-03
108 6.249983e-01 6.219388e-01 6.219388e-01 3.059591e-03 3.059591e-03
109 6.300070e-01 6.262794e-01 6.262794e-01 3.727628e-03 3.727628e-03
110 6.313998e-01 6.262794e-01 6.262794e-01 5.120384e-03 5.120384e-03
111 6.373246e-01 6.305564e-01 6.305564e-01 6.768158e-03 6.768158e-03
112 6.430296e-01 6.363244e-01 6.363244e-01 6.705223e-03 6.705223e-03
113 6.481364e-01 6.404602e-01 6.404602e-01 7.676215e-03 7.676215e-03
114 6.497420e-01 6.404602e-01 6.404602e-01 9.281864e-03 9.281864e-03
115 6.534838e-01 6.445341e-01 6.445341e-01 8.949650e-03 8.949650e-03
116 6.587794e-01 6.500551e-01 6.500551e-01 8.724373e-03 8.724373e-03
117 6.645762e-01 6.539935e-01 6.539935e-01 1.058268e-02 1.058268e-02
118 6.652661e-01 6.539935e-01 6.539935e-01 1.127259e-02 1.127259e-02
119 6.691789e-01 6.578722e-01 6.578722e-01 1.130674e-02 1.130674e-02
120 6.758945e-01 6.631607e-01 6.631607e-01 1.273375e-02 1.273375e-02
121 6.810106e-01 6.669097e-01 6.669097e-01 1.410085e-02 1.410085e-02
122 6.890430e-01 6.669097e-01 6.669097e-01 2.213330e-02 2.213330e-02
123 6.966418e-01 6.706011e-01 6.706011e-01 2.604077e-02 2.604077e-02
124 7.015773e-01 6.756709e-01 6.756709e-01 2.590643e-02 2.590643e-02
125 7.048375e-01 6.792384e-01 6.792384e-01 2.559915e-02 2.559915e-02
126 7.143504e-01 6.792384e-01 6.792384e-01 3.511205e-02 3.511205e-02
127 7.193710e-01 6.827505e-01 6.827505e-01 3.662048e-02 3.662048e-02
128 7.269760e-01 6.876142e-01 6.876142e-01 3.936188e-02 3.936188e-02
129 7.289497e-01 6.910082e-01 6.910082e-01 3.794152e-02 3.794152e-02
130 7.361087e-01 6.910082e-01 6.910082e-01 4.510055e-02 4.510055e-02
131 7.448940e-01 6.943491e-01 6.943491e-01 5.054481e-02 5.054481e-02
132 7.647230e-01 6.990183e-01 6.990183e-01 6.570471e-02 6.570471e-02
133 7.717880e-01 7.022467e-01 7.022467e-01 6.954122e-02 6.954122e-02
134 7.763639e-01 7.022467e-01 7.022467e-01 7.411719e-02 7.411719e-02
135 7.882906e-01 7.054245e-01 7.054245e-01 8.286610e-02 8.286610e-02
136 7.998929e-01 7.099100e-01 7.099100e-01 8.998290e-02 8.998290e-02
137 8.032512e-01 7.129806e-01 7.129806e-01 9.027061e-02 9.027061e-02
138 8.215323e-01 7.129806e-01 7.129806e-01 1.085517e-01 1.085517e-01
139 8.328120e-01 7.160029e-01 7.160029e-01 1.168091e-01 1.168091e-01
140 8.436681e-01 7.203146e-01 7.203146e-01 1.233534e-01 1.233534e-01
141 8.604715e-01 7.232350e-01 7.232350e-01 1.372365e-01 1.372365e-01
142 8.720702e-01 7.232350e-01 7.232350e-01 1.488352e-01 1.488352e-01
143 8.823278e-01 7.261094e-01 7.261094e-01 1.562184e-01 1.562184e-01
