# Hello World! This is dune-eigensolver.
# hardware number of threads is 128 number of threads used is 1
# 8 8
# Smallest eigenvalues convergence test

#  n: 28900 A.N(): 28900 br: 1
# GeneralizedSymmetricStewart:  time_total=2.799176e+00 time_factorization=9.780617e-02 time_eigendecomposition=1.339478e-02 time_matmul_dense=3.949177e-02 iterations=9

# Arpack: time_total=6.345507e+00 iterations=1

# Eigensolver elapsed time 2.799563e+00

# N= 28900 M= 144 ACCURACY= 5.000000e-01 TOL= 1.000000e-03 THRESHOLD= 9.000000e-02 ESARERROR= 9.178117e-01 ARPERROR= 2.590179e-01 ESANERROR= 0.000000e+00 TIMERATIO= 4.411882e-01 \\

## gen: stw     ARP-SMALL-TOL  ARPACK-TOL  ES-ARP-SMALL  ES-AR ERROR
00 -1.372166e-15 -1.294537e-16 -1.294537e-16 1.242713e-15 1.242713e-15
01 8.824167e-03 8.824167e-03 8.824167e-03 0.000000e+00 0.000000e+00
02 8.824167e-03 8.824167e-03 8.824167e-03 9.020562e-17 9.020562e-17
03 1.334551e-02 1.334551e-02 1.334551e-02 8.118506e-16 8.118506e-16
04 2.922491e-02 2.922491e-02 2.922491e-02 6.383782e-16 6.383782e-16
05 3.180579e-02 3.180579e-02 3.180579e-02 1.249001e-16 1.249001e-16
06 3.180579e-02 3.180579e-02 3.180579e-02 3.053113e-16 3.053113e-16
07 3.271787e-02 3.271787e-02 3.271787e-02 5.967449e-16 5.967449e-16
08 5.148734e-02 5.148734e-02 5.148734e-02 6.314393e-16 6.314393e-16
09 5.402982e-02 5.402982e-02 5.402982e-02 1.873501e-16 1.873501e-16
10 5.402982e-02 5.402982e-02 5.402982e-02 2.359224e-16 2.359224e-16
11 5.691242e-02 5.691242e-02 5.691242e-02 2.220446e-16 2.220446e-16
12 7.465499e-02 7.465499e-02 7.465499e-02 7.077672e-16 7.077672e-16
13 7.811994e-02 7.811994e-02 7.811994e-02 5.689893e-16 5.689893e-16
14 7.811994e-02 7.811994e-02 7.811994e-02 2.775558e-17 2.775558e-17
15 8.178079e-02 8.178079e-02 8.178079e-02 9.853229e-16 9.853229e-16
16 9.909065e-02 9.909065e-02 9.909065e-02 4.038436e-15 4.038436e-15
17 1.033071e-01 1.033071e-01 1.033071e-01 6.994405e-15 6.994405e-15
18 1.033071e-01 1.033071e-01 1.033071e-01 8.798517e-15 8.798517e-15
19 1.077383e-01 1.077383e-01 1.077383e-01 1.409983e-14 1.409983e-14
20 1.245339e-01 1.245339e-01 1.245339e-01 1.574296e-13 1.574296e-13
21 1.294174e-01 1.294174e-01 1.294174e-01 3.220757e-13 3.220757e-13
22 1.294174e-01 1.294174e-01 1.294174e-01 3.918532e-13 3.918532e-13
23 1.345070e-01 1.345070e-01 1.345070e-01 5.186129e-13 5.186129e-13
24 1.507634e-01 1.507634e-01 1.507634e-01 4.967887e-12 4.967887e-12
25 1.562201e-01 1.562201e-01 1.562201e-01 7.964546e-12 7.964546e-12
26 1.562201e-01 1.562201e-01 1.562201e-01 1.223763e-11 1.223763e-11
27 1.618697e-01 1.618697e-01 1.618697e-01 1.922054e-11 1.922054e-11
28 1.775528e-01 1.775528e-01 1.775528e-01 6.361103e-11 6.361103e-11
29 1.834876e-01 1.834876e-01 1.834876e-01 1.047581e-10 1.047581e-10
30 1.834876e-01 1.834876e-01 1.834876e-01 1.985798e-10 1.985798e-10
31 1.895946e-01 1.895946e-01 1.895946e-01 2.762661e-10 2.762661e-10
32 2.046808e-01 2.046808e-01 2.046808e-01 9.835375e-10 9.835375e-10
33 2.109993e-01 2.109993e-01 2.109993e-01 1.510057e-09 1.510057e-09
34 2.109993e-01 2.109993e-01 2.109993e-01 2.548227e-09 2.548227e-09
35 2.174667e-01 2.174667e-01 2.174667e-01 3.193714e-09 3.193714e-09
36 2.319382e-01 2.319382e-01 2.319382e-01 7.668089e-09 7.668089e-09
37 2.385492e-01 2.385492e-01 2.385492e-01 9.836895e-09 9.836895e-09
38 2.385492e-01 2.385492e-01 2.385492e-01 1.677715e-08 1.677715e-08
39 2.452832e-01 2.452832e-01 2.452832e-01 2.541698e-08 2.541698e-08
40 2.591323e-01 2.591323e-01 2.591323e-01 6.624603e-08 6.624603e-08
41 2.659498e-01 2.659497e-01 2.659497e-01 7.578484e-08 7.578484e-08
42 2.659498e-01 2.659497e-01 2.659497e-01 1.246223e-07 1.246223e-07
43 2.728644e-01 2.728643e-01 2.728643e-01 1.592014e-07 1.592014e-07
44 2.860907e-01 2.860903e-01 2.860903e-01 4.289452e-07 4.289452e-07
45 2.930357e-01 2.930352e-01 2.930352e-01 4.379627e-07 4.379627e-07
46 2.930360e-01 2.930352e-01 2.930352e-01 8.171680e-07 8.171680e-07
47 3.000524e-01 3.000517e-01 3.000517e-01 7.451484e-07 7.451484e-07
48 3.126632e-01 3.126619e-01 3.126619e-01 1.287656e-06 1.287656e-06
49 3.196660e-01 3.196634e-01 3.196634e-01 2.640179e-06 2.640179e-06
50 3.196664e-01 3.196634e-01 3.196634e-01 3.056585e-06 3.056585e-06
51 3.267159e-01 3.267126e-01 3.267126e-01 3.364902e-06 3.364902e-06
52 3.387261e-01 3.387198e-01 3.387198e-01 6.294804e-06 6.294804e-06
53 3.457246e-01 3.457155e-01 3.457155e-01 9.005715e-06 9.005715e-06
54 3.457250e-01 3.457155e-01 3.457155e-01 9.450011e-06 9.450011e-06
55 3.527484e-01 3.527372e-01 3.527372e-01 1.120516e-05 1.120516e-05
56 3.641812e-01 3.641593e-01 3.641593e-01 2.193202e-05 2.193202e-05
57 3.711183e-01 3.710960e-01 3.710960e-01 2.229420e-05 2.229420e-05
58 3.711391e-01 3.710960e-01 3.710960e-01 4.307521e-05 4.307521e-05
59 3.780865e-01 3.780392e-01 3.780392e-01 4.727587e-05 4.727587e-05
60 3.889451e-01 3.888975e-01 3.888975e-01 4.760585e-05 4.760585e-05
61 3.957928e-01 3.957305e-01 3.957305e-01 6.226769e-05 6.226769e-05
62 3.958324e-01 3.957305e-01 3.957305e-01 1.019276e-04 1.019276e-04
63 4.026740e-01 4.025532e-01 4.025532e-01 1.207774e-04 1.207774e-04
64 4.131017e-01 4.128718e-01 4.128718e-01 2.299470e-04 2.299470e-04
65 4.197144e-01 4.195645e-01 4.195645e-01 1.499680e-04 1.499680e-04
66 4.198009e-01 4.195645e-01 4.195645e-01 2.364446e-04 2.364446e-04
67 4.264861e-01 4.262328e-01 4.262328e-01 2.532950e-04 2.532950e-04
68 4.363832e-01 4.360371e-01 4.360371e-01 3.460803e-04 3.460803e-04
69 4.429661e-01 4.425606e-01 4.425606e-01 4.054263e-04 4.054263e-04
70 4.431437e-01 4.425606e-01 4.425606e-01 5.831120e-04 5.831120e-04
71 4.500527e-01 4.490480e-01 4.490480e-01 1.004721e-03 1.004721e-03
72 4.591618e-01 4.583646e-01 4.583646e-01 7.971736e-04 7.971736e-04
73 4.659024e-01 4.646967e-01 4.646967e-01 1.205742e-03 1.205742e-03
74 4.664050e-01 4.646967e-01 4.646967e-01 1.708360e-03 1.708360e-03
75 4.725018e-01 4.709833e-01 4.709833e-01 1.518548e-03 1.518548e-03
76 4.821860e-01 4.798387e-01 4.798387e-01 2.347225e-03 2.347225e-03
77 4.877507e-01 4.859631e-01 4.859631e-01 1.787685e-03 1.787685e-03
78 4.881465e-01 4.859631e-01 4.859631e-01 2.183431e-03 2.183431e-03
79 4.946675e-01 4.920347e-01 4.920347e-01 2.632863e-03 2.632863e-03
80 5.055755e-01 5.004553e-01 5.004553e-01 5.120199e-03 5.120199e-03
81 5.105800e-01 5.063607e-01 5.063607e-01 4.219234e-03 4.219234e-03
82 5.129447e-01 5.063607e-01 5.063607e-01 6.583919e-03 6.583919e-03
83 5.177433e-01 5.122080e-01 5.122080e-01 5.535297e-03 5.535297e-03
84 5.278696e-01 5.202194e-01 5.202194e-01 7.650172e-03 7.650172e-03
85 5.356167e-01 5.258991e-01 5.258991e-01 9.717556e-03 9.717556e-03
86 5.360432e-01 5.258991e-01 5.258991e-01 1.014408e-02 1.014408e-02
87 5.394928e-01 5.315169e-01 5.315169e-01 7.975895e-03 7.975895e-03
88 5.488694e-01 5.391437e-01 5.391437e-01 9.725687e-03 9.725687e-03
89 5.584332e-01 5.445944e-01 5.445944e-01 1.383881e-02 1.383881e-02
90 5.604484e-01 5.445944e-01 5.445944e-01 1.585400e-02 1.585400e-02
91 5.629479e-01 5.499807e-01 5.499807e-01 1.296717e-02 1.296717e-02
92 5.738999e-01 5.572464e-01 5.572464e-01 1.665345e-02 1.665345e-02
93 5.859548e-01 5.624679e-01 5.624679e-01 2.348696e-02 2.348696e-02
94 5.911821e-01 5.624679e-01 5.624679e-01 2.871418e-02 2.871418e-02
95 5.971922e-01 5.676235e-01 5.676235e-01 2.956865e-02 2.956865e-02
96 6.054845e-01 5.745504e-01 5.745504e-01 3.093409e-02 3.093409e-02
97 6.082030e-01 5.795446e-01 5.795446e-01 2.865847e-02 2.865847e-02
98 6.198504e-01 5.795446e-01 5.795446e-01 4.030587e-02 4.030587e-02
99 6.286031e-01 5.844725e-01 5.844725e-01 4.413061e-02 4.413061e-02
100 6.419485e-01 5.910815e-01 5.910815e-01 5.086696e-02 5.086696e-02
101 6.514608e-01 5.958522e-01 5.958522e-01 5.560860e-02 5.560860e-02
102 6.524053e-01 5.958522e-01 5.958522e-01 5.655312e-02 5.655312e-02
103 6.656423e-01 6.005570e-01 6.005570e-01 6.508530e-02 6.508530e-02
104 6.849750e-01 6.068678e-01 6.068678e-01 7.810719e-02 7.810719e-02
105 6.919917e-01 6.114203e-01 6.114203e-01 8.057139e-02 8.057139e-02
106 6.950915e-01 6.114203e-01 6.114203e-01 8.367122e-02 8.367122e-02
107 6.967653e-01 6.159079e-01 6.159079e-01 8.085739e-02 8.085739e-02
108 7.170208e-01 6.219388e-01 6.219388e-01 9.508202e-02 9.508202e-02
109 7.303045e-01 6.262794e-01 6.262794e-01 1.040252e-01 1.040252e-01
110 7.482993e-01 6.262794e-01 6.262794e-01 1.220200e-01 1.220200e-01
111 7.595940e-01 6.305564e-01 6.305564e-01 1.290376e-01 1.290376e-01
112 7.652393e-01 6.363244e-01 6.363244e-01 1.289148e-01 1.289148e-01
113 7.774217e-01 6.404602e-01 6.404602e-01 1.369615e-01 1.369615e-01
114 7.819332e-01 6.404602e-01 6.404602e-01 1.414730e-01 1.414730e-01
115 7.918925e-01 6.445341e-01 6.445341e-01 1.473583e-01 1.473583e-01
116 8.001759e-01 6.500551e-01 6.500551e-01 1.501208e-01 1.501208e-01
117 8.218454e-01 6.539935e-01 6.539935e-01 1.678519e-01 1.678519e-01
118 8.274760e-01 6.539935e-01 6.539935e-01 1.734825e-01 1.734825e-01
119 8.401911e-01 6.578722e-01 6.578722e-01 1.823190e-01 1.823190e-01
120 8.436253e-01 6.631607e-01 6.631607e-01 1.804645e-01 1.804645e-01
121 8.478813e-01 6.669097e-01 6.669097e-01 1.809715e-01 1.809715e-01
122 8.616375e-01 6.669097e-01 6.669097e-01 1.947277e-01 1.947277e-01
123 8.810430e-01 6.706011e-01 6.706011e-01 2.104419e-01 2.104419e-01
124 8.835346e-01 6.756709e-01 6.756709e-01 2.078637e-01 2.078637e-01
125 9.021214e-01 6.792384e-01 6.792384e-01 2.228830e-01 2.228830e-01
126 9.064475e-01 6.792384e-01 6.792384e-01 2.272091e-01 2.272091e-01
127 9.167018e-01 6.827505e-01 6.827505e-01 2.339513e-01 2.339513e-01
128 9.198128e-01 6.876142e-01 6.876142e-01 2.321987e-01 2.321987e-01
129 9.268600e-01 6.910082e-01 6.910082e-01 2.358518e-01 2.358518e-01
130 9.337459e-01 6.910082e-01 6.910082e-01 2.427377e-01 2.427377e-01
131 9.417879e-01 6.943491e-01 6.943491e-01 2.474387e-01 2.474387e-01
132 9.481669e-01 6.990183e-01 6.990183e-01 2.491486e-01 2.491486e-01
133 9.517102e-01 7.022467e-01 7.022467e-01 2.494634e-01 2.494634e-01
134 9.534653e-01 7.022467e-01 7.022467e-01 2.512186e-01 2.512186e-01
135 9.564828e-01 7.054245e-01 7.054245e-01 2.510583e-01 2.510583e-01
136 9.628574e-01 7.099100e-01 7.099100e-01 2.529474e-01 2.529474e-01
137 9.665316e-01 7.129806e-01 7.129806e-01 2.535510e-01 2.535510e-01
138 9.702729e-01 7.129806e-01 7.129806e-01 2.572923e-01 2.572923e-01
139 9.735813e-01 7.160029e-01 7.160029e-01 2.575784e-01 2.575784e-01
140 9.754210e-01 7.203146e-01 7.203146e-01 2.551064e-01 2.551064e-01
141 9.785811e-01 7.232350e-01 7.232350e-01 2.553460e-01 2.553460e-01
142 9.814016e-01 7.232350e-01 7.232350e-01 2.581665e-01 2.581665e-01
143 9.851273e-01 7.261094e-01 7.261094e-01 2.590179e-01 2.590179e-01
