# Hello World! This is dune-eigensolver.
# hardware number of threads is 128 number of threads used is 1
# 8 8
# Smallest eigenvalues convergence test

#  n: 28900 A.N(): 28900 br: 1
# GeneralizedSymmetricStewart:  time_total=1.686946e+00 time_factorization=9.839346e-02 time_eigendecomposition=6.984862e-03 time_matmul_dense=4.176264e-02 iterations=5

# Arpack: time_total=6.316733e+00 iterations=1

# Eigensolver elapsed time 1.688617e+00

# N= 28900 M= 144 ACCURACY= 2.500000e-01 TOL= 2.000000e-03 THRESHOLD= 9.000000e-02 ESARERROR= 9.317788e-01 ARPERROR= 3.559618e-01 ESANERROR= 0.000000e+00 TIMERATIO= 2.673244e-01 \\

## gen: stw     ARP-SMALL-TOL  ARPACK-TOL  ES-ARP-SMALL  ES-AR ERROR
00 -1.539567e-15 -1.294537e-16 -1.294537e-16 1.410113e-15 1.410113e-15
01 8.824167e-03 8.824167e-03 8.824167e-03 1.561251e-16 1.561251e-16
02 8.824167e-03 8.824167e-03 8.824167e-03 3.816392e-17 3.816392e-17
03 1.334551e-02 1.334551e-02 1.334551e-02 3.747003e-16 3.747003e-16
04 2.922491e-02 2.922491e-02 2.922491e-02 9.508123e-13 9.508123e-13
05 3.180579e-02 3.180579e-02 3.180579e-02 1.806090e-12 1.806090e-12
06 3.180579e-02 3.180579e-02 3.180579e-02 1.853233e-12 1.853233e-12
07 3.271787e-02 3.271787e-02 3.271787e-02 2.501423e-12 2.501423e-12
08 5.148734e-02 5.148734e-02 5.148734e-02 2.584806e-10 2.584806e-10
09 5.402982e-02 5.402982e-02 5.402982e-02 3.208440e-10 3.208440e-10
10 5.402982e-02 5.402982e-02 5.402982e-02 4.664997e-10 4.664997e-10
11 5.691242e-02 5.691242e-02 5.691242e-02 7.663016e-10 7.663016e-10
12 7.465500e-02 7.465499e-02 7.465499e-02 7.967764e-09 7.967764e-09
13 7.811995e-02 7.811994e-02 7.811994e-02 1.109515e-08 1.109515e-08
14 7.811996e-02 7.811994e-02 7.811994e-02 2.014098e-08 2.014098e-08
15 8.178082e-02 8.178079e-02 8.178079e-02 2.258667e-08 2.258667e-08
16 9.909080e-02 9.909065e-02 9.909065e-02 1.482404e-07 1.482404e-07
17 1.033073e-01 1.033071e-01 1.033071e-01 1.543666e-07 1.543666e-07
18 1.033073e-01 1.033071e-01 1.033071e-01 2.009735e-07 2.009735e-07
19 1.077387e-01 1.077383e-01 1.077383e-01 3.069820e-07 3.069820e-07
20 1.245350e-01 1.245339e-01 1.245339e-01 1.161948e-06 1.161948e-06
21 1.294191e-01 1.294174e-01 1.294174e-01 1.702327e-06 1.702327e-06
22 1.294191e-01 1.294174e-01 1.294174e-01 1.765251e-06 1.765251e-06
23 1.345092e-01 1.345070e-01 1.345070e-01 2.141834e-06 2.141834e-06
24 1.507711e-01 1.507634e-01 1.507634e-01 7.654199e-06 7.654199e-06
25 1.562299e-01 1.562201e-01 1.562201e-01 9.741431e-06 9.741431e-06
26 1.562308e-01 1.562201e-01 1.562201e-01 1.070727e-05 1.070727e-05
27 1.618883e-01 1.618697e-01 1.618697e-01 1.858375e-05 1.858375e-05
28 1.775812e-01 1.775528e-01 1.775528e-01 2.846181e-05 2.846181e-05
29 1.835259e-01 1.834876e-01 1.834876e-01 3.831171e-05 3.831171e-05
30 1.835415e-01 1.834876e-01 1.834876e-01 5.391367e-05 5.391367e-05
31 1.896626e-01 1.895946e-01 1.895946e-01 6.791836e-05 6.791836e-05
32 2.048187e-01 2.046808e-01 2.046808e-01 1.378454e-04 1.378454e-04
33 2.111875e-01 2.109993e-01 2.109993e-01 1.882100e-04 1.882100e-04
34 2.112652e-01 2.109993e-01 2.109993e-01 2.658907e-04 2.658907e-04
35 2.176817e-01 2.174667e-01 2.174667e-01 2.149286e-04 2.149286e-04
36 2.323450e-01 2.319382e-01 2.319382e-01 4.067274e-04 4.067274e-04
37 2.389357e-01 2.385492e-01 2.385492e-01 3.864995e-04 3.864995e-04
38 2.391595e-01 2.385492e-01 2.385492e-01 6.102926e-04 6.102926e-04
39 2.460611e-01 2.452832e-01 2.452832e-01 7.779489e-04 7.779489e-04
40 2.605348e-01 2.591323e-01 2.591323e-01 1.402518e-03 1.402518e-03
41 2.674238e-01 2.659497e-01 2.659497e-01 1.474120e-03 1.474120e-03
42 2.676318e-01 2.659497e-01 2.659497e-01 1.682077e-03 1.682077e-03
43 2.748558e-01 2.728643e-01 2.728643e-01 1.991561e-03 1.991561e-03
44 2.898929e-01 2.860903e-01 2.860903e-01 3.802591e-03 3.802591e-03
45 2.967746e-01 2.930352e-01 2.930352e-01 3.739338e-03 3.739338e-03
46 2.984810e-01 2.930352e-01 2.930352e-01 5.445826e-03 5.445826e-03
47 3.049994e-01 3.000517e-01 3.000517e-01 4.947708e-03 4.947708e-03
48 3.187553e-01 3.126619e-01 3.126619e-01 6.093382e-03 6.093382e-03
49 3.276277e-01 3.196634e-01 3.196634e-01 7.964272e-03 7.964272e-03
50 3.297688e-01 3.196634e-01 3.196634e-01 1.010544e-02 1.010544e-02
51 3.383102e-01 3.267126e-01 3.267126e-01 1.159758e-02 1.159758e-02
52 3.525265e-01 3.387198e-01 3.387198e-01 1.380673e-02 1.380673e-02
53 3.615386e-01 3.457155e-01 3.457155e-01 1.582303e-02 1.582303e-02
54 3.651810e-01 3.457155e-01 3.457155e-01 1.946541e-02 1.946541e-02
55 3.718912e-01 3.527372e-01 3.527372e-01 1.915400e-02 1.915400e-02
56 3.916993e-01 3.641593e-01 3.641593e-01 2.754001e-02 2.754001e-02
57 3.990872e-01 3.710960e-01 3.710960e-01 2.799124e-02 2.799124e-02
58 4.109857e-01 3.710960e-01 3.710960e-01 3.988967e-02 3.988967e-02
59 4.180306e-01 3.780392e-01 3.780392e-01 3.999139e-02 3.999139e-02
60 4.313795e-01 3.888975e-01 3.888975e-01 4.248197e-02 4.248197e-02
61 4.393884e-01 3.957305e-01 3.957305e-01 4.365793e-02 4.365793e-02
62 4.643357e-01 3.957305e-01 3.957305e-01 6.860515e-02 6.860515e-02
63 4.685843e-01 4.025532e-01 4.025532e-01 6.603108e-02 6.603108e-02
64 4.859447e-01 4.128718e-01 4.128718e-01 7.307296e-02 7.307296e-02
65 4.974978e-01 4.195645e-01 4.195645e-01 7.793328e-02 7.793328e-02
66 5.079788e-01 4.195645e-01 4.195645e-01 8.841428e-02 8.841428e-02
67 5.234299e-01 4.262328e-01 4.262328e-01 9.719716e-02 9.719716e-02
68 5.329900e-01 4.360371e-01 4.360371e-01 9.695290e-02 9.695290e-02
69 5.537925e-01 4.425606e-01 4.425606e-01 1.112319e-01 1.112319e-01
70 5.704878e-01 4.425606e-01 4.425606e-01 1.279272e-01 1.279272e-01
71 5.900659e-01 4.490480e-01 4.490480e-01 1.410179e-01 1.410179e-01
72 6.212797e-01 4.583646e-01 4.583646e-01 1.629151e-01 1.629151e-01
73 6.395487e-01 4.646967e-01 4.646967e-01 1.748520e-01 1.748520e-01
74 6.490355e-01 4.646967e-01 4.646967e-01 1.843389e-01 1.843389e-01
75 6.762845e-01 4.709833e-01 4.709833e-01 2.053012e-01 2.053012e-01
76 6.823828e-01 4.798387e-01 4.798387e-01 2.025441e-01 2.025441e-01
77 6.981644e-01 4.859631e-01 4.859631e-01 2.122013e-01 2.122013e-01
78 7.108284e-01 4.859631e-01 4.859631e-01 2.248654e-01 2.248654e-01
79 7.389516e-01 4.920347e-01 4.920347e-01 2.469169e-01 2.469169e-01
80 7.598350e-01 5.004553e-01 5.004553e-01 2.593798e-01 2.593798e-01
81 7.648883e-01 5.063607e-01 5.063607e-01 2.585275e-01 2.585275e-01
82 7.808761e-01 5.063607e-01 5.063607e-01 2.745154e-01 2.745154e-01
83 8.025770e-01 5.122080e-01 5.122080e-01 2.903689e-01 2.903689e-01
84 8.166546e-01 5.202194e-01 5.202194e-01 2.964352e-01 2.964352e-01
85 8.235181e-01 5.258991e-01 5.258991e-01 2.976189e-01 2.976189e-01
86 8.344603e-01 5.258991e-01 5.258991e-01 3.085612e-01 3.085612e-01
87 8.509448e-01 5.315169e-01 5.315169e-01 3.194279e-01 3.194279e-01
88 8.592112e-01 5.391437e-01 5.391437e-01 3.200675e-01 3.200675e-01
89 8.688824e-01 5.445944e-01 5.445944e-01 3.242880e-01 3.242880e-01
90 8.732361e-01 5.445944e-01 5.445944e-01 3.286416e-01 3.286416e-01
91 8.893084e-01 5.499807e-01 5.499807e-01 3.393277e-01 3.393277e-01
92 8.931065e-01 5.572464e-01 5.572464e-01 3.358601e-01 3.358601e-01
93 9.029430e-01 5.624679e-01 5.624679e-01 3.404751e-01 3.404751e-01
94 9.077430e-01 5.624679e-01 5.624679e-01 3.452751e-01 3.452751e-01
95 9.145121e-01 5.676235e-01 5.676235e-01 3.468885e-01 3.468885e-01
96 9.209661e-01 5.745504e-01 5.745504e-01 3.464157e-01 3.464157e-01
97 9.228593e-01 5.795446e-01 5.795446e-01 3.433148e-01 3.433148e-01
98 9.260887e-01 5.795446e-01 5.795446e-01 3.465442e-01 3.465442e-01
99 9.403883e-01 5.844725e-01 5.844725e-01 3.559158e-01 3.559158e-01
100 9.437663e-01 5.910815e-01 5.910815e-01 3.526847e-01 3.526847e-01
101 9.503863e-01 5.958522e-01 5.958522e-01 3.545341e-01 3.545341e-01
102 9.518141e-01 5.958522e-01 5.958522e-01 3.559618e-01 3.559618e-01
103 9.549273e-01 6.005570e-01 6.005570e-01 3.543702e-01 3.543702e-01
104 9.580497e-01 6.068678e-01 6.068678e-01 3.511819e-01 3.511819e-01
105 9.619098e-01 6.114203e-01 6.114203e-01 3.504894e-01 3.504894e-01
106 9.634106e-01 6.114203e-01 6.114203e-01 3.519903e-01 3.519903e-01
107 9.673034e-01 6.159079e-01 6.159079e-01 3.513955e-01 3.513955e-01
108 9.681897e-01 6.219388e-01 6.219388e-01 3.462510e-01 3.462510e-01
109 9.707646e-01 6.262794e-01 6.262794e-01 3.444852e-01 3.444852e-01
110 9.726913e-01 6.262794e-01 6.262794e-01 3.464119e-01 3.464119e-01
111 9.735787e-01 6.305564e-01 6.305564e-01 3.430223e-01 3.430223e-01
112 9.743556e-01 6.363244e-01 6.363244e-01 3.380312e-01 3.380312e-01
113 9.762093e-01 6.404602e-01 6.404602e-01 3.357491e-01 3.357491e-01
114 9.768791e-01 6.404602e-01 6.404602e-01 3.364189e-01 3.364189e-01
115 9.785491e-01 6.445341e-01 6.445341e-01 3.340150e-01 3.340150e-01
116 9.815650e-01 6.500551e-01 6.500551e-01 3.315099e-01 3.315099e-01
117 9.821684e-01 6.539935e-01 6.539935e-01 3.281749e-01 3.281749e-01
118 9.828258e-01 6.539935e-01 6.539935e-01 3.288323e-01 3.288323e-01
119 9.845632e-01 6.578722e-01 6.578722e-01 3.266910e-01 3.266910e-01
120 9.855795e-01 6.631607e-01 6.631607e-01 3.224188e-01 3.224188e-01
121 9.859367e-01 6.669097e-01 6.669097e-01 3.190270e-01 3.190270e-01
122 9.864789e-01 6.669097e-01 6.669097e-01 3.195692e-01 3.195692e-01
123 9.869039e-01 6.706011e-01 6.706011e-01 3.163028e-01 3.163028e-01
124 9.877373e-01 6.756709e-01 6.756709e-01 3.120664e-01 3.120664e-01
125 9.890842e-01 6.792384e-01 6.792384e-01 3.098458e-01 3.098458e-01
126 9.901937e-01 6.792384e-01 6.792384e-01 3.109553e-01 3.109553e-01
127 9.905945e-01 6.827505e-01 6.827505e-01 3.078440e-01 3.078440e-01
128 9.913379e-01 6.876142e-01 6.876142e-01 3.037237e-01 3.037237e-01
129 9.916498e-01 6.910082e-01 6.910082e-01 3.006417e-01 3.006417e-01
130 9.924124e-01 6.910082e-01 6.910082e-01 3.014043e-01 3.014043e-01
131 9.927239e-01 6.943491e-01 6.943491e-01 2.983747e-01 2.983747e-01
132 9.930931e-01 6.990183e-01 6.990183e-01 2.940748e-01 2.940748e-01
133 9.939563e-01 7.022467e-01 7.022467e-01 2.917095e-01 2.917095e-01
134 9.940435e-01 7.022467e-01 7.022467e-01 2.917967e-01 2.917967e-01
135 9.945138e-01 7.054245e-01 7.054245e-01 2.890893e-01 2.890893e-01
136 9.948161e-01 7.099100e-01 7.099100e-01 2.849061e-01 2.849061e-01
137 9.950348e-01 7.129806e-01 7.129806e-01 2.820543e-01 2.820543e-01
138 9.952627e-01 7.129806e-01 7.129806e-01 2.822821e-01 2.822821e-01
139 9.956671e-01 7.160029e-01 7.160029e-01 2.796642e-01 2.796642e-01
140 9.957584e-01 7.203146e-01 7.203146e-01 2.754438e-01 2.754438e-01
141 9.960798e-01 7.232350e-01 7.232350e-01 2.728447e-01 2.728447e-01
142 9.965271e-01 7.232350e-01 7.232350e-01 2.732921e-01 2.732921e-01
143 9.967321e-01 7.261094e-01 7.261094e-01 2.706226e-01 2.706226e-01
