# Hello World! This is dune-eigensolver.
# hardware number of threads is 128 number of threads used is 1
# 8 8
# Smallest eigenvalues convergence test

#  n: 28900 A.N(): 28900 br: 1
# GeneralizedSymmetricStewart:  time_total=9.231079e+00 time_factorization=9.697854e-02 time_eigendecomposition=4.900017e-02 time_matmul_dense=4.059942e-02 iterations=31

# Arpack: time_total=6.334722e+00 iterations=1

# Eigensolver elapsed time 9.231501e+00

# N= 28900 M= 144 ACCURACY= 1.000000e+00 TOL= 1.000000e-03 THRESHOLD= 9.000000e-02 ESARERROR= 6.773602e-01 ARPERROR= 1.856636e-02 ESANERROR= 0.000000e+00 TIMERATIO= 1.457286e+00 \\

## gen: stw     ARP-SMALL-TOL  ARPACK-TOL  ES-ARP-SMALL  ES-AR ERROR
00 -1.386261e-15 -1.294537e-16 -1.294537e-16 1.256807e-15 1.256807e-15
01 8.824167e-03 8.824167e-03 8.824167e-03 2.775558e-16 2.775558e-16
02 8.824167e-03 8.824167e-03 8.824167e-03 3.469447e-18 3.469447e-18
03 1.334551e-02 1.334551e-02 1.334551e-02 1.110223e-16 1.110223e-16
04 2.922491e-02 2.922491e-02 2.922491e-02 7.979728e-17 7.979728e-17
05 3.180579e-02 3.180579e-02 3.180579e-02 2.220446e-16 2.220446e-16
06 3.180579e-02 3.180579e-02 3.180579e-02 3.122502e-16 3.122502e-16
07 3.271787e-02 3.271787e-02 3.271787e-02 3.122502e-16 3.122502e-16
08 5.148734e-02 5.148734e-02 5.148734e-02 2.012279e-16 2.012279e-16
09 5.402982e-02 5.402982e-02 5.402982e-02 8.326673e-17 8.326673e-17
10 5.402982e-02 5.402982e-02 5.402982e-02 5.551115e-17 5.551115e-17
11 5.691242e-02 5.691242e-02 5.691242e-02 1.457168e-16 1.457168e-16
12 7.465499e-02 7.465499e-02 7.465499e-02 6.938894e-16 6.938894e-16
13 7.811994e-02 7.811994e-02 7.811994e-02 5.551115e-17 5.551115e-17
14 7.811994e-02 7.811994e-02 7.811994e-02 5.273559e-16 5.273559e-16
15 8.178079e-02 8.178079e-02 8.178079e-02 1.387779e-16 1.387779e-16
16 9.909065e-02 9.909065e-02 9.909065e-02 1.249001e-16 1.249001e-16
17 1.033071e-01 1.033071e-01 1.033071e-01 9.714451e-17 9.714451e-17
18 1.033071e-01 1.033071e-01 1.033071e-01 1.526557e-16 1.526557e-16
19 1.077383e-01 1.077383e-01 1.077383e-01 6.106227e-16 6.106227e-16
20 1.245339e-01 1.245339e-01 1.245339e-01 2.775558e-16 2.775558e-16
21 1.294174e-01 1.294174e-01 1.294174e-01 8.326673e-17 8.326673e-17
22 1.294174e-01 1.294174e-01 1.294174e-01 5.551115e-17 5.551115e-17
23 1.345070e-01 1.345070e-01 1.345070e-01 4.718448e-16 4.718448e-16
24 1.507634e-01 1.507634e-01 1.507634e-01 0.000000e+00 0.000000e+00
25 1.562201e-01 1.562201e-01 1.562201e-01 1.387779e-16 1.387779e-16
26 1.562201e-01 1.562201e-01 1.562201e-01 1.110223e-16 1.110223e-16
27 1.618697e-01 1.618697e-01 1.618697e-01 5.273559e-16 5.273559e-16
28 1.775528e-01 1.775528e-01 1.775528e-01 9.159340e-16 9.159340e-16
29 1.834876e-01 1.834876e-01 1.834876e-01 2.775558e-17 2.775558e-17
30 1.834876e-01 1.834876e-01 1.834876e-01 1.942890e-16 1.942890e-16
31 1.895946e-01 1.895946e-01 1.895946e-01 4.440892e-16 4.440892e-16
32 2.046808e-01 2.046808e-01 2.046808e-01 3.053113e-16 3.053113e-16
33 2.109993e-01 2.109993e-01 2.109993e-01 1.165734e-15 1.165734e-15
34 2.109993e-01 2.109993e-01 2.109993e-01 3.885781e-16 3.885781e-16
35 2.174667e-01 2.174667e-01 2.174667e-01 4.718448e-16 4.718448e-16
36 2.319382e-01 2.319382e-01 2.319382e-01 1.942890e-16 1.942890e-16
37 2.385492e-01 2.385492e-01 2.385492e-01 0.000000e+00 0.000000e+00
38 2.385492e-01 2.385492e-01 2.385492e-01 3.608225e-16 3.608225e-16
39 2.452832e-01 2.452832e-01 2.452832e-01 1.942890e-16 1.942890e-16
40 2.591323e-01 2.591323e-01 2.591323e-01 1.443290e-15 1.443290e-15
41 2.659497e-01 2.659497e-01 2.659497e-01 2.220446e-16 2.220446e-16
42 2.659497e-01 2.659497e-01 2.659497e-01 3.330669e-16 3.330669e-16
43 2.728643e-01 2.728643e-01 2.728643e-01 2.220446e-16 2.220446e-16
44 2.860903e-01 2.860903e-01 2.860903e-01 3.330669e-16 3.330669e-16
45 2.930352e-01 2.930352e-01 2.930352e-01 3.885781e-16 3.885781e-16
46 2.930352e-01 2.930352e-01 2.930352e-01 4.440892e-16 4.440892e-16
47 3.000517e-01 3.000517e-01 3.000517e-01 3.330669e-16 3.330669e-16
48 3.126619e-01 3.126619e-01 3.126619e-01 3.885781e-16 3.885781e-16
49 3.196634e-01 3.196634e-01 3.196634e-01 9.992007e-16 9.992007e-16
50 3.196634e-01 3.196634e-01 3.196634e-01 3.885781e-16 3.885781e-16
51 3.267126e-01 3.267126e-01 3.267126e-01 7.771561e-16 7.771561e-16
52 3.387198e-01 3.387198e-01 3.387198e-01 3.330669e-16 3.330669e-16
53 3.457155e-01 3.457155e-01 3.457155e-01 9.436896e-16 9.436896e-16
54 3.457155e-01 3.457155e-01 3.457155e-01 1.443290e-15 1.443290e-15
55 3.527372e-01 3.527372e-01 3.527372e-01 2.553513e-15 2.553513e-15
56 3.641593e-01 3.641593e-01 3.641593e-01 1.831868e-15 1.831868e-15
57 3.710960e-01 3.710960e-01 3.710960e-01 0.000000e+00 0.000000e+00
58 3.710960e-01 3.710960e-01 3.710960e-01 5.551115e-16 5.551115e-16
59 3.780392e-01 3.780392e-01 3.780392e-01 5.551115e-17 5.551115e-17
60 3.888975e-01 3.888975e-01 3.888975e-01 8.881784e-16 8.881784e-16
61 3.957305e-01 3.957305e-01 3.957305e-01 9.436896e-16 9.436896e-16
62 3.957305e-01 3.957305e-01 3.957305e-01 2.109424e-15 2.109424e-15
63 4.025532e-01 4.025532e-01 4.025532e-01 3.330669e-16 3.330669e-16
64 4.128718e-01 4.128718e-01 4.128718e-01 4.996004e-16 4.996004e-16
65 4.195645e-01 4.195645e-01 4.195645e-01 9.992007e-16 9.992007e-16
66 4.195645e-01 4.195645e-01 4.195645e-01 8.881784e-16 8.881784e-16
67 4.262328e-01 4.262328e-01 4.262328e-01 5.218048e-15 5.218048e-15
68 4.360371e-01 4.360371e-01 4.360371e-01 2.886580e-15 2.886580e-15
69 4.425606e-01 4.425606e-01 4.425606e-01 5.107026e-15 5.107026e-15
70 4.425606e-01 4.425606e-01 4.425606e-01 1.665335e-14 1.665335e-14
71 4.490480e-01 4.490480e-01 4.490480e-01 2.003397e-13 2.003397e-13
72 4.583646e-01 4.583646e-01 4.583646e-01 8.143486e-14 8.143486e-14
73 4.646967e-01 4.646967e-01 4.646967e-01 2.538525e-13 2.538525e-13
74 4.646967e-01 4.646967e-01 4.646967e-01 2.693401e-13 2.693401e-13
75 4.709833e-01 4.709833e-01 4.709833e-01 2.983724e-13 2.983724e-13
76 4.798387e-01 4.798387e-01 4.798387e-01 1.917022e-12 1.917022e-12
77 4.859631e-01 4.859631e-01 4.859631e-01 2.371714e-12 2.371714e-12
78 4.859631e-01 4.859631e-01 4.859631e-01 4.236778e-12 4.236778e-12
79 4.920347e-01 4.920347e-01 4.920347e-01 5.316192e-12 5.316192e-12
80 5.004553e-01 5.004553e-01 5.004553e-01 4.271117e-11 4.271117e-11
81 5.063607e-01 5.063607e-01 5.063607e-01 3.446332e-11 3.446332e-11
82 5.063607e-01 5.063607e-01 5.063607e-01 8.387691e-11 8.387691e-11
83 5.122080e-01 5.122080e-01 5.122080e-01 2.201148e-10 2.201148e-10
84 5.202194e-01 5.202194e-01 5.202194e-01 1.702576e-10 1.702576e-10
85 5.258991e-01 5.258991e-01 5.258991e-01 5.314402e-10 5.314402e-10
86 5.258991e-01 5.258991e-01 5.258991e-01 6.064547e-10 6.064547e-10
87 5.315169e-01 5.315169e-01 5.315169e-01 6.684650e-10 6.684650e-10
88 5.391437e-01 5.391437e-01 5.391437e-01 2.806867e-09 2.806867e-09
89 5.445944e-01 5.445944e-01 5.445944e-01 1.728497e-09 1.728497e-09
90 5.445944e-01 5.445944e-01 5.445944e-01 3.847780e-09 3.847780e-09
91 5.499807e-01 5.499807e-01 5.499807e-01 9.125847e-09 9.125847e-09
92 5.572465e-01 5.572464e-01 5.572464e-01 1.206820e-08 1.206820e-08
93 5.624679e-01 5.624679e-01 5.624679e-01 2.365306e-08 2.365306e-08
94 5.624679e-01 5.624679e-01 5.624679e-01 4.832631e-08 4.832631e-08
95 5.676236e-01 5.676235e-01 5.676235e-01 6.379205e-08 6.379205e-08
96 5.745505e-01 5.745504e-01 5.745504e-01 1.220629e-07 1.220629e-07
97 5.795446e-01 5.795446e-01 5.795446e-01 5.578147e-08 5.578147e-08
98 5.795450e-01 5.795446e-01 5.795446e-01 4.752457e-07 4.752457e-07
99 5.844727e-01 5.844725e-01 5.844725e-01 2.343871e-07 2.343871e-07
100 5.910818e-01 5.910815e-01 5.910815e-01 3.278084e-07 3.278084e-07
101 5.958528e-01 5.958522e-01 5.958522e-01 6.122285e-07 6.122285e-07
102 5.958552e-01 5.958522e-01 5.958522e-01 2.985060e-06 2.985060e-06
103 6.005576e-01 6.005570e-01 6.005570e-01 5.862586e-07 5.862586e-07
104 6.068694e-01 6.068678e-01 6.068678e-01 1.594014e-06 1.594014e-06
105 6.114219e-01 6.114203e-01 6.114203e-01 1.618268e-06 1.618268e-06
106 6.114223e-01 6.114203e-01 6.114203e-01 2.018761e-06 2.018761e-06
107 6.159130e-01 6.159079e-01 6.159079e-01 5.143181e-06 5.143181e-06
108 6.219418e-01 6.219388e-01 6.219388e-01 3.059956e-06 3.059956e-06
109 6.262876e-01 6.262794e-01 6.262794e-01 8.196174e-06 8.196174e-06
110 6.262997e-01 6.262794e-01 6.262794e-01 2.037438e-05 2.037438e-05
111 6.305860e-01 6.305564e-01 6.305564e-01 2.958343e-05 2.958343e-05
112 6.363597e-01 6.363244e-01 6.363244e-01 3.533449e-05 3.533449e-05
113 6.404783e-01 6.404602e-01 6.404602e-01 1.811586e-05 1.811586e-05
114 6.405215e-01 6.404602e-01 6.404602e-01 6.133955e-05 6.133955e-05
115 6.446248e-01 6.445341e-01 6.445341e-01 9.067182e-05 9.067182e-05
116 6.501420e-01 6.500551e-01 6.500551e-01 8.690174e-05 8.690174e-05
117 6.540368e-01 6.539935e-01 6.539935e-01 4.322785e-05 4.322785e-05
118 6.540993e-01 6.539935e-01 6.539935e-01 1.057316e-04 1.057316e-04
119 6.579703e-01 6.578722e-01 6.578722e-01 9.812187e-05 9.812187e-05
120 6.634021e-01 6.631607e-01 6.631607e-01 2.413985e-04 2.413985e-04
121 6.671027e-01 6.669097e-01 6.669097e-01 1.929500e-04 1.929500e-04
122 6.672025e-01 6.669097e-01 6.669097e-01 2.927244e-04 2.927244e-04
123 6.709979e-01 6.706011e-01 6.706011e-01 3.967963e-04 3.967963e-04
124 6.763890e-01 6.756709e-01 6.756709e-01 7.180884e-04 7.180884e-04
125 6.800216e-01 6.792384e-01 6.792384e-01 7.832200e-04 7.832200e-04
126 6.815233e-01 6.792384e-01 6.792384e-01 2.284878e-03 2.284878e-03
127 6.842237e-01 6.827505e-01 6.827505e-01 1.473209e-03 1.473209e-03
128 6.886162e-01 6.876142e-01 6.876142e-01 1.002020e-03 1.002020e-03
129 6.918935e-01 6.910082e-01 6.910082e-01 8.853327e-04 8.853327e-04
130 6.936341e-01 6.910082e-01 6.910082e-01 2.625932e-03 2.625932e-03
131 6.967273e-01 6.943491e-01 6.943491e-01 2.378142e-03 2.378142e-03
132 7.038193e-01 6.990183e-01 6.990183e-01 4.800967e-03 4.800967e-03
133 7.056833e-01 7.022467e-01 7.022467e-01 3.436513e-03 3.436513e-03
134 7.092333e-01 7.022467e-01 7.022467e-01 6.986586e-03 6.986586e-03
135 7.115979e-01 7.054245e-01 7.054245e-01 6.173420e-03 6.173420e-03
136 7.171732e-01 7.099100e-01 7.099100e-01 7.263255e-03 7.263255e-03
137 7.196324e-01 7.129806e-01 7.129806e-01 6.651848e-03 6.651848e-03
138 7.197965e-01 7.129806e-01 7.129806e-01 6.815867e-03 6.815867e-03
139 7.285709e-01 7.160029e-01 7.160029e-01 1.256806e-02 1.256806e-02
140 7.303868e-01 7.203146e-01 7.203146e-01 1.007212e-02 1.007212e-02
141 7.338275e-01 7.232350e-01 7.232350e-01 1.059247e-02 1.059247e-02
142 7.394460e-01 7.232350e-01 7.232350e-01 1.621096e-02 1.621096e-02
143 7.446758e-01 7.261094e-01 7.261094e-01 1.856636e-02 1.856636e-02
