# Hello World! This is dune-eigensolver.
# hardware number of threads is 128 number of threads used is 1
# 8 8
# Smallest eigenvalues convergence test

#  n: 28900 A.N(): 28900 br: 1
# GeneralizedInverse:  time_total=3.154342e+00 time_factorization=9.762187e-02 iterations=12

# Arpack: time_total=6.348811e+00 iterations=1

# Eigensolver elapsed time 3.157403e+00

# N= 28900 M= 144 ACCURACY= 5.000000e-01 TOL= 1.000000e-01 THRESHOLD= 9.000000e-02 ESARERROR= 7.848972e-01 ARPERROR= 1.261034e-01 ESANERROR= 0.000000e+00 TIMERATIO= 4.973219e-01 \\

## gen: ftw     ARP-SMALL-TOL  ARPACK-TOL  ES-ARP-SMALL  ES-AR ERROR
00 -1.691355e-17 -1.294537e-16 -1.294537e-16 1.125402e-16 1.125402e-16
01 8.824175e-03 8.824167e-03 8.824167e-03 7.908711e-09 7.908711e-09
02 8.824447e-03 8.824167e-03 8.824167e-03 2.799666e-07 2.799666e-07
03 1.334522e-02 1.334551e-02 1.334551e-02 2.873723e-07 2.873723e-07
04 2.951433e-02 2.922491e-02 2.922491e-02 2.894175e-04 2.894175e-04
05 3.165502e-02 3.180579e-02 3.180579e-02 1.507717e-04 1.507717e-04
06 3.201271e-02 3.180579e-02 3.180579e-02 2.069211e-04 2.069211e-04
07 3.238071e-02 3.271787e-02 3.271787e-02 3.371564e-04 3.371564e-04
08 5.277288e-02 5.148734e-02 5.148734e-02 1.285541e-03 1.285541e-03
09 5.366835e-02 5.402982e-02 5.402982e-02 3.614689e-04 3.614689e-04
10 5.490494e-02 5.402982e-02 5.402982e-02 8.751185e-04 8.751185e-04
11 5.513291e-02 5.691242e-02 5.691242e-02 1.779501e-03 1.779501e-03
12 7.498427e-02 7.465499e-02 7.465499e-02 3.292811e-04 3.292811e-04
13 7.854101e-02 7.811994e-02 7.811994e-02 4.210784e-04 4.210784e-04
14 7.868062e-02 7.811994e-02 7.811994e-02 5.606849e-04 5.606849e-04
15 8.520665e-02 8.178079e-02 8.178079e-02 3.425857e-03 3.425857e-03
16 9.884351e-02 9.909065e-02 9.909065e-02 2.471455e-04 2.471455e-04
17 1.004439e-01 1.033071e-01 1.033071e-01 2.863234e-03 2.863234e-03
18 1.030822e-01 1.033071e-01 1.033071e-01 2.249527e-04 2.249527e-04
19 1.130517e-01 1.077383e-01 1.077383e-01 5.313394e-03 5.313394e-03
20 1.259488e-01 1.245339e-01 1.245339e-01 1.414864e-03 1.414864e-03
21 1.277301e-01 1.294174e-01 1.294174e-01 1.687300e-03 1.687300e-03
22 1.309176e-01 1.294174e-01 1.294174e-01 1.500274e-03 1.500274e-03
23 1.359619e-01 1.345070e-01 1.345070e-01 1.454918e-03 1.454918e-03
24 1.445043e-01 1.507634e-01 1.507634e-01 6.259151e-03 6.259151e-03
25 1.561379e-01 1.562201e-01 1.562201e-01 8.219605e-05 8.219605e-05
26 1.644905e-01 1.562201e-01 1.562201e-01 8.270317e-03 8.270317e-03
27 1.660459e-01 1.618697e-01 1.618697e-01 4.176274e-03 4.176274e-03
28 1.739418e-01 1.775528e-01 1.775528e-01 3.610923e-03 3.610923e-03
29 1.792745e-01 1.834876e-01 1.834876e-01 4.213088e-03 4.213088e-03
30 1.973690e-01 1.834876e-01 1.834876e-01 1.388139e-02 1.388139e-02
31 1.974477e-01 1.895946e-01 1.895946e-01 7.853031e-03 7.853031e-03
32 1.994874e-01 2.046808e-01 2.046808e-01 5.193437e-03 5.193437e-03
33 2.025332e-01 2.109993e-01 2.109993e-01 8.466095e-03 8.466095e-03
34 2.137787e-01 2.109993e-01 2.109993e-01 2.779415e-03 2.779415e-03
35 2.195990e-01 2.174667e-01 2.174667e-01 2.132271e-03 2.132271e-03
36 2.306131e-01 2.319382e-01 2.319382e-01 1.325093e-03 1.325093e-03
37 2.373481e-01 2.385492e-01 2.385492e-01 1.201114e-03 1.201114e-03
38 2.403637e-01 2.385492e-01 2.385492e-01 1.814542e-03 1.814542e-03
39 2.417844e-01 2.452832e-01 2.452832e-01 3.498773e-03 3.498773e-03
40 2.556093e-01 2.591323e-01 2.591323e-01 3.522970e-03 3.522970e-03
41 2.663402e-01 2.659497e-01 2.659497e-01 3.904810e-04 3.904810e-04
42 2.685106e-01 2.659497e-01 2.659497e-01 2.560908e-03 2.560908e-03
43 2.785539e-01 2.728643e-01 2.728643e-01 5.689658e-03 5.689658e-03
44 2.883743e-01 2.860903e-01 2.860903e-01 2.284054e-03 2.284054e-03
45 2.949230e-01 2.930352e-01 2.930352e-01 1.887779e-03 1.887779e-03
46 2.955063e-01 2.930352e-01 2.930352e-01 2.471058e-03 2.471058e-03
47 3.011780e-01 3.000517e-01 3.000517e-01 1.126325e-03 1.126325e-03
48 3.028076e-01 3.126619e-01 3.126619e-01 9.854325e-03 9.854325e-03
49 3.302466e-01 3.196634e-01 3.196634e-01 1.058321e-02 1.058321e-02
50 3.329844e-01 3.196634e-01 3.196634e-01 1.332103e-02 1.332103e-02
51 3.385788e-01 3.267126e-01 3.267126e-01 1.186627e-02 1.186627e-02
52 3.403553e-01 3.387198e-01 3.387198e-01 1.635508e-03 1.635508e-03
53 3.511176e-01 3.457155e-01 3.457155e-01 5.402051e-03 5.402051e-03
54 3.569239e-01 3.457155e-01 3.457155e-01 1.120831e-02 1.120831e-02
55 3.611057e-01 3.527372e-01 3.527372e-01 8.368527e-03 8.368527e-03
56 3.660447e-01 3.641593e-01 3.641593e-01 1.885404e-03 1.885404e-03
57 3.700292e-01 3.710960e-01 3.710960e-01 1.066799e-03 1.066799e-03
58 3.727340e-01 3.710960e-01 3.710960e-01 1.638018e-03 1.638018e-03
59 3.759368e-01 3.780392e-01 3.780392e-01 2.102493e-03 2.102493e-03
60 3.866545e-01 3.888975e-01 3.888975e-01 2.243051e-03 2.243051e-03
61 3.998813e-01 3.957305e-01 3.957305e-01 4.150839e-03 4.150839e-03
62 4.029102e-01 3.957305e-01 3.957305e-01 7.179693e-03 7.179693e-03
63 4.038678e-01 4.025532e-01 4.025532e-01 1.314583e-03 1.314583e-03
64 4.066569e-01 4.128718e-01 4.128718e-01 6.214821e-03 6.214821e-03
65 4.215549e-01 4.195645e-01 4.195645e-01 1.990387e-03 1.990387e-03
66 4.246568e-01 4.195645e-01 4.195645e-01 5.092313e-03 5.092313e-03
67 4.267769e-01 4.262328e-01 4.262328e-01 5.440721e-04 5.440721e-04
68 4.313696e-01 4.360371e-01 4.360371e-01 4.667590e-03 4.667590e-03
69 4.479445e-01 4.425606e-01 4.425606e-01 5.383886e-03 5.383886e-03
70 4.546230e-01 4.425606e-01 4.425606e-01 1.206239e-02 1.206239e-02
71 4.582031e-01 4.490480e-01 4.490480e-01 9.155069e-03 9.155069e-03
72 4.598033e-01 4.583646e-01 4.583646e-01 1.438659e-03 1.438659e-03
73 4.652070e-01 4.646967e-01 4.646967e-01 5.103638e-04 5.103638e-04
74 4.697733e-01 4.646967e-01 4.646967e-01 5.076587e-03 5.076587e-03
75 4.703592e-01 4.709833e-01 4.709833e-01 6.240792e-04 6.240792e-04
76 4.772554e-01 4.798387e-01 4.798387e-01 2.583344e-03 2.583344e-03
77 4.779943e-01 4.859631e-01 4.859631e-01 7.968761e-03 7.968761e-03
78 4.932923e-01 4.859631e-01 4.859631e-01 7.329207e-03 7.329207e-03
79 4.978450e-01 4.920347e-01 4.920347e-01 5.810318e-03 5.810318e-03
80 5.041277e-01 5.004553e-01 5.004553e-01 3.672438e-03 3.672438e-03
81 5.134723e-01 5.063607e-01 5.063607e-01 7.111591e-03 7.111591e-03
82 5.153843e-01 5.063607e-01 5.063607e-01 9.023526e-03 9.023526e-03
83 5.189104e-01 5.122080e-01 5.122080e-01 6.702390e-03 6.702390e-03
84 5.244202e-01 5.202194e-01 5.202194e-01 4.200766e-03 4.200766e-03
85 5.400605e-01 5.258991e-01 5.258991e-01 1.416140e-02 1.416140e-02
86 5.452252e-01 5.258991e-01 5.258991e-01 1.932604e-02 1.932604e-02
87 5.492776e-01 5.315169e-01 5.315169e-01 1.776066e-02 1.776066e-02
88 5.524354e-01 5.391437e-01 5.391437e-01 1.329169e-02 1.329169e-02
89 5.533987e-01 5.445944e-01 5.445944e-01 8.804225e-03 8.804225e-03
90 5.577547e-01 5.445944e-01 5.445944e-01 1.316031e-02 1.316031e-02
91 5.710991e-01 5.499807e-01 5.499807e-01 2.111839e-02 2.111839e-02
92 5.740668e-01 5.572464e-01 5.572464e-01 1.682034e-02 1.682034e-02
93 5.741745e-01 5.624679e-01 5.624679e-01 1.170664e-02 1.170664e-02
94 5.756937e-01 5.624679e-01 5.624679e-01 1.322583e-02 1.322583e-02
95 5.759572e-01 5.676235e-01 5.676235e-01 8.333679e-03 8.333679e-03
96 5.799221e-01 5.745504e-01 5.745504e-01 5.371676e-03 5.371676e-03
97 5.839276e-01 5.795446e-01 5.795446e-01 4.382996e-03 4.382996e-03
98 5.850532e-01 5.795446e-01 5.795446e-01 5.508639e-03 5.508639e-03
99 5.935331e-01 5.844725e-01 5.844725e-01 9.060577e-03 9.060577e-03
100 5.989196e-01 5.910815e-01 5.910815e-01 7.838107e-03 7.838107e-03
101 6.078932e-01 5.958522e-01 5.958522e-01 1.204101e-02 1.204101e-02
102 6.121332e-01 5.958522e-01 5.958522e-01 1.628096e-02 1.628096e-02
103 6.177368e-01 6.005570e-01 6.005570e-01 1.717976e-02 1.717976e-02
104 6.195877e-01 6.068678e-01 6.068678e-01 1.271992e-02 1.271992e-02
105 6.385055e-01 6.114203e-01 6.114203e-01 2.708521e-02 2.708521e-02
106 6.422021e-01 6.114203e-01 6.114203e-01 3.078176e-02 3.078176e-02
107 6.468169e-01 6.159079e-01 6.159079e-01 3.090904e-02 3.090904e-02
108 6.483562e-01 6.219388e-01 6.219388e-01 2.641745e-02 2.641745e-02
109 6.567672e-01 6.262794e-01 6.262794e-01 3.048785e-02 3.048785e-02
110 6.713438e-01 6.262794e-01 6.262794e-01 4.506441e-02 4.506441e-02
111 6.794349e-01 6.305564e-01 6.305564e-01 4.887850e-02 4.887850e-02
112 6.833191e-01 6.363244e-01 6.363244e-01 4.699468e-02 4.699468e-02
113 6.841752e-01 6.404602e-01 6.404602e-01 4.371502e-02 4.371502e-02
114 6.873260e-01 6.404602e-01 6.404602e-01 4.686577e-02 4.686577e-02
115 6.921508e-01 6.445341e-01 6.445341e-01 4.761663e-02 4.761663e-02
116 7.008185e-01 6.500551e-01 6.500551e-01 5.076343e-02 5.076343e-02
117 7.083863e-01 6.539935e-01 6.539935e-01 5.439279e-02 5.439279e-02
118 7.099015e-01 6.539935e-01 6.539935e-01 5.590795e-02 5.590795e-02
119 7.156790e-01 6.578722e-01 6.578722e-01 5.780679e-02 5.780679e-02
120 7.162991e-01 6.631607e-01 6.631607e-01 5.313834e-02 5.313834e-02
121 7.245184e-01 6.669097e-01 6.669097e-01 5.760871e-02 5.760871e-02
122 7.253630e-01 6.669097e-01 6.669097e-01 5.845326e-02 5.845326e-02
123 7.336470e-01 6.706011e-01 6.706011e-01 6.304595e-02 6.304595e-02
124 7.382557e-01 6.756709e-01 6.756709e-01 6.258483e-02 6.258483e-02
125 7.658785e-01 6.792384e-01 6.792384e-01 8.664013e-02 8.664013e-02
126 7.719560e-01 6.792384e-01 6.792384e-01 9.271759e-02 9.271759e-02
127 7.772333e-01 6.827505e-01 6.827505e-01 9.448283e-02 9.448283e-02
128 7.803579e-01 6.876142e-01 6.876142e-01 9.274374e-02 9.274374e-02
129 7.852499e-01 6.910082e-01 6.910082e-01 9.424177e-02 9.424177e-02
130 7.989795e-01 6.910082e-01 6.910082e-01 1.079713e-01 1.079713e-01
131 8.045932e-01 6.943491e-01 6.943491e-01 1.102440e-01 1.102440e-01
132 8.059658e-01 6.990183e-01 6.990183e-01 1.069475e-01 1.069475e-01
133 8.061023e-01 7.022467e-01 7.022467e-01 1.038556e-01 1.038556e-01
134 8.140510e-01 7.022467e-01 7.022467e-01 1.118043e-01 1.118043e-01
135 8.150305e-01 7.054245e-01 7.054245e-01 1.096060e-01 1.096060e-01
136 8.196794e-01 7.099100e-01 7.099100e-01 1.097694e-01 1.097694e-01
137 8.210138e-01 7.129806e-01 7.129806e-01 1.080332e-01 1.080332e-01
138 8.323373e-01 7.129806e-01 7.129806e-01 1.193567e-01 1.193567e-01
139 8.356810e-01 7.160029e-01 7.160029e-01 1.196781e-01 1.196781e-01
140 8.391076e-01 7.203146e-01 7.203146e-01 1.187930e-01 1.187930e-01
141 8.442607e-01 7.232350e-01 7.232350e-01 1.210257e-01 1.210257e-01
142 8.491302e-01 7.232350e-01 7.232350e-01 1.258952e-01 1.258952e-01
143 8.522128e-01 7.261094e-01 7.261094e-01 1.261034e-01 1.261034e-01
