# Hello World! This is dune-eigensolver.
# hardware number of threads is 128 number of threads used is 1
# 8 8
# Smallest eigenvalues convergence test

#  n: 67600 A.N(): 67600 br: 1
# GeneralizedInverse:  time_total=4.432014e+02 time_factorization=3.219120e-01 iterations=716

# Arpack: time_total=1.556506e+01 iterations=1

# Eigensolver elapsed time 4.432044e+02

# N=67600 M=144 ACCURACY=7.500000e-01 TOL=2.000000e-04 THRESHOLD=9.000000e-02 ESARERROR=5.265889e-01 ARPERROR=2.541994e-05 ESANERROR=1.387779e-15 TIMERATIO= 2.847432e+01 \\

## gen: ftw     ARP-SMALL-TOL  ARPACK-TOL  ES-ARP-SMALL  ES-AR ERROR
00 1.340941e-15 -1.025655e-16 -1.027824e-16 1.443507e-15 1.443724e-15
01 5.604527e-03 5.604527e-03 5.604527e-03 4.770490e-17 5.898060e-17
02 5.604527e-03 5.604527e-03 5.604527e-03 6.938894e-17 7.025630e-17
03 8.364570e-03 8.364570e-03 8.364570e-03 3.191891e-16 3.226586e-16
04 1.867846e-02 1.867846e-02 1.867846e-02 4.024558e-16 4.198031e-16
05 1.998226e-02 1.998226e-02 1.998226e-02 2.937522e-10 2.937523e-10
06 1.998228e-02 1.998226e-02 1.998226e-02 2.526486e-08 2.526486e-08
07 2.019287e-02 2.019289e-02 2.019289e-02 2.555862e-08 2.555862e-08
08 3.249102e-02 3.249102e-02 3.249102e-02 4.163336e-16 4.093947e-16
09 3.360925e-02 3.360925e-02 3.360925e-02 4.996004e-16 5.620504e-16
10 3.360925e-02 3.360925e-02 3.360925e-02 5.689893e-16 5.759282e-16
11 3.488629e-02 3.488629e-02 3.488629e-02 4.510281e-16 4.510281e-16
12 4.663988e-02 4.663988e-02 4.663988e-02 4.649059e-16 5.689893e-16
13 4.820242e-02 4.820242e-02 4.820242e-02 4.232725e-16 4.857226e-16
14 4.820242e-02 4.820242e-02 4.820242e-02 5.065393e-16 6.938894e-16
15 4.983381e-02 4.983381e-02 4.983381e-02 5.967449e-16 5.065393e-16
16 6.142594e-02 6.142594e-02 6.142594e-02 3.816392e-16 3.955170e-16
17 6.335507e-02 6.335507e-02 6.335507e-02 5.828671e-16 6.245005e-16
18 6.335507e-02 6.335507e-02 6.335507e-02 6.245005e-16 5.551115e-16
19 6.536816e-02 6.536816e-02 6.536816e-02 5.967449e-16 5.273559e-16
20 7.676862e-02 7.676862e-02 7.676862e-02 1.804112e-16 1.387779e-17
21 7.904383e-02 7.904383e-02 7.904383e-02 4.024558e-16 5.412337e-16
22 7.904383e-02 7.904383e-02 7.904383e-02 2.775558e-16 5.689893e-16
23 8.140616e-02 8.140616e-02 8.140616e-02 4.302114e-16 4.024558e-16
24 9.261371e-02 9.261371e-02 9.261371e-02 1.387779e-17 6.938894e-17
25 9.521091e-02 9.521091e-02 9.521091e-02 4.579670e-16 4.440892e-16
26 9.521091e-02 9.521091e-02 9.521091e-02 5.134781e-16 5.689893e-16
27 9.789732e-02 9.789732e-02 9.789732e-02 3.469447e-16 2.775558e-16
28 1.089021e-01 1.089021e-01 1.089021e-01 6.938894e-17 6.938894e-17
29 1.117968e-01 1.117968e-01 1.117968e-01 4.163336e-16 3.885781e-16
30 1.117968e-01 1.117968e-01 1.117968e-01 4.024558e-16 3.608225e-16
31 1.147802e-01 1.147802e-01 1.147802e-01 4.579670e-16 2.775558e-17
32 1.255726e-01 1.255726e-01 1.255726e-01 1.942890e-16 3.608225e-16
33 1.287399e-01 1.287399e-01 1.287399e-01 3.608225e-16 1.110223e-16
34 1.287399e-01 1.287399e-01 1.287399e-01 3.885781e-16 1.110223e-16
35 1.319938e-01 1.319938e-01 1.319938e-01 2.498002e-16 3.885781e-16
36 1.425633e-01 1.425633e-01 1.425633e-01 5.551115e-17 3.053113e-16
37 1.459774e-01 1.459774e-01 1.459774e-01 4.718448e-16 5.551115e-17
38 1.459774e-01 1.459774e-01 1.459774e-01 4.440892e-16 2.220446e-16
39 1.494745e-01 1.494745e-01 1.494745e-01 0.000000e+00 8.326673e-17
40 1.598118e-01 1.598118e-01 1.598118e-01 1.110223e-16 5.273559e-16
41 1.634468e-01 1.634468e-01 1.634468e-01 2.498002e-16 4.718448e-16
42 1.634468e-01 1.634468e-01 1.634468e-01 2.775558e-16 2.775558e-16
43 1.671603e-01 1.671603e-01 1.671603e-01 8.604228e-16 6.661338e-16
44 1.772567e-01 1.772567e-01 1.772567e-01 2.775558e-16 3.885781e-16
45 1.810866e-01 1.810866e-01 1.810866e-01 4.440892e-16 4.440892e-16
46 1.810866e-01 1.810866e-01 1.810866e-01 6.633583e-15 6.411538e-15
47 1.849893e-01 1.849893e-01 1.849893e-01 7.133183e-15 7.466250e-15
48 1.948380e-01 1.948380e-01 1.948380e-01 9.714451e-16 1.110223e-15
49 1.988370e-01 1.988370e-01 1.988370e-01 2.498002e-16 6.938894e-16
50 1.988370e-01 1.988370e-01 1.988370e-01 8.326673e-17 2.775558e-16
51 2.029026e-01 2.029026e-01 2.029026e-01 2.248202e-15 1.942890e-15
52 2.124980e-01 2.124980e-01 2.124980e-01 1.512679e-14 1.523781e-14
53 2.166407e-01 2.166407e-01 2.166407e-01 7.938095e-15 8.493206e-15
54 2.166407e-01 2.166407e-01 2.166407e-01 8.443246e-14 8.457124e-14
55 2.208433e-01 2.208433e-01 2.208433e-01 9.017787e-14 9.037215e-14
56 2.301815e-01 2.301815e-01 2.301815e-01 1.695866e-14 1.662559e-14
57 2.344434e-01 2.344434e-01 2.344434e-01 1.423861e-14 1.468270e-14
58 2.344434e-01 2.344434e-01 2.344434e-01 1.670886e-13 1.667833e-13
59 2.387584e-01 2.387584e-01 2.387584e-01 1.699474e-13 1.695311e-13
60 2.478370e-01 2.478370e-01 2.478370e-01 3.230194e-13 3.233525e-13
61 2.521946e-01 2.521946e-01 2.521946e-01 2.920442e-13 2.920442e-13
62 2.521946e-01 2.521946e-01 2.521946e-01 3.785861e-14 3.791412e-14
63 2.565981e-01 2.565981e-01 2.565981e-01 6.905587e-14 6.900036e-14
64 2.654163e-01 2.654163e-01 2.654163e-01 3.425038e-13 3.421707e-13
65 2.698472e-01 2.698472e-01 2.698472e-01 2.096656e-13 2.100542e-13
66 2.698472e-01 2.698472e-01 2.698472e-01 5.956347e-14 5.989653e-14
67 2.743170e-01 2.743170e-01 2.743170e-01 7.382983e-14 7.366330e-14
68 2.828752e-01 2.828752e-01 2.828752e-01 7.216450e-13 7.222001e-13
69 2.873583e-01 2.873583e-01 2.873583e-01 2.235989e-13 2.239320e-13
70 2.873583e-01 2.873583e-01 2.873583e-01 9.492407e-15 9.880985e-15
71 2.918735e-01 2.918735e-01 2.918735e-01 4.905520e-13 4.911072e-13
72 3.001736e-01 3.001736e-01 3.001736e-01 2.018215e-10 2.018223e-10
73 3.046893e-01 3.046893e-01 3.046893e-01 1.851612e-10 1.851611e-10
74 3.046893e-01 3.046893e-01 3.046893e-01 1.531320e-11 1.531336e-11
75 3.092304e-01 3.092304e-01 3.092304e-01 1.348810e-12 1.348199e-12
76 3.172753e-01 3.172753e-01 3.172753e-01 5.000111e-12 5.000167e-12
77 3.218056e-01 3.218056e-01 3.218056e-01 1.674438e-12 1.673495e-12
78 3.218056e-01 3.218056e-01 3.218056e-01 4.204476e-11 4.204548e-11
79 3.263550e-01 3.263550e-01 3.263550e-01 4.871853e-11 4.871770e-11
80 3.341484e-01 3.341484e-01 3.341484e-01 1.374455e-10 1.374459e-10
81 3.386768e-01 3.386768e-01 3.386768e-01 1.313028e-10 1.313034e-10
82 3.386768e-01 3.386768e-01 3.386768e-01 1.545841e-11 1.545802e-11
83 3.432182e-01 3.432182e-01 3.432182e-01 2.159994e-11 2.159978e-11
84 3.507650e-01 3.507650e-01 3.507650e-01 5.505596e-13 5.497269e-13
85 3.552764e-01 3.552764e-01 3.552764e-01 5.121348e-12 5.121903e-12
86 3.552764e-01 3.552764e-01 3.552764e-01 2.597494e-11 2.597444e-11
87 3.597955e-01 3.597955e-01 3.597955e-01 3.164419e-11 3.164485e-11
88 3.671009e-01 3.671009e-01 3.671009e-01 8.936919e-10 8.936922e-10
89 3.715821e-01 3.715821e-01 3.715821e-01 3.951154e-10 3.951168e-10
90 3.715821e-01 3.715821e-01 3.715821e-01 1.173396e-09 1.173395e-09
91 3.760657e-01 3.760657e-01 3.760657e-01 1.671969e-09 1.671968e-09
92 3.831491e-01 3.831358e-01 3.831358e-01 1.328015e-05 1.328015e-05
93 3.875615e-01 3.875748e-01 3.875748e-01 1.328006e-05 1.328006e-05
94 3.875748e-01 3.875748e-01 3.875748e-01 3.445830e-10 3.445824e-10
95 3.920116e-01 3.920116e-01 3.920116e-01 3.761801e-10 3.761792e-10
96 3.988528e-01 3.988528e-01 3.988528e-01 3.661358e-09 3.661358e-09
97 4.032392e-01 4.032392e-01 4.032392e-01 2.064006e-09 2.064006e-09
98 4.032392e-01 4.032392e-01 4.032392e-01 1.573579e-09 1.573578e-09
99 4.076193e-01 4.076193e-01 4.076193e-01 5.630252e-11 5.630252e-11
100 4.142382e-01 4.142382e-01 4.142382e-01 9.726350e-10 9.726345e-10
101 4.185629e-01 4.185629e-01 4.185629e-01 3.304866e-09 3.304866e-09
102 4.185629e-01 4.185629e-01 4.185629e-01 5.662457e-09 5.662458e-09
103 4.228776e-01 4.228776e-01 4.228776e-01 9.968494e-09 9.968493e-09
104 4.292813e-01 4.292813e-01 4.292813e-01 1.341741e-09 1.341741e-09
105 4.335367e-01 4.335367e-01 4.335367e-01 3.317267e-09 3.317268e-09
106 4.335368e-01 4.335367e-01 4.335367e-01 1.542188e-07 1.542188e-07
107 4.377785e-01 4.377787e-01 4.377787e-01 1.588754e-07 1.588754e-07
108 4.439743e-01 4.439743e-01 4.439743e-01 1.917540e-10 1.917529e-10
109 4.481537e-01 4.481537e-01 4.481537e-01 2.733562e-09 2.733563e-09
110 4.481537e-01 4.481537e-01 4.481537e-01 1.236254e-08 1.236254e-08
111 4.523169e-01 4.523169e-01 4.523169e-01 1.527881e-08 1.527881e-08
112 4.583118e-01 4.583115e-01 4.583115e-01 2.260499e-07 2.260499e-07
113 4.624093e-01 4.624096e-01 4.624096e-01 2.214336e-07 2.214336e-07
114 4.624151e-01 4.624096e-01 4.624096e-01 5.576429e-06 5.576429e-06
115 4.664834e-01 4.664889e-01 4.664889e-01 5.580149e-06 5.580149e-06
116 4.722899e-01 4.722899e-01 4.722899e-01 2.042468e-08 2.042468e-08
117 4.763021e-01 4.763021e-01 4.763021e-01 8.107674e-09 8.107674e-09
118 4.763021e-01 4.763021e-01 4.763021e-01 1.427469e-08 1.427469e-08
119 4.802936e-01 4.802936e-01 4.802936e-01 2.213168e-08 2.213168e-08
120 4.859079e-01 4.859079e-01 4.859079e-01 4.464365e-09 4.464364e-09
121 4.898309e-01 4.898309e-01 4.898309e-01 4.341136e-09 4.341135e-09
122 4.898312e-01 4.898309e-01 4.898309e-01 3.075399e-07 3.075399e-07
123 4.937310e-01 4.937313e-01 4.937313e-01 3.127818e-07 3.127818e-07
124 4.991916e-01 4.991661e-01 4.991661e-01 2.541994e-05 2.541994e-05
125 5.029737e-01 5.029972e-01 5.029972e-01 2.350385e-05 2.350385e-05
126 5.029957e-01 5.029972e-01 5.029972e-01 1.438642e-06 1.438642e-06
127 5.068038e-01 5.068042e-01 5.068042e-01 4.771486e-07 4.771486e-07
128 5.120667e-01 5.120665e-01 5.120665e-01 2.822543e-07 2.822543e-07
129 5.158034e-01 5.158036e-01 5.158036e-01 1.981519e-07 1.981519e-07
130 5.158039e-01 5.158036e-01 5.158036e-01 2.806119e-07 2.806119e-07
131 5.195153e-01 5.195157e-01 5.195157e-01 3.609640e-07 3.609640e-07
132 5.246122e-01 5.246120e-01 5.246120e-01 1.436337e-07 1.436337e-07
133 5.282545e-01 5.282541e-01 5.282541e-01 4.264656e-07 4.264656e-07
134 5.282679e-01 5.282541e-01 5.282541e-01 1.376920e-05 1.376920e-05
135 5.318558e-01 5.318701e-01 5.318701e-01 1.434333e-05 1.434333e-05
136 5.368075e-01 5.368072e-01 5.368072e-01 2.308673e-07 2.308673e-07
137 5.403534e-01 5.403535e-01 5.403535e-01 1.259608e-07 1.259608e-07
138 5.403535e-01 5.403535e-01 5.403535e-01 3.935021e-08 3.935021e-08
139 5.438736e-01 5.438730e-01 5.438730e-01 5.912151e-07 5.912151e-07
140 5.486624e-01 5.486573e-01 5.486573e-01 5.142932e-06 5.142932e-06
141 5.521027e-01 5.521076e-01 5.521076e-01 4.910791e-06 4.910791e-06
142 5.521068e-01 5.521076e-01 5.521076e-01 7.281575e-07 7.281575e-07
143 5.555306e-01 5.555307e-01 5.555307e-01 1.010076e-07 1.010076e-07
