# Hello World! This is dune-eigensolver.
# hardware number of threads is 128 number of threads used is 1
# 8 8
# Smallest eigenvalues convergence test

#  n: 67600 A.N(): 67600 br: 1
# GeneralizedSymmetricStewart:  time_total=7.147367e+00 time_factorization=3.194000e-01 time_eigendecomposition=1.376277e-02 time_matmul_dense=9.585053e-02 iterations=9

# Arpack: time_total=1.579840e+01 iterations=1

# Eigensolver elapsed time 7.152044e+00

# N=67600 M=144 ACCURACY=7.500000e-01 TOL=1.000000e-02 THRESHOLD=9.000000e-02 ESARERROR=7.347289e-01 ARPERROR=2.081399e-01 ESANERROR=1.387779e-15 TIMERATIO= 4.527068e-01 \\

## gen: stw     ARP-SMALL-TOL  ARPACK-TOL  ES-ARP-SMALL  ES-AR ERROR
00 1.345929e-15 -1.025655e-16 -1.027824e-16 1.448494e-15 1.448711e-15
01 5.604527e-03 5.604527e-03 5.604527e-03 2.402592e-16 2.289835e-16
02 5.604527e-03 5.604527e-03 5.604527e-03 5.091413e-16 5.082740e-16
03 8.364570e-03 8.364570e-03 8.364570e-03 2.844947e-16 2.879641e-16
04 1.867846e-02 1.867846e-02 1.867846e-02 5.169476e-16 4.996004e-16
05 1.998226e-02 1.998226e-02 1.998226e-02 3.642919e-16 3.295975e-16
06 1.998226e-02 1.998226e-02 1.998226e-02 1.561251e-16 1.144917e-16
07 2.019289e-02 2.019289e-02 2.019289e-02 4.024558e-16 3.885781e-16
08 3.249102e-02 3.249102e-02 3.249102e-02 8.396062e-16 8.465451e-16
09 3.360925e-02 3.360925e-02 3.360925e-02 7.632783e-16 8.257284e-16
10 3.360925e-02 3.360925e-02 3.360925e-02 8.326673e-17 7.632783e-17
11 3.488629e-02 3.488629e-02 3.488629e-02 2.081668e-16 2.081668e-16
12 4.663988e-02 4.663988e-02 4.663988e-02 7.632783e-17 2.775558e-17
13 4.820242e-02 4.820242e-02 4.820242e-02 2.081668e-17 4.163336e-17
14 4.820242e-02 4.820242e-02 4.820242e-02 2.567391e-16 6.938894e-17
15 4.983381e-02 4.983381e-02 4.983381e-02 1.873501e-16 2.775558e-16
16 6.142594e-02 6.142594e-02 6.142594e-02 2.081668e-16 2.220446e-16
17 6.335507e-02 6.335507e-02 6.335507e-02 1.151856e-15 1.193490e-15
18 6.335507e-02 6.335507e-02 6.335507e-02 5.967449e-16 6.661338e-16
19 6.536816e-02 6.536816e-02 6.536816e-02 1.110223e-15 1.179612e-15
20 7.676862e-02 7.676862e-02 7.676862e-02 5.551115e-17 2.220446e-16
21 7.904383e-02 7.904383e-02 7.904383e-02 4.302114e-16 2.914335e-16
22 7.904383e-02 7.904383e-02 7.904383e-02 1.401657e-15 1.110223e-15
23 8.140616e-02 8.140616e-02 8.140616e-02 1.679212e-15 1.706968e-15
24 9.261371e-02 9.261371e-02 9.261371e-02 1.529332e-14 1.537659e-14
25 9.521091e-02 9.521091e-02 9.521091e-02 1.605660e-14 1.607048e-14
26 9.521091e-02 9.521091e-02 9.521091e-02 3.745615e-14 3.740064e-14
27 9.789732e-02 9.789732e-02 9.789732e-02 2.675637e-14 2.682576e-14
28 1.089021e-01 1.089021e-01 1.089021e-01 1.348366e-13 1.348366e-13
29 1.117968e-01 1.117968e-01 1.117968e-01 2.788741e-13 2.789019e-13
30 1.117968e-01 1.117968e-01 1.117968e-01 4.789363e-13 4.789780e-13
31 1.147802e-01 1.147802e-01 1.147802e-01 3.422262e-13 3.427120e-13
32 1.255726e-01 1.255726e-01 1.255726e-01 1.443373e-12 1.443540e-12
33 1.287399e-01 1.287399e-01 1.287399e-01 2.675915e-12 2.676165e-12
34 1.287399e-01 1.287399e-01 1.287399e-01 5.086986e-12 5.087264e-12
35 1.319938e-01 1.319938e-01 1.319938e-01 4.561657e-12 4.561518e-12
36 1.425633e-01 1.425633e-01 1.425633e-01 1.664188e-11 1.664213e-11
37 1.459774e-01 1.459774e-01 1.459774e-01 2.841152e-11 2.841194e-11
38 1.459774e-01 1.459774e-01 1.459774e-01 4.427333e-11 4.427356e-11
39 1.494745e-01 1.494745e-01 1.494745e-01 3.497991e-11 3.497999e-11
40 1.598118e-01 1.598118e-01 1.598118e-01 1.602591e-10 1.602595e-10
41 1.634468e-01 1.634468e-01 1.634468e-01 1.631096e-10 1.631089e-10
42 1.634468e-01 1.634468e-01 1.634468e-01 2.906746e-10 2.906746e-10
43 1.671603e-01 1.671603e-01 1.671603e-01 3.317150e-10 3.317152e-10
44 1.772567e-01 1.772567e-01 1.772567e-01 9.031899e-10 9.031898e-10
45 1.810866e-01 1.810866e-01 1.810866e-01 7.962770e-10 7.962770e-10
46 1.810866e-01 1.810866e-01 1.810866e-01 3.929296e-09 3.929296e-09
47 1.849893e-01 1.849893e-01 1.849893e-01 1.970083e-09 1.970083e-09
48 1.948380e-01 1.948380e-01 1.948380e-01 5.951819e-09 5.951819e-09
49 1.988370e-01 1.988370e-01 1.988370e-01 8.191258e-09 8.191258e-09
50 1.988370e-01 1.988370e-01 1.988370e-01 1.024416e-08 1.024416e-08
51 2.029026e-01 2.029026e-01 2.029026e-01 1.413146e-08 1.413146e-08
52 2.124980e-01 2.124980e-01 2.124980e-01 2.307097e-08 2.307097e-08
53 2.166407e-01 2.166407e-01 2.166407e-01 2.172749e-08 2.172749e-08
54 2.166407e-01 2.166407e-01 2.166407e-01 4.320247e-08 4.320248e-08
55 2.208434e-01 2.208433e-01 2.208433e-01 3.133509e-08 3.133509e-08
56 2.301817e-01 2.301815e-01 2.301815e-01 2.133281e-07 2.133281e-07
57 2.344435e-01 2.344434e-01 2.344434e-01 7.382217e-08 7.382217e-08
58 2.344436e-01 2.344434e-01 2.344434e-01 1.879636e-07 1.879636e-07
59 2.387586e-01 2.387584e-01 2.387584e-01 1.956148e-07 1.956148e-07
60 2.478373e-01 2.478370e-01 2.478370e-01 2.986007e-07 2.986007e-07
61 2.521950e-01 2.521946e-01 2.521946e-01 3.833398e-07 3.833398e-07
62 2.521951e-01 2.521946e-01 2.521946e-01 4.839196e-07 4.839196e-07
63 2.565987e-01 2.565981e-01 2.565981e-01 5.818855e-07 5.818855e-07
64 2.654179e-01 2.654163e-01 2.654163e-01 1.613942e-06 1.613942e-06
65 2.698483e-01 2.698472e-01 2.698472e-01 1.111399e-06 1.111399e-06
66 2.698488e-01 2.698472e-01 2.698472e-01 1.649527e-06 1.649527e-06
67 2.743181e-01 2.743170e-01 2.743170e-01 1.151612e-06 1.151612e-06
68 2.828770e-01 2.828752e-01 2.828752e-01 1.794935e-06 1.794935e-06
69 2.873616e-01 2.873583e-01 2.873583e-01 3.248838e-06 3.248838e-06
70 2.873637e-01 2.873583e-01 2.873583e-01 5.430849e-06 5.430849e-06
71 2.918811e-01 2.918735e-01 2.918735e-01 7.618487e-06 7.618487e-06
72 3.001854e-01 3.001736e-01 3.001736e-01 1.175603e-05 1.175603e-05
73 3.046997e-01 3.046893e-01 3.046893e-01 1.042026e-05 1.042026e-05
74 3.047012e-01 3.046893e-01 3.046893e-01 1.192235e-05 1.192235e-05
75 3.092458e-01 3.092304e-01 3.092304e-01 1.536372e-05 1.536372e-05
76 3.172964e-01 3.172753e-01 3.172753e-01 2.103491e-05 2.103491e-05
77 3.218214e-01 3.218056e-01 3.218056e-01 1.582695e-05 1.582695e-05
78 3.218626e-01 3.218056e-01 3.218056e-01 5.702033e-05 5.702033e-05
79 3.263757e-01 3.263550e-01 3.263550e-01 2.075871e-05 2.075871e-05
80 3.341791e-01 3.341484e-01 3.341484e-01 3.065874e-05 3.065874e-05
81 3.387267e-01 3.386768e-01 3.386768e-01 4.992845e-05 4.992845e-05
82 3.387540e-01 3.386768e-01 3.386768e-01 7.723212e-05 7.723212e-05
83 3.433062e-01 3.432182e-01 3.432182e-01 8.801109e-05 8.801109e-05
84 3.508123e-01 3.507650e-01 3.507650e-01 4.726793e-05 4.726793e-05
85 3.553611e-01 3.552764e-01 3.552764e-01 8.466029e-05 8.466029e-05
86 3.555608e-01 3.552764e-01 3.552764e-01 2.843280e-04 2.843280e-04
87 3.599337e-01 3.597955e-01 3.597955e-01 1.382660e-04 1.382660e-04
88 3.673368e-01 3.671009e-01 3.671009e-01 2.358481e-04 2.358481e-04
89 3.717455e-01 3.715821e-01 3.715821e-01 1.634697e-04 1.634697e-04
90 3.718764e-01 3.715821e-01 3.715821e-01 2.943314e-04 2.943314e-04
91 3.764777e-01 3.760657e-01 3.760657e-01 4.119394e-04 4.119394e-04
92 3.837239e-01 3.831358e-01 3.831358e-01 5.880245e-04 5.880245e-04
93 3.880769e-01 3.875748e-01 3.875748e-01 5.021056e-04 5.021056e-04
94 3.890796e-01 3.875748e-01 3.875748e-01 1.504805e-03 1.504805e-03
95 3.926015e-01 3.920116e-01 3.920116e-01 5.898409e-04 5.898409e-04
96 3.997819e-01 3.988528e-01 3.988528e-01 9.290553e-04 9.290553e-04
97 4.040210e-01 4.032392e-01 4.032392e-01 7.818376e-04 7.818376e-04
98 4.046493e-01 4.032392e-01 4.032392e-01 1.410111e-03 1.410111e-03
99 4.093163e-01 4.076193e-01 4.076193e-01 1.697074e-03 1.697074e-03
100 4.152709e-01 4.142382e-01 4.142382e-01 1.032655e-03 1.032655e-03
101 4.206113e-01 4.185629e-01 4.185629e-01 2.048365e-03 2.048365e-03
102 4.220950e-01 4.185629e-01 4.185629e-01 3.532069e-03 3.532069e-03
103 4.255526e-01 4.228776e-01 4.228776e-01 2.674953e-03 2.674953e-03
104 4.315747e-01 4.292813e-01 4.292813e-01 2.293369e-03 2.293369e-03
105 4.355755e-01 4.335367e-01 4.335367e-01 2.038823e-03 2.038823e-03
106 4.386081e-01 4.335367e-01 4.335367e-01 5.071470e-03 5.071470e-03
107 4.414759e-01 4.377787e-01 4.377787e-01 3.697185e-03 3.697185e-03
108 4.481477e-01 4.439743e-01 4.439743e-01 4.173459e-03 4.173459e-03
109 4.508024e-01 4.481537e-01 4.481537e-01 2.648722e-03 2.648722e-03
110 4.525554e-01 4.481537e-01 4.481537e-01 4.401765e-03 4.401765e-03
111 4.618619e-01 4.523169e-01 4.523169e-01 9.545015e-03 9.545015e-03
112 4.653809e-01 4.583115e-01 4.583115e-01 7.069328e-03 7.069328e-03
113 4.692705e-01 4.624096e-01 4.624096e-01 6.860947e-03 6.860947e-03
114 4.737443e-01 4.624096e-01 4.624096e-01 1.133474e-02 1.133474e-02
115 4.753447e-01 4.664889e-01 4.664889e-01 8.855756e-03 8.855756e-03
116 4.832045e-01 4.722899e-01 4.722899e-01 1.091462e-02 1.091462e-02
117 4.858280e-01 4.763021e-01 4.763021e-01 9.525920e-03 9.525920e-03
118 4.889444e-01 4.763021e-01 4.763021e-01 1.264233e-02 1.264233e-02
119 4.958366e-01 4.802936e-01 4.802936e-01 1.554301e-02 1.554301e-02
120 4.976533e-01 4.859079e-01 4.859079e-01 1.174534e-02 1.174534e-02
121 5.048782e-01 4.898309e-01 4.898309e-01 1.504733e-02 1.504733e-02
122 5.090616e-01 4.898309e-01 4.898309e-01 1.923069e-02 1.923069e-02
123 5.219451e-01 4.937313e-01 4.937313e-01 2.821376e-02 2.821376e-02
124 5.262544e-01 4.991661e-01 4.991661e-01 2.708828e-02 2.708828e-02
125 5.324094e-01 5.029972e-01 5.029972e-01 2.941226e-02 2.941226e-02
126 5.345493e-01 5.029972e-01 5.029972e-01 3.155211e-02 3.155211e-02
127 5.437632e-01 5.068042e-01 5.068042e-01 3.695896e-02 3.695896e-02
128 5.537525e-01 5.120665e-01 5.120665e-01 4.168610e-02 4.168610e-02
129 5.590004e-01 5.158036e-01 5.158036e-01 4.319677e-02 4.319677e-02
130 5.622116e-01 5.158036e-01 5.158036e-01 4.640801e-02 4.640801e-02
131 5.783913e-01 5.195157e-01 5.195157e-01 5.887560e-02 5.887560e-02
132 5.839330e-01 5.246120e-01 5.246120e-01 5.932092e-02 5.932092e-02
133 5.884068e-01 5.282541e-01 5.282541e-01 6.015265e-02 6.015265e-02
134 5.938485e-01 5.282541e-01 5.282541e-01 6.559442e-02 6.559442e-02
135 6.200461e-01 5.318701e-01 5.318701e-01 8.817593e-02 8.817593e-02
136 6.339595e-01 5.368072e-01 5.368072e-01 9.715225e-02 9.715225e-02
137 6.568378e-01 5.403535e-01 5.403535e-01 1.164843e-01 1.164843e-01
138 6.629631e-01 5.403535e-01 5.403535e-01 1.226096e-01 1.226096e-01
139 6.707092e-01 5.438730e-01 5.438730e-01 1.268361e-01 1.268361e-01
140 7.022070e-01 5.486573e-01 5.486573e-01 1.535498e-01 1.535498e-01
141 7.072097e-01 5.521076e-01 5.521076e-01 1.551021e-01 1.551021e-01
142 7.480507e-01 5.521076e-01 5.521076e-01 1.959431e-01 1.959431e-01
143 7.636706e-01 5.555307e-01 5.555307e-01 2.081399e-01 2.081399e-01
