# Hello World! This is dune-eigensolver.
# hardware number of threads is 128 number of threads used is 1
# 8 8
# Smallest eigenvalues convergence test

#  n: 67600 A.N(): 67600 br: 1
# GeneralizedInverse:  time_total=4.242430e+00 time_factorization=3.180719e-01 iterations=6

# Arpack: time_total=1.557201e+01 iterations=1

# Eigensolver elapsed time 4.246997e+00

# N=67600 M=144 ACCURACY=5.000000e-01 TOL=2.000000e-01 THRESHOLD=9.000000e-02 ESARERROR=8.339678e-01 ARPERROR=3.073789e-01 ESANERROR=1.387779e-15 TIMERATIO= 2.727327e-01 \\

## gen: ftw     ARP-SMALL-TOL  ARPACK-TOL  ES-ARP-SMALL  ES-AR ERROR
00 8.077501e-13 -1.025655e-16 -1.027824e-16 8.078527e-13 8.078529e-13
01 5.609438e-03 5.604527e-03 5.604527e-03 4.910356e-06 4.910356e-06
02 6.018672e-03 5.604527e-03 5.604527e-03 4.141443e-04 4.141443e-04
03 7.958398e-03 8.364570e-03 8.364570e-03 4.061723e-04 4.061723e-04
04 1.933373e-02 1.867846e-02 1.867846e-02 6.552645e-04 6.552645e-04
05 1.994180e-02 1.998226e-02 1.998226e-02 4.045541e-05 4.045541e-05
06 2.015244e-02 1.998226e-02 1.998226e-02 1.701828e-04 1.701828e-04
07 2.263643e-02 2.019289e-02 2.019289e-02 2.443535e-03 2.443535e-03
08 3.191716e-02 3.249102e-02 3.249102e-02 5.738534e-04 5.738534e-04
09 3.242349e-02 3.360925e-02 3.360925e-02 1.185759e-03 1.185759e-03
10 3.541674e-02 3.360925e-02 3.360925e-02 1.807491e-03 1.807491e-03
11 3.719977e-02 3.488629e-02 3.488629e-02 2.313482e-03 2.313482e-03
12 4.615909e-02 4.663988e-02 4.663988e-02 4.807911e-04 4.807911e-04
13 4.861265e-02 4.820242e-02 4.820242e-02 4.102342e-04 4.102342e-04
14 5.059454e-02 4.820242e-02 4.820242e-02 2.392124e-03 2.392124e-03
15 5.201891e-02 4.983381e-02 4.983381e-02 2.185093e-03 2.185093e-03
16 5.935683e-02 6.142594e-02 6.142594e-02 2.069109e-03 2.069109e-03
17 6.143430e-02 6.335507e-02 6.335507e-02 1.920769e-03 1.920769e-03
18 6.645419e-02 6.335507e-02 6.335507e-02 3.099122e-03 3.099122e-03
19 6.806675e-02 6.536816e-02 6.536816e-02 2.698583e-03 2.698583e-03
20 7.504596e-02 7.676862e-02 7.676862e-02 1.722660e-03 1.722660e-03
21 8.048659e-02 7.904383e-02 7.904383e-02 1.442756e-03 1.442756e-03
22 8.053081e-02 7.904383e-02 7.904383e-02 1.486979e-03 1.486979e-03
23 9.112402e-02 8.140616e-02 8.140616e-02 9.717860e-03 9.717860e-03
24 9.373890e-02 9.261371e-02 9.261371e-02 1.125190e-03 1.125190e-03
25 9.400258e-02 9.521091e-02 9.521091e-02 1.208336e-03 1.208336e-03
26 9.913789e-02 9.521091e-02 9.521091e-02 3.926981e-03 3.926981e-03
27 1.021872e-01 9.789732e-02 9.789732e-02 4.289899e-03 4.289899e-03
28 1.090415e-01 1.089021e-01 1.089021e-01 1.394508e-04 1.394508e-04
29 1.105721e-01 1.117968e-01 1.117968e-01 1.224748e-03 1.224748e-03
30 1.135287e-01 1.117968e-01 1.117968e-01 1.731865e-03 1.731865e-03
31 1.184745e-01 1.147802e-01 1.147802e-01 3.694350e-03 3.694350e-03
32 1.247113e-01 1.255726e-01 1.255726e-01 8.612833e-04 8.612833e-04
33 1.313866e-01 1.287399e-01 1.287399e-01 2.646778e-03 2.646778e-03
34 1.316159e-01 1.287399e-01 1.287399e-01 2.875998e-03 2.875998e-03
35 1.384519e-01 1.319938e-01 1.319938e-01 6.458174e-03 6.458174e-03
36 1.481152e-01 1.425633e-01 1.425633e-01 5.551889e-03 5.551889e-03
37 1.516752e-01 1.459774e-01 1.459774e-01 5.697803e-03 5.697803e-03
38 1.536428e-01 1.459774e-01 1.459774e-01 7.665387e-03 7.665387e-03
39 1.579374e-01 1.494745e-01 1.494745e-01 8.462900e-03 8.462900e-03
40 1.585126e-01 1.598118e-01 1.598118e-01 1.299238e-03 1.299238e-03
41 1.596791e-01 1.634468e-01 1.634468e-01 3.767754e-03 3.767754e-03
42 1.621056e-01 1.634468e-01 1.634468e-01 1.341263e-03 1.341263e-03
43 1.693691e-01 1.671603e-01 1.671603e-01 2.208822e-03 2.208822e-03
44 1.796819e-01 1.772567e-01 1.772567e-01 2.425184e-03 2.425184e-03
45 1.812986e-01 1.810866e-01 1.810866e-01 2.119712e-04 2.119712e-04
46 1.878727e-01 1.810866e-01 1.810866e-01 6.786132e-03 6.786132e-03
47 1.886183e-01 1.849893e-01 1.849893e-01 3.628927e-03 3.628927e-03
48 2.006585e-01 1.948380e-01 1.948380e-01 5.820493e-03 5.820493e-03
49 2.056078e-01 1.988370e-01 1.988370e-01 6.770795e-03 6.770795e-03
50 2.067500e-01 1.988370e-01 1.988370e-01 7.912986e-03 7.912986e-03
51 2.182607e-01 2.029026e-01 2.029026e-01 1.535806e-02 1.535806e-02
52 2.194333e-01 2.124980e-01 2.124980e-01 6.935318e-03 6.935318e-03
53 2.217294e-01 2.166407e-01 2.166407e-01 5.088743e-03 5.088743e-03
54 2.241045e-01 2.166407e-01 2.166407e-01 7.463829e-03 7.463829e-03
55 2.250600e-01 2.208433e-01 2.208433e-01 4.216635e-03 4.216635e-03
56 2.320424e-01 2.301815e-01 2.301815e-01 1.860850e-03 1.860850e-03
57 2.371993e-01 2.344434e-01 2.344434e-01 2.755868e-03 2.755868e-03
58 2.459164e-01 2.344434e-01 2.344434e-01 1.147295e-02 1.147295e-02
59 2.467901e-01 2.387584e-01 2.387584e-01 8.031655e-03 8.031655e-03
60 2.499820e-01 2.478370e-01 2.478370e-01 2.144972e-03 2.144972e-03
61 2.591290e-01 2.521946e-01 2.521946e-01 6.934451e-03 6.934451e-03
62 2.619494e-01 2.521946e-01 2.521946e-01 9.754787e-03 9.754787e-03
63 2.777170e-01 2.565981e-01 2.565981e-01 2.111888e-02 2.111888e-02
64 2.794682e-01 2.654163e-01 2.654163e-01 1.405192e-02 1.405192e-02
65 2.833112e-01 2.698472e-01 2.698472e-01 1.346399e-02 1.346399e-02
66 2.865253e-01 2.698472e-01 2.698472e-01 1.667811e-02 1.667811e-02
67 2.927461e-01 2.743170e-01 2.743170e-01 1.842916e-02 1.842916e-02
68 3.000207e-01 2.828752e-01 2.828752e-01 1.714544e-02 1.714544e-02
69 3.001634e-01 2.873583e-01 2.873583e-01 1.280512e-02 1.280512e-02
70 3.003816e-01 2.873583e-01 2.873583e-01 1.302329e-02 1.302329e-02
71 3.073341e-01 2.918735e-01 2.918735e-01 1.546063e-02 1.546063e-02
72 3.179993e-01 3.001736e-01 3.001736e-01 1.782568e-02 1.782568e-02
73 3.259592e-01 3.046893e-01 3.046893e-01 2.126984e-02 2.126984e-02
74 3.404989e-01 3.046893e-01 3.046893e-01 3.580955e-02 3.580955e-02
75 3.436975e-01 3.092304e-01 3.092304e-01 3.446710e-02 3.446710e-02
76 3.440689e-01 3.172753e-01 3.172753e-01 2.679360e-02 2.679360e-02
77 3.546395e-01 3.218056e-01 3.218056e-01 3.283393e-02 3.283393e-02
78 3.591114e-01 3.218056e-01 3.218056e-01 3.730581e-02 3.730581e-02
79 3.733284e-01 3.263550e-01 3.263550e-01 4.697349e-02 4.697349e-02
80 3.779986e-01 3.341484e-01 3.341484e-01 4.385017e-02 4.385017e-02
81 3.805036e-01 3.386768e-01 3.386768e-01 4.182685e-02 4.182685e-02
82 3.832466e-01 3.386768e-01 3.386768e-01 4.456981e-02 4.456981e-02
83 3.840368e-01 3.432182e-01 3.432182e-01 4.081857e-02 4.081857e-02
84 3.931222e-01 3.507650e-01 3.507650e-01 4.235724e-02 4.235724e-02
85 3.985952e-01 3.552764e-01 3.552764e-01 4.331876e-02 4.331876e-02
86 4.124630e-01 3.552764e-01 3.552764e-01 5.718654e-02 5.718654e-02
87 4.382635e-01 3.597955e-01 3.597955e-01 7.846805e-02 7.846805e-02
88 4.412576e-01 3.671009e-01 3.671009e-01 7.415669e-02 7.415669e-02
89 4.442092e-01 3.715821e-01 3.715821e-01 7.262714e-02 7.262714e-02
90 4.478426e-01 3.715821e-01 3.715821e-01 7.626057e-02 7.626057e-02
91 4.569366e-01 3.760657e-01 3.760657e-01 8.087085e-02 8.087085e-02
92 4.608271e-01 3.831358e-01 3.831358e-01 7.769129e-02 7.769129e-02
93 4.653247e-01 3.875748e-01 3.875748e-01 7.774989e-02 7.774989e-02
94 4.678125e-01 3.875748e-01 3.875748e-01 8.023771e-02 8.023771e-02
95 4.763474e-01 3.920116e-01 3.920116e-01 8.433579e-02 8.433579e-02
96 4.901401e-01 3.988528e-01 3.988528e-01 9.128731e-02 9.128731e-02
97 4.966207e-01 4.032392e-01 4.032392e-01 9.338152e-02 9.338152e-02
98 4.980060e-01 4.032392e-01 4.032392e-01 9.476677e-02 9.476677e-02
99 5.426722e-01 4.076193e-01 4.076193e-01 1.350529e-01 1.350529e-01
100 5.549841e-01 4.142382e-01 4.142382e-01 1.407459e-01 1.407459e-01
101 5.616593e-01 4.185629e-01 4.185629e-01 1.430963e-01 1.430963e-01
102 5.794449e-01 4.185629e-01 4.185629e-01 1.608819e-01 1.608819e-01
103 5.815550e-01 4.228776e-01 4.228776e-01 1.586773e-01 1.586773e-01
104 5.976977e-01 4.292813e-01 4.292813e-01 1.684163e-01 1.684163e-01
105 6.051915e-01 4.335367e-01 4.335367e-01 1.716548e-01 1.716548e-01
106 6.111322e-01 4.335367e-01 4.335367e-01 1.775956e-01 1.775956e-01
107 6.141424e-01 4.377787e-01 4.377787e-01 1.763637e-01 1.763637e-01
108 6.274871e-01 4.439743e-01 4.439743e-01 1.835128e-01 1.835128e-01
109 6.310479e-01 4.481537e-01 4.481537e-01 1.828942e-01 1.828942e-01
110 6.313193e-01 4.481537e-01 4.481537e-01 1.831656e-01 1.831656e-01
111 6.434093e-01 4.523169e-01 4.523169e-01 1.910924e-01 1.910924e-01
112 6.439547e-01 4.583115e-01 4.583115e-01 1.856432e-01 1.856432e-01
113 6.531739e-01 4.624096e-01 4.624096e-01 1.907644e-01 1.907644e-01
114 6.596075e-01 4.624096e-01 4.624096e-01 1.971980e-01 1.971980e-01
115 6.683516e-01 4.664889e-01 4.664889e-01 2.018626e-01 2.018626e-01
116 6.717441e-01 4.722899e-01 4.722899e-01 1.994542e-01 1.994542e-01
117 7.008464e-01 4.763021e-01 4.763021e-01 2.245443e-01 2.245443e-01
118 7.077052e-01 4.763021e-01 4.763021e-01 2.314031e-01 2.314031e-01
119 7.273067e-01 4.802936e-01 4.802936e-01 2.470131e-01 2.470131e-01
120 7.366255e-01 4.859079e-01 4.859079e-01 2.507175e-01 2.507175e-01
121 7.373596e-01 4.898309e-01 4.898309e-01 2.475287e-01 2.475287e-01
122 7.376971e-01 4.898309e-01 4.898309e-01 2.478662e-01 2.478662e-01
123 7.414702e-01 4.937313e-01 4.937313e-01 2.477389e-01 2.477389e-01
124 7.425096e-01 4.991661e-01 4.991661e-01 2.433435e-01 2.433435e-01
125 7.473851e-01 5.029972e-01 5.029972e-01 2.443880e-01 2.443880e-01
126 7.559811e-01 5.029972e-01 5.029972e-01 2.529840e-01 2.529840e-01
127 7.595259e-01 5.068042e-01 5.068042e-01 2.527217e-01 2.527217e-01
128 7.624192e-01 5.120665e-01 5.120665e-01 2.503528e-01 2.503528e-01
129 7.735134e-01 5.158036e-01 5.158036e-01 2.577097e-01 2.577097e-01
130 7.766005e-01 5.158036e-01 5.158036e-01 2.607969e-01 2.607969e-01
131 7.816822e-01 5.195157e-01 5.195157e-01 2.621665e-01 2.621665e-01
132 7.844360e-01 5.246120e-01 5.246120e-01 2.598239e-01 2.598239e-01
133 7.853587e-01 5.282541e-01 5.282541e-01 2.571046e-01 2.571046e-01
134 7.864781e-01 5.282541e-01 5.282541e-01 2.582240e-01 2.582240e-01
135 7.869381e-01 5.318701e-01 5.318701e-01 2.550680e-01 2.550680e-01
136 7.958414e-01 5.368072e-01 5.368072e-01 2.590342e-01 2.590342e-01
137 7.962607e-01 5.403535e-01 5.403535e-01 2.559072e-01 2.559072e-01
138 7.997124e-01 5.403535e-01 5.403535e-01 2.593589e-01 2.593589e-01
139 8.016590e-01 5.438730e-01 5.438730e-01 2.577859e-01 2.577859e-01
140 8.253307e-01 5.486573e-01 5.486573e-01 2.766734e-01 2.766734e-01
141 8.298594e-01 5.521076e-01 5.521076e-01 2.777518e-01 2.777518e-01
142 8.322215e-01 5.521076e-01 5.521076e-01 2.801139e-01 2.801139e-01
143 8.629096e-01 5.555307e-01 5.555307e-01 3.073789e-01 3.073789e-01
