# Hello World! This is dune-eigensolver.
# hardware number of threads is 128 number of threads used is 1
# 8 8
# Smallest eigenvalues convergence test

#  n: 67600 A.N(): 67600 br: 1
# GeneralizedSymmetricStewart:  time_total=5.767701e+00 time_factorization=3.193042e-01 time_eigendecomposition=1.052310e-02 time_matmul_dense=9.930222e-02 iterations=7

# Arpack: time_total=1.571198e+01 iterations=1

# Eigensolver elapsed time 5.771296e+00

# N=67600 M=144 ACCURACY=5.000000e-01 TOL=2.000000e-03 THRESHOLD=9.000000e-02 ESARERROR=9.053273e-01 ARPERROR=3.787384e-01 ESANERROR=1.387779e-15 TIMERATIO= 3.673181e-01 \\

## gen: stw     ARP-SMALL-TOL  ARPACK-TOL  ES-ARP-SMALL  ES-AR ERROR
00 1.360457e-15 -1.025655e-16 -1.027824e-16 1.463022e-15 1.463239e-15
01 5.604527e-03 5.604527e-03 5.604527e-03 2.099015e-16 2.211772e-16
02 5.604527e-03 5.604527e-03 5.604527e-03 1.066855e-16 1.058181e-16
03 8.364570e-03 8.364570e-03 8.364570e-03 4.232725e-16 4.198031e-16
04 1.867846e-02 1.867846e-02 1.867846e-02 2.428613e-17 6.938894e-18
05 1.998226e-02 1.998226e-02 1.998226e-02 3.469447e-17 6.938894e-17
06 1.998226e-02 1.998226e-02 1.998226e-02 2.567391e-16 2.983724e-16
07 2.019289e-02 2.019289e-02 2.019289e-02 2.775558e-17 4.163336e-17
08 3.249102e-02 3.249102e-02 3.249102e-02 1.387779e-17 6.938894e-18
09 3.360925e-02 3.360925e-02 3.360925e-02 6.938894e-17 1.318390e-16
10 3.360925e-02 3.360925e-02 3.360925e-02 2.914335e-16 2.844947e-16
11 3.488629e-02 3.488629e-02 3.488629e-02 3.053113e-16 3.053113e-16
12 4.663988e-02 4.663988e-02 4.663988e-02 4.461709e-15 4.357625e-15
13 4.820242e-02 4.820242e-02 4.820242e-02 4.225786e-15 4.163336e-15
14 4.820242e-02 4.820242e-02 4.820242e-02 6.258882e-15 6.071532e-15
15 4.983381e-02 4.983381e-02 4.983381e-02 1.034589e-14 1.043610e-14
16 6.142594e-02 6.142594e-02 6.142594e-02 1.061790e-13 1.061651e-13
17 6.335507e-02 6.335507e-02 6.335507e-02 2.443878e-13 2.443462e-13
18 6.335507e-02 6.335507e-02 6.335507e-02 3.384376e-13 3.385070e-13
19 6.536816e-02 6.536816e-02 6.536816e-02 4.219958e-13 4.220652e-13
20 7.676862e-02 7.676862e-02 7.676862e-02 3.125528e-12 3.125694e-12
21 7.904383e-02 7.904383e-02 7.904383e-02 4.817480e-12 4.817341e-12
22 7.904383e-02 7.904383e-02 7.904383e-02 5.285258e-12 5.284967e-12
23 8.140616e-02 8.140616e-02 8.140616e-02 8.112108e-12 8.112136e-12
24 9.261371e-02 9.261371e-02 9.261371e-02 5.095732e-11 5.095740e-11
25 9.521091e-02 9.521091e-02 9.521091e-02 6.099302e-11 6.099303e-11
26 9.521091e-02 9.521091e-02 9.521091e-02 1.117936e-10 1.117935e-10
27 9.789732e-02 9.789732e-02 9.789732e-02 8.352467e-11 8.352474e-11
28 1.089021e-01 1.089021e-01 1.089021e-01 2.629731e-10 2.629731e-10
29 1.117968e-01 1.117968e-01 1.117968e-01 3.996363e-10 3.996363e-10
30 1.117968e-01 1.117968e-01 1.117968e-01 7.328761e-10 7.328761e-10
31 1.147802e-01 1.147802e-01 1.147802e-01 7.110929e-10 7.110934e-10
32 1.255726e-01 1.255726e-01 1.255726e-01 1.818150e-09 1.818151e-09
33 1.287399e-01 1.287399e-01 1.287399e-01 2.973986e-09 2.973987e-09
34 1.287399e-01 1.287399e-01 1.287399e-01 4.691662e-09 4.691662e-09
35 1.319938e-01 1.319938e-01 1.319938e-01 4.593808e-09 4.593808e-09
36 1.425633e-01 1.425633e-01 1.425633e-01 1.227725e-08 1.227725e-08
37 1.459774e-01 1.459774e-01 1.459774e-01 2.006593e-08 2.006593e-08
38 1.459774e-01 1.459774e-01 1.459774e-01 2.405494e-08 2.405494e-08
39 1.494746e-01 1.494745e-01 1.494745e-01 2.125558e-08 2.125558e-08
40 1.598119e-01 1.598118e-01 1.598118e-01 5.613376e-08 5.613376e-08
41 1.634469e-01 1.634468e-01 1.634468e-01 6.036312e-08 6.036312e-08
42 1.634469e-01 1.634468e-01 1.634468e-01 1.013665e-07 1.013665e-07
43 1.671604e-01 1.671603e-01 1.671603e-01 1.095298e-07 1.095298e-07
44 1.772570e-01 1.772567e-01 1.772567e-01 2.279265e-07 2.279265e-07
45 1.810869e-01 1.810866e-01 1.810866e-01 2.635401e-07 2.635401e-07
46 1.810875e-01 1.810866e-01 1.810866e-01 8.866798e-07 8.866798e-07
47 1.849898e-01 1.849893e-01 1.849893e-01 4.205574e-07 4.205574e-07
48 1.948392e-01 1.948380e-01 1.948380e-01 1.167108e-06 1.167108e-06
49 1.988382e-01 1.988370e-01 1.988370e-01 1.268540e-06 1.268540e-06
50 1.988387e-01 1.988370e-01 1.988370e-01 1.736310e-06 1.736310e-06
51 2.029043e-01 2.029026e-01 2.029026e-01 1.744349e-06 1.744349e-06
52 2.125012e-01 2.124980e-01 2.124980e-01 3.272059e-06 3.272059e-06
53 2.166433e-01 2.166407e-01 2.166407e-01 2.691874e-06 2.691874e-06
54 2.166457e-01 2.166407e-01 2.166407e-01 5.024485e-06 5.024485e-06
55 2.208480e-01 2.208433e-01 2.208433e-01 4.628547e-06 4.628547e-06
56 2.301960e-01 2.301815e-01 2.301815e-01 1.447777e-05 1.447777e-05
57 2.344521e-01 2.344434e-01 2.344434e-01 8.632263e-06 8.632263e-06
58 2.344565e-01 2.344434e-01 2.344434e-01 1.309886e-05 1.309886e-05
59 2.387729e-01 2.387584e-01 2.387584e-01 1.447919e-05 1.447919e-05
60 2.478562e-01 2.478370e-01 2.478370e-01 1.914078e-05 1.914078e-05
61 2.522220e-01 2.521946e-01 2.521946e-01 2.745222e-05 2.745222e-05
62 2.522320e-01 2.521946e-01 2.521946e-01 3.742186e-05 3.742186e-05
63 2.566348e-01 2.565981e-01 2.565981e-01 3.665311e-05 3.665311e-05
64 2.654827e-01 2.654163e-01 2.654163e-01 6.634099e-05 6.634099e-05
65 2.699076e-01 2.698472e-01 2.698472e-01 6.042453e-05 6.042453e-05
66 2.699424e-01 2.698472e-01 2.698472e-01 9.527388e-05 9.527388e-05
67 2.743790e-01 2.743170e-01 2.743170e-01 6.199984e-05 6.199984e-05
68 2.829977e-01 2.828752e-01 2.828752e-01 1.224168e-04 1.224168e-04
69 2.875085e-01 2.873583e-01 2.873583e-01 1.501667e-04 1.501667e-04
70 2.876027e-01 2.873583e-01 2.873583e-01 2.443691e-04 2.443691e-04
71 2.921848e-01 2.918735e-01 2.918735e-01 3.113015e-04 3.113015e-04
72 3.005562e-01 3.001736e-01 3.001736e-01 3.825720e-04 3.825720e-04
73 3.050098e-01 3.046893e-01 3.046893e-01 3.204823e-04 3.204823e-04
74 3.050447e-01 3.046893e-01 3.046893e-01 3.553885e-04 3.553885e-04
75 3.097453e-01 3.092304e-01 3.092304e-01 5.148490e-04 5.148490e-04
76 3.179256e-01 3.172753e-01 3.172753e-01 6.502527e-04 6.502527e-04
77 3.223197e-01 3.218056e-01 3.218056e-01 5.140592e-04 5.140592e-04
78 3.227615e-01 3.218056e-01 3.218056e-01 9.559293e-04 9.559293e-04
79 3.269703e-01 3.263550e-01 3.263550e-01 6.153330e-04 6.153330e-04
80 3.350881e-01 3.341484e-01 3.341484e-01 9.396491e-04 9.396491e-04
81 3.399172e-01 3.386768e-01 3.386768e-01 1.240457e-03 1.240457e-03
82 3.401277e-01 3.386768e-01 3.386768e-01 1.450916e-03 1.450916e-03
83 3.449950e-01 3.432182e-01 3.432182e-01 1.776786e-03 1.776786e-03
84 3.519584e-01 3.507650e-01 3.507650e-01 1.193343e-03 1.193343e-03
85 3.571908e-01 3.552764e-01 3.552764e-01 1.914382e-03 1.914382e-03
86 3.591026e-01 3.552764e-01 3.552764e-01 3.826211e-03 3.826211e-03
87 3.625383e-01 3.597955e-01 3.597955e-01 2.742872e-03 2.742872e-03
88 3.703285e-01 3.671009e-01 3.671009e-01 3.227560e-03 3.227560e-03
89 3.745454e-01 3.715821e-01 3.715821e-01 2.963367e-03 2.963367e-03
90 3.767996e-01 3.715821e-01 3.715821e-01 5.217582e-03 5.217582e-03
91 3.810041e-01 3.760657e-01 3.760657e-01 4.938361e-03 4.938361e-03
92 3.918839e-01 3.831358e-01 3.831358e-01 8.748030e-03 8.748030e-03
93 3.946294e-01 3.875748e-01 3.875748e-01 7.054561e-03 7.054561e-03
94 4.009513e-01 3.875748e-01 3.875748e-01 1.337655e-02 1.337655e-02
95 4.021697e-01 3.920116e-01 3.920116e-01 1.015804e-02 1.015804e-02
96 4.069430e-01 3.988528e-01 3.988528e-01 8.090138e-03 8.090138e-03
97 4.124457e-01 4.032392e-01 4.032392e-01 9.206472e-03 9.206472e-03
98 4.172077e-01 4.032392e-01 4.032392e-01 1.396853e-02 1.396853e-02
99 4.258492e-01 4.076193e-01 4.076193e-01 1.822994e-02 1.822994e-02
100 4.308149e-01 4.142382e-01 4.142382e-01 1.657670e-02 1.657670e-02
101 4.365493e-01 4.185629e-01 4.185629e-01 1.798638e-02 1.798638e-02
102 4.431617e-01 4.185629e-01 4.185629e-01 2.459875e-02 2.459875e-02
103 4.524084e-01 4.228776e-01 4.228776e-01 2.953076e-02 2.953076e-02
104 4.550493e-01 4.292813e-01 4.292813e-01 2.576792e-02 2.576792e-02
105 4.591153e-01 4.335367e-01 4.335367e-01 2.557859e-02 2.557859e-02
106 4.637045e-01 4.335367e-01 4.335367e-01 3.016780e-02 3.016780e-02
107 4.779534e-01 4.377787e-01 4.377787e-01 4.017471e-02 4.017471e-02
108 4.794203e-01 4.439743e-01 4.439743e-01 3.544604e-02 3.544604e-02
109 4.829431e-01 4.481537e-01 4.481537e-01 3.478941e-02 3.478941e-02
110 4.911006e-01 4.481537e-01 4.481537e-01 4.294688e-02 4.294688e-02
111 4.938257e-01 4.523169e-01 4.523169e-01 4.150878e-02 4.150878e-02
112 5.066463e-01 4.583115e-01 4.583115e-01 4.833478e-02 4.833478e-02
113 5.224729e-01 4.624096e-01 4.624096e-01 6.006336e-02 6.006336e-02
114 5.354311e-01 4.624096e-01 4.624096e-01 7.302150e-02 7.302150e-02
115 5.440957e-01 4.664889e-01 4.664889e-01 7.760675e-02 7.760675e-02
116 5.476085e-01 4.722899e-01 4.722899e-01 7.531861e-02 7.531861e-02
117 5.566231e-01 4.763021e-01 4.763021e-01 8.032102e-02 8.032102e-02
118 5.646810e-01 4.763021e-01 4.763021e-01 8.837894e-02 8.837894e-02
119 5.766036e-01 4.802936e-01 4.802936e-01 9.631003e-02 9.631003e-02
120 5.819353e-01 4.859079e-01 4.859079e-01 9.602738e-02 9.602738e-02
121 5.980596e-01 4.898309e-01 4.898309e-01 1.082287e-01 1.082287e-01
122 6.150617e-01 4.898309e-01 4.898309e-01 1.252308e-01 1.252308e-01
123 6.404317e-01 4.937313e-01 4.937313e-01 1.467003e-01 1.467003e-01
124 6.653735e-01 4.991661e-01 4.991661e-01 1.662073e-01 1.662073e-01
125 6.735082e-01 5.029972e-01 5.029972e-01 1.705110e-01 1.705110e-01
126 6.863187e-01 5.029972e-01 5.029972e-01 1.833215e-01 1.833215e-01
127 6.905193e-01 5.068042e-01 5.068042e-01 1.837151e-01 1.837151e-01
128 7.008002e-01 5.120665e-01 5.120665e-01 1.887338e-01 1.887338e-01
129 7.371179e-01 5.158036e-01 5.158036e-01 2.213143e-01 2.213143e-01
130 7.495773e-01 5.158036e-01 5.158036e-01 2.337737e-01 2.337737e-01
131 7.618769e-01 5.195157e-01 5.195157e-01 2.423612e-01 2.423612e-01
132 7.692737e-01 5.246120e-01 5.246120e-01 2.446617e-01 2.446617e-01
133 7.799107e-01 5.282541e-01 5.282541e-01 2.516566e-01 2.516566e-01
134 7.923689e-01 5.282541e-01 5.282541e-01 2.641148e-01 2.641148e-01
135 8.318534e-01 5.318701e-01 5.318701e-01 2.999833e-01 2.999833e-01
136 8.379833e-01 5.368072e-01 5.368072e-01 3.011761e-01 3.011761e-01
137 8.735844e-01 5.403535e-01 5.403535e-01 3.332309e-01 3.332309e-01
138 8.781208e-01 5.403535e-01 5.403535e-01 3.377673e-01 3.377673e-01
139 8.843585e-01 5.438730e-01 5.438730e-01 3.404855e-01 3.404855e-01
140 9.068927e-01 5.486573e-01 5.486573e-01 3.582355e-01 3.582355e-01
141 9.136512e-01 5.521076e-01 5.521076e-01 3.615436e-01 3.615436e-01
142 9.274193e-01 5.521076e-01 5.521076e-01 3.753117e-01 3.753117e-01
143 9.342691e-01 5.555307e-01 5.555307e-01 3.787384e-01 3.787384e-01
