# Hello World! This is dune-eigensolver.
# hardware number of threads is 128 number of threads used is 1
# 8 8
# Smallest eigenvalues convergence test

#  n: 67600 A.N(): 67600 br: 1
# GeneralizedInverse:  time_total=1.211881e+01 time_factorization=3.180339e-01 iterations=19

# Arpack: time_total=1.559131e+01 iterations=1

# Eigensolver elapsed time 1.212322e+01

# N=67600 M=144 ACCURACY=1.000000e+00 TOL=1.000000e-01 THRESHOLD=9.000000e-02 ESARERROR=5.343467e-01 ARPERROR=9.633158e-03 ESANERROR=1.387779e-15 TIMERATIO= 7.775628e-01 \\

## gen: ftw     ARP-SMALL-TOL  ARPACK-TOL  ES-ARP-SMALL  ES-AR ERROR
00 1.401440e-15 -1.025655e-16 -1.027824e-16 1.504005e-15 1.504222e-15
01 5.604528e-03 5.604527e-03 5.604527e-03 5.593944e-10 5.593944e-10
02 5.604583e-03 5.604527e-03 5.604527e-03 5.539195e-08 5.539195e-08
03 8.364514e-03 8.364570e-03 8.364570e-03 5.595134e-08 5.595134e-08
04 1.880407e-02 1.867846e-02 1.867846e-02 1.256069e-04 1.256069e-04
05 1.995927e-02 1.998226e-02 1.998226e-02 2.299258e-05 2.299258e-05
06 2.002207e-02 1.998226e-02 1.998226e-02 3.980847e-05 3.980847e-05
07 2.005048e-02 2.019289e-02 2.019289e-02 1.424152e-04 1.424152e-04
08 3.291568e-02 3.249102e-02 3.249102e-02 4.246624e-04 4.246624e-04
09 3.332164e-02 3.360925e-02 3.360925e-02 2.876045e-04 2.876045e-04
10 3.361741e-02 3.360925e-02 3.360925e-02 8.160876e-06 8.160876e-06
11 3.474313e-02 3.488629e-02 3.488629e-02 1.431527e-04 1.431527e-04
12 4.671745e-02 4.663988e-02 4.663988e-02 7.757599e-05 7.757599e-05
13 4.820557e-02 4.820242e-02 4.820242e-02 3.147215e-06 3.147215e-06
14 4.844311e-02 4.820242e-02 4.820242e-02 2.406894e-04 2.406894e-04
15 5.038983e-02 4.983381e-02 4.983381e-02 5.560198e-04 5.560198e-04
16 6.116111e-02 6.142594e-02 6.142594e-02 2.648217e-04 2.648217e-04
17 6.367323e-02 6.335507e-02 6.335507e-02 3.181613e-04 3.181613e-04
18 6.381410e-02 6.335507e-02 6.335507e-02 4.590308e-04 4.590308e-04
19 6.432380e-02 6.536816e-02 6.536816e-02 1.044359e-03 1.044359e-03
20 7.671079e-02 7.676862e-02 7.676862e-02 5.782689e-05 5.782689e-05
21 7.932301e-02 7.904383e-02 7.904383e-02 2.791782e-04 2.791782e-04
22 8.004218e-02 7.904383e-02 7.904383e-02 9.983441e-04 9.983441e-04
23 8.052970e-02 8.140616e-02 8.140616e-02 8.764589e-04 8.764589e-04
24 9.401922e-02 9.261371e-02 9.261371e-02 1.405511e-03 1.405511e-03
25 9.473059e-02 9.521091e-02 9.521091e-02 4.803167e-04 4.803167e-04
26 9.588387e-02 9.521091e-02 9.521091e-02 6.729571e-04 6.729571e-04
27 1.028640e-01 9.789732e-02 9.789732e-02 4.966716e-03 4.966716e-03
28 1.042904e-01 1.089021e-01 1.089021e-01 4.611615e-03 4.611615e-03
29 1.099627e-01 1.117968e-01 1.117968e-01 1.834107e-03 1.834107e-03
30 1.137761e-01 1.117968e-01 1.117968e-01 1.979299e-03 1.979299e-03
31 1.159394e-01 1.147802e-01 1.147802e-01 1.159191e-03 1.159191e-03
32 1.261939e-01 1.255726e-01 1.255726e-01 6.212641e-04 6.212641e-04
33 1.284936e-01 1.287399e-01 1.287399e-01 2.462932e-04 2.462932e-04
34 1.286441e-01 1.287399e-01 1.287399e-01 9.577786e-05 9.577786e-05
35 1.340454e-01 1.319938e-01 1.319938e-01 2.051654e-03 2.051654e-03
36 1.388178e-01 1.425633e-01 1.425633e-01 3.745507e-03 3.745507e-03
37 1.450762e-01 1.459774e-01 1.459774e-01 9.012129e-04 9.012129e-04
38 1.505345e-01 1.459774e-01 1.459774e-01 4.557134e-03 4.557134e-03
39 1.531314e-01 1.494745e-01 1.494745e-01 3.656873e-03 3.656873e-03
40 1.543209e-01 1.598118e-01 1.598118e-01 5.490879e-03 5.490879e-03
41 1.624291e-01 1.634468e-01 1.634468e-01 1.017708e-03 1.017708e-03
42 1.649841e-01 1.634468e-01 1.634468e-01 1.537292e-03 1.537292e-03
43 1.699404e-01 1.671603e-01 1.671603e-01 2.780133e-03 2.780133e-03
44 1.794579e-01 1.772567e-01 1.772567e-01 2.201135e-03 2.201135e-03
45 1.803296e-01 1.810866e-01 1.810866e-01 7.570365e-04 7.570365e-04
46 1.807394e-01 1.810866e-01 1.810866e-01 3.472311e-04 3.472311e-04
47 1.832493e-01 1.849893e-01 1.849893e-01 1.740049e-03 1.740049e-03
48 1.921385e-01 1.948380e-01 1.948380e-01 2.699489e-03 2.699489e-03
49 1.984549e-01 1.988370e-01 1.988370e-01 3.820563e-04 3.820563e-04
50 2.016490e-01 1.988370e-01 1.988370e-01 2.812023e-03 2.812023e-03
51 2.018181e-01 2.029026e-01 2.029026e-01 1.084455e-03 1.084455e-03
52 2.140961e-01 2.124980e-01 2.124980e-01 1.598108e-03 1.598108e-03
53 2.187156e-01 2.166407e-01 2.166407e-01 2.074921e-03 2.074921e-03
54 2.195658e-01 2.166407e-01 2.166407e-01 2.925183e-03 2.925183e-03
55 2.291479e-01 2.208433e-01 2.208433e-01 8.304604e-03 8.304604e-03
56 2.314495e-01 2.301815e-01 2.301815e-01 1.267993e-03 1.267993e-03
57 2.317067e-01 2.344434e-01 2.344434e-01 2.736734e-03 2.736734e-03
58 2.396631e-01 2.344434e-01 2.344434e-01 5.219654e-03 5.219654e-03
59 2.409154e-01 2.387584e-01 2.387584e-01 2.156992e-03 2.156992e-03
60 2.449766e-01 2.478370e-01 2.478370e-01 2.860379e-03 2.860379e-03
61 2.468236e-01 2.521946e-01 2.521946e-01 5.370964e-03 5.370964e-03
62 2.496648e-01 2.521946e-01 2.521946e-01 2.529806e-03 2.529806e-03
63 2.582292e-01 2.565981e-01 2.565981e-01 1.631093e-03 1.631093e-03
64 2.677178e-01 2.654163e-01 2.654163e-01 2.301483e-03 2.301483e-03
65 2.680682e-01 2.698472e-01 2.698472e-01 1.778951e-03 1.778951e-03
66 2.699955e-01 2.698472e-01 2.698472e-01 1.483223e-04 1.483223e-04
67 2.759508e-01 2.743170e-01 2.743170e-01 1.633882e-03 1.633882e-03
68 2.807071e-01 2.828752e-01 2.828752e-01 2.168145e-03 2.168145e-03
69 2.873477e-01 2.873583e-01 2.873583e-01 1.057121e-05 1.057121e-05
70 2.928744e-01 2.873583e-01 2.873583e-01 5.516108e-03 5.516108e-03
71 2.945188e-01 2.918735e-01 2.918735e-01 2.645365e-03 2.645365e-03
72 2.983874e-01 3.001736e-01 3.001736e-01 1.786172e-03 1.786172e-03
73 2.995437e-01 3.046893e-01 3.046893e-01 5.145646e-03 5.145646e-03
74 3.101253e-01 3.046893e-01 3.046893e-01 5.436003e-03 5.436003e-03
75 3.107449e-01 3.092304e-01 3.092304e-01 1.514417e-03 1.514417e-03
76 3.142605e-01 3.172753e-01 3.172753e-01 3.014861e-03 3.014861e-03
77 3.177947e-01 3.218056e-01 3.218056e-01 4.010909e-03 4.010909e-03
78 3.230237e-01 3.218056e-01 3.218056e-01 1.218074e-03 1.218074e-03
79 3.312631e-01 3.263550e-01 3.263550e-01 4.908101e-03 4.908101e-03
80 3.346711e-01 3.341484e-01 3.341484e-01 5.226402e-04 5.226402e-04
81 3.373668e-01 3.386768e-01 3.386768e-01 1.310004e-03 1.310004e-03
82 3.413178e-01 3.386768e-01 3.386768e-01 2.641040e-03 2.641040e-03
83 3.447571e-01 3.432182e-01 3.432182e-01 1.538845e-03 1.538845e-03
84 3.486749e-01 3.507650e-01 3.507650e-01 2.090082e-03 2.090082e-03
85 3.532613e-01 3.552764e-01 3.552764e-01 2.015131e-03 2.015131e-03
86 3.570254e-01 3.552764e-01 3.552764e-01 1.748976e-03 1.748976e-03
87 3.601452e-01 3.597955e-01 3.597955e-01 3.497301e-04 3.497301e-04
88 3.688455e-01 3.671009e-01 3.671009e-01 1.744603e-03 1.744603e-03
89 3.781462e-01 3.715821e-01 3.715821e-01 6.564162e-03 6.564162e-03
90 3.795013e-01 3.715821e-01 3.715821e-01 7.919194e-03 7.919194e-03
91 3.816911e-01 3.760657e-01 3.760657e-01 5.625360e-03 5.625360e-03
92 3.821326e-01 3.831358e-01 3.831358e-01 1.003229e-03 1.003229e-03
93 3.939156e-01 3.875748e-01 3.875748e-01 6.340845e-03 6.340845e-03
94 3.940827e-01 3.875748e-01 3.875748e-01 6.507893e-03 6.507893e-03
95 3.947345e-01 3.920116e-01 3.920116e-01 2.722819e-03 2.722819e-03
96 3.967147e-01 3.988528e-01 3.988528e-01 2.138070e-03 2.138070e-03
97 3.996022e-01 4.032392e-01 4.032392e-01 3.636997e-03 3.636997e-03
98 4.023529e-01 4.032392e-01 4.032392e-01 8.862936e-04 8.862936e-04
99 4.098474e-01 4.076193e-01 4.076193e-01 2.228134e-03 2.228134e-03
100 4.194084e-01 4.142382e-01 4.142382e-01 5.170214e-03 5.170214e-03
101 4.201688e-01 4.185629e-01 4.185629e-01 1.605841e-03 1.605841e-03
102 4.225453e-01 4.185629e-01 4.185629e-01 3.982396e-03 3.982396e-03
103 4.247878e-01 4.228776e-01 4.228776e-01 1.910190e-03 1.910190e-03
104 4.254284e-01 4.292813e-01 4.292813e-01 3.852941e-03 3.852941e-03
105 4.294680e-01 4.335367e-01 4.335367e-01 4.068651e-03 4.068651e-03
106 4.302286e-01 4.335367e-01 4.335367e-01 3.308114e-03 3.308114e-03
107 4.469011e-01 4.377787e-01 4.377787e-01 9.122439e-03 9.122439e-03
108 4.469747e-01 4.439743e-01 4.439743e-01 3.000408e-03 3.000408e-03
109 4.483142e-01 4.481537e-01 4.481537e-01 1.605463e-04 1.605463e-04
110 4.488248e-01 4.481537e-01 4.481537e-01 6.711505e-04 6.711505e-04
111 4.504621e-01 4.523169e-01 4.523169e-01 1.854837e-03 1.854837e-03
112 4.549862e-01 4.583115e-01 4.583115e-01 3.325373e-03 3.325373e-03
113 4.630938e-01 4.624096e-01 4.624096e-01 6.842503e-04 6.842503e-04
114 4.659706e-01 4.624096e-01 4.624096e-01 3.561041e-03 3.561041e-03
115 4.703208e-01 4.664889e-01 4.664889e-01 3.831877e-03 3.831877e-03
116 4.714431e-01 4.722899e-01 4.722899e-01 8.467564e-04 8.467564e-04
117 4.714876e-01 4.763021e-01 4.763021e-01 4.814456e-03 4.814456e-03
118 4.724432e-01 4.763021e-01 4.763021e-01 3.858903e-03 3.858903e-03
119 4.858494e-01 4.802936e-01 4.802936e-01 5.555798e-03 5.555798e-03
120 4.872117e-01 4.859079e-01 4.859079e-01 1.303762e-03 1.303762e-03
121 4.893990e-01 4.898309e-01 4.898309e-01 4.319126e-04 4.319126e-04
122 4.935067e-01 4.898309e-01 4.898309e-01 3.675831e-03 3.675831e-03
123 5.033645e-01 4.937313e-01 4.937313e-01 9.633158e-03 9.633158e-03
124 5.078170e-01 4.991661e-01 4.991661e-01 8.650874e-03 8.650874e-03
125 5.099325e-01 5.029972e-01 5.029972e-01 6.935306e-03 6.935306e-03
126 5.112356e-01 5.029972e-01 5.029972e-01 8.238430e-03 8.238430e-03
127 5.119232e-01 5.068042e-01 5.068042e-01 5.118981e-03 5.118981e-03
128 5.136050e-01 5.120665e-01 5.120665e-01 1.538567e-03 1.538567e-03
129 5.146808e-01 5.158036e-01 5.158036e-01 1.122785e-03 1.122785e-03
130 5.151740e-01 5.158036e-01 5.158036e-01 6.296357e-04 6.296357e-04
131 5.167196e-01 5.195157e-01 5.195157e-01 2.796035e-03 2.796035e-03
132 5.271594e-01 5.246120e-01 5.246120e-01 2.547334e-03 2.547334e-03
133 5.303126e-01 5.282541e-01 5.282541e-01 2.058474e-03 2.058474e-03
134 5.309831e-01 5.282541e-01 5.282541e-01 2.729050e-03 2.729050e-03
135 5.321341e-01 5.318701e-01 5.318701e-01 2.640333e-04 2.640333e-04
136 5.348832e-01 5.368072e-01 5.368072e-01 1.923993e-03 1.923993e-03
137 5.356407e-01 5.403535e-01 5.403535e-01 4.712848e-03 4.712848e-03
138 5.379541e-01 5.403535e-01 5.403535e-01 2.399424e-03 2.399424e-03
139 5.410318e-01 5.438730e-01 5.438730e-01 2.841265e-03 2.841265e-03
140 5.466484e-01 5.486573e-01 5.486573e-01 2.008850e-03 2.008850e-03
141 5.530752e-01 5.521076e-01 5.521076e-01 9.676532e-04 9.676532e-04
142 5.596563e-01 5.521076e-01 5.521076e-01 7.548729e-03 7.548729e-03
143 5.632884e-01 5.555307e-01 5.555307e-01 7.757755e-03 7.757755e-03
