# Hello World! This is dune-eigensolver.
# hardware number of threads is 128 number of threads used is 1
# 8 8
# Smallest eigenvalues convergence test

#  n: 67600 A.N(): 67600 br: 1
# GeneralizedInverse:  time_total=5.579103e+01 time_factorization=3.227992e-01 iterations=91

# Arpack: time_total=1.561251e+01 iterations=1

# Eigensolver elapsed time 5.579554e+01

# N=67600 M=144 ACCURACY=1.000000e+00 TOL=2.000000e-02 THRESHOLD=9.000000e-02 ESARERROR=5.253008e-01 ARPERROR=6.314822e-03 ESANERROR=1.387779e-15 TIMERATIO= 3.573771e+00 \\

## gen: ftw     ARP-SMALL-TOL  ARPACK-TOL  ES-ARP-SMALL  ES-AR ERROR
00 1.343977e-15 -1.025655e-16 -1.027824e-16 1.446543e-15 1.446759e-15
01 5.604527e-03 5.604527e-03 5.604527e-03 8.413409e-17 9.540979e-17
02 5.604527e-03 5.604527e-03 5.604527e-03 5.290907e-17 5.377643e-17
03 8.364570e-03 8.364570e-03 8.364570e-03 1.769418e-16 1.804112e-16
04 1.867847e-02 1.867846e-02 1.867846e-02 5.127169e-09 5.127169e-09
05 1.998862e-02 1.998226e-02 1.998226e-02 6.360566e-06 6.360566e-06
06 2.003902e-02 1.998226e-02 1.998226e-02 5.676333e-05 5.676333e-05
07 2.012976e-02 2.019289e-02 2.019289e-02 6.312903e-05 6.312903e-05
08 3.249693e-02 3.249102e-02 3.249102e-02 5.917425e-06 5.917425e-06
09 3.360385e-02 3.360925e-02 3.360925e-02 5.400129e-06 5.400129e-06
10 3.360931e-02 3.360925e-02 3.360925e-02 5.798711e-08 5.798711e-08
11 3.488571e-02 3.488629e-02 3.488629e-02 5.752840e-07 5.752840e-07
12 4.664067e-02 4.663988e-02 4.663988e-02 7.962948e-07 7.962948e-07
13 4.820243e-02 4.820242e-02 4.820242e-02 7.301708e-09 7.301708e-09
14 4.820482e-02 4.820242e-02 4.820242e-02 2.405239e-06 2.405239e-06
15 4.983060e-02 4.983381e-02 4.983381e-02 3.208835e-06 3.208835e-06
16 6.142785e-02 6.142594e-02 6.142594e-02 1.916922e-06 1.916922e-06
17 6.337968e-02 6.335507e-02 6.335507e-02 2.461768e-05 2.461768e-05
18 6.346811e-02 6.335507e-02 6.335507e-02 1.130440e-04 1.130440e-04
19 6.522859e-02 6.536816e-02 6.536816e-02 1.395786e-04 1.395786e-04
20 7.676994e-02 7.676862e-02 7.676862e-02 1.321868e-06 1.321868e-06
21 7.905058e-02 7.904383e-02 7.904383e-02 6.748272e-06 6.748272e-06
22 7.908082e-02 7.904383e-02 7.904383e-02 3.698498e-05 3.698498e-05
23 8.136111e-02 8.140616e-02 8.140616e-02 4.505512e-05 4.505512e-05
24 9.275811e-02 9.261371e-02 9.261371e-02 1.444022e-04 1.444022e-04
25 9.515723e-02 9.521091e-02 9.521091e-02 5.368544e-05 5.368544e-05
26 9.516290e-02 9.521091e-02 9.521091e-02 4.801585e-05 4.801585e-05
27 9.785462e-02 9.789732e-02 9.789732e-02 4.269884e-05 4.269884e-05
28 1.089133e-01 1.089021e-01 1.089021e-01 1.124869e-05 1.124869e-05
29 1.117962e-01 1.117968e-01 1.117968e-01 6.185582e-07 6.185582e-07
30 1.119123e-01 1.117968e-01 1.117968e-01 1.154689e-04 1.154689e-04
31 1.146541e-01 1.147802e-01 1.147802e-01 1.260716e-04 1.260716e-04
32 1.268684e-01 1.255726e-01 1.255726e-01 1.295774e-03 1.295774e-03
33 1.277801e-01 1.287399e-01 1.287399e-01 9.597882e-04 9.597882e-04
34 1.285092e-01 1.287399e-01 1.287399e-01 2.306945e-04 2.306945e-04
35 1.318885e-01 1.319938e-01 1.319938e-01 1.052824e-04 1.052824e-04
36 1.425703e-01 1.425633e-01 1.425633e-01 7.016606e-06 7.016606e-06
37 1.459808e-01 1.459774e-01 1.459774e-01 3.465606e-06 3.465606e-06
38 1.462548e-01 1.459774e-01 1.459774e-01 2.774623e-04 2.774623e-04
39 1.491866e-01 1.494745e-01 1.494745e-01 2.879682e-04 2.879682e-04
40 1.601374e-01 1.598118e-01 1.598118e-01 3.255445e-04 3.255445e-04
41 1.633782e-01 1.634468e-01 1.634468e-01 6.861124e-05 6.861124e-05
42 1.635988e-01 1.634468e-01 1.634468e-01 1.519570e-04 1.519570e-04
43 1.667572e-01 1.671603e-01 1.671603e-01 4.030775e-04 4.030775e-04
44 1.773039e-01 1.772567e-01 1.772567e-01 4.712887e-05 4.712887e-05
45 1.810877e-01 1.810866e-01 1.810866e-01 1.065243e-06 1.065243e-06
46 1.824889e-01 1.810866e-01 1.810866e-01 1.402258e-03 1.402258e-03
47 1.835333e-01 1.849893e-01 1.849893e-01 1.456048e-03 1.456048e-03
48 1.949832e-01 1.948380e-01 1.948380e-01 1.452129e-04 1.452129e-04
49 1.988353e-01 1.988370e-01 1.988370e-01 1.669679e-06 1.669679e-06
50 1.988494e-01 1.988370e-01 1.988370e-01 1.240080e-05 1.240080e-05
51 2.027466e-01 2.029026e-01 2.029026e-01 1.560416e-04 1.560416e-04
52 2.128916e-01 2.124980e-01 2.124980e-01 3.935997e-04 3.935997e-04
53 2.163864e-01 2.166407e-01 2.166407e-01 2.542527e-04 2.542527e-04
54 2.179521e-01 2.166407e-01 2.166407e-01 1.311442e-03 1.311442e-03
55 2.196595e-01 2.208433e-01 2.208433e-01 1.183850e-03 1.183850e-03
56 2.300544e-01 2.301815e-01 2.301815e-01 1.271669e-04 1.271669e-04
57 2.343309e-01 2.344434e-01 2.344434e-01 1.125283e-04 1.125283e-04
58 2.354048e-01 2.344434e-01 2.344434e-01 9.613492e-04 9.613492e-04
59 2.379403e-01 2.387584e-01 2.387584e-01 8.181023e-04 8.181023e-04
60 2.484173e-01 2.478370e-01 2.478370e-01 5.803040e-04 5.803040e-04
61 2.515270e-01 2.521946e-01 2.521946e-01 6.675797e-04 6.675797e-04
62 2.522665e-01 2.521946e-01 2.521946e-01 7.188722e-05 7.188722e-05
63 2.565072e-01 2.565981e-01 2.565981e-01 9.094812e-05 9.094812e-05
64 2.657022e-01 2.654163e-01 2.654163e-01 2.859019e-04 2.859019e-04
65 2.696471e-01 2.698472e-01 2.698472e-01 2.001095e-04 2.001095e-04
66 2.697746e-01 2.698472e-01 2.698472e-01 7.257563e-05 7.257563e-05
67 2.742570e-01 2.743170e-01 2.743170e-01 6.000044e-05 6.000044e-05
68 2.830820e-01 2.828752e-01 2.828752e-01 2.067581e-04 2.067581e-04
69 2.872890e-01 2.873583e-01 2.873583e-01 6.928371e-05 6.928371e-05
70 2.873559e-01 2.873583e-01 2.873583e-01 2.456630e-06 2.456630e-06
71 2.917359e-01 2.918735e-01 2.918735e-01 1.375814e-04 1.375814e-04
72 3.022635e-01 3.001736e-01 3.001736e-01 2.089906e-03 2.089906e-03
73 3.034021e-01 3.046893e-01 3.046893e-01 1.287217e-03 1.287217e-03
74 3.042183e-01 3.046893e-01 3.046893e-01 4.710104e-04 4.710104e-04
75 3.122766e-01 3.092304e-01 3.092304e-01 3.046153e-03 3.046153e-03
76 3.141115e-01 3.172753e-01 3.172753e-01 3.163782e-03 3.163782e-03
77 3.219218e-01 3.218056e-01 3.218056e-01 1.161557e-04 1.161557e-04
78 3.239458e-01 3.218056e-01 3.218056e-01 2.140218e-03 2.140218e-03
79 3.273922e-01 3.263550e-01 3.263550e-01 1.037265e-03 1.037265e-03
80 3.335871e-01 3.341484e-01 3.341484e-01 5.613312e-04 5.613312e-04
81 3.359355e-01 3.386768e-01 3.386768e-01 2.741225e-03 2.741225e-03
82 3.388973e-01 3.386768e-01 3.386768e-01 2.204950e-04 2.204950e-04
83 3.428998e-01 3.432182e-01 3.432182e-01 3.184263e-04 3.184263e-04
84 3.506859e-01 3.507650e-01 3.507650e-01 7.910570e-05 7.910570e-05
85 3.553159e-01 3.552764e-01 3.552764e-01 3.951640e-05 3.951640e-05
86 3.554497e-01 3.552764e-01 3.552764e-01 1.733154e-04 1.733154e-04
87 3.597900e-01 3.597955e-01 3.597955e-01 5.473049e-06 5.473049e-06
88 3.705183e-01 3.671009e-01 3.671009e-01 3.417340e-03 3.417340e-03
89 3.709880e-01 3.715821e-01 3.715821e-01 5.940335e-04 5.940335e-04
90 3.713424e-01 3.715821e-01 3.715821e-01 2.396913e-04 2.396913e-04
91 3.734254e-01 3.760657e-01 3.760657e-01 2.640323e-03 2.640323e-03
92 3.830552e-01 3.831358e-01 3.831358e-01 8.066880e-05 8.066880e-05
93 3.877202e-01 3.875748e-01 3.875748e-01 1.453658e-04 1.453658e-04
94 3.938896e-01 3.875748e-01 3.875748e-01 6.314822e-03 6.314822e-03
95 3.968512e-01 3.920116e-01 3.920116e-01 4.839529e-03 4.839529e-03
96 3.974197e-01 3.988528e-01 3.988528e-01 1.433084e-03 1.433084e-03
97 3.976895e-01 4.032392e-01 4.032392e-01 5.549654e-03 5.549654e-03
98 3.990090e-01 4.032392e-01 4.032392e-01 4.230198e-03 4.230198e-03
99 4.101090e-01 4.076193e-01 4.076193e-01 2.489753e-03 2.489753e-03
100 4.123114e-01 4.142382e-01 4.142382e-01 1.926797e-03 1.926797e-03
101 4.211450e-01 4.185629e-01 4.185629e-01 2.582056e-03 2.582056e-03
102 4.223091e-01 4.185629e-01 4.185629e-01 3.746122e-03 3.746122e-03
103 4.252838e-01 4.228776e-01 4.228776e-01 2.406191e-03 2.406191e-03
104 4.258674e-01 4.292813e-01 4.292813e-01 3.413917e-03 3.413917e-03
105 4.284132e-01 4.335367e-01 4.335367e-01 5.123506e-03 5.123506e-03
106 4.341092e-01 4.335367e-01 4.335367e-01 5.725264e-04 5.725264e-04
107 4.367532e-01 4.377787e-01 4.377787e-01 1.025543e-03 1.025543e-03
108 4.438529e-01 4.439743e-01 4.439743e-01 1.213599e-04 1.213599e-04
109 4.490705e-01 4.481537e-01 4.481537e-01 9.167905e-04 9.167905e-04
110 4.491204e-01 4.481537e-01 4.481537e-01 9.667662e-04 9.667662e-04
111 4.529642e-01 4.523169e-01 4.523169e-01 6.473053e-04 6.473053e-04
112 4.602025e-01 4.583115e-01 4.583115e-01 1.890964e-03 1.890964e-03
113 4.612518e-01 4.624096e-01 4.624096e-01 1.157775e-03 1.157775e-03
114 4.634329e-01 4.624096e-01 4.624096e-01 1.023339e-03 1.023339e-03
115 4.668892e-01 4.664889e-01 4.664889e-01 4.002600e-04 4.002600e-04
116 4.687370e-01 4.722899e-01 4.722899e-01 3.552840e-03 3.552840e-03
117 4.763723e-01 4.763021e-01 4.763021e-01 7.015361e-05 7.015361e-05
118 4.774906e-01 4.763021e-01 4.763021e-01 1.188516e-03 1.188516e-03
119 4.806854e-01 4.802936e-01 4.802936e-01 3.918229e-04 3.918229e-04
120 4.831491e-01 4.859079e-01 4.859079e-01 2.758778e-03 2.758778e-03
121 4.905200e-01 4.898309e-01 4.898309e-01 6.891028e-04 6.891028e-04
122 4.914754e-01 4.898309e-01 4.898309e-01 1.644486e-03 1.644486e-03
123 4.923189e-01 4.937313e-01 4.937313e-01 1.412395e-03 1.412395e-03
124 5.017203e-01 4.991661e-01 4.991661e-01 2.554147e-03 2.554147e-03
125 5.033897e-01 5.029972e-01 5.029972e-01 3.925103e-04 3.925103e-04
126 5.043579e-01 5.029972e-01 5.029972e-01 1.360696e-03 1.360696e-03
127 5.047844e-01 5.068042e-01 5.068042e-01 2.019804e-03 2.019804e-03
128 5.116628e-01 5.120665e-01 5.120665e-01 4.036916e-04 4.036916e-04
129 5.148268e-01 5.158036e-01 5.158036e-01 9.768388e-04 9.768388e-04
130 5.176108e-01 5.158036e-01 5.158036e-01 1.807181e-03 1.807181e-03
131 5.193664e-01 5.195157e-01 5.195157e-01 1.492155e-04 1.492155e-04
132 5.242499e-01 5.246120e-01 5.246120e-01 3.621842e-04 3.621842e-04
133 5.278986e-01 5.282541e-01 5.282541e-01 3.555354e-04 3.555354e-04
134 5.299649e-01 5.282541e-01 5.282541e-01 1.710781e-03 1.710781e-03
135 5.320313e-01 5.318701e-01 5.318701e-01 1.611501e-04 1.611501e-04
136 5.346739e-01 5.368072e-01 5.368072e-01 2.133334e-03 2.133334e-03
137 5.392881e-01 5.403535e-01 5.403535e-01 1.065414e-03 1.065414e-03
138 5.409531e-01 5.403535e-01 5.403535e-01 5.995946e-04 5.995946e-04
139 5.483324e-01 5.438730e-01 5.438730e-01 4.459333e-03 4.459333e-03
140 5.505976e-01 5.486573e-01 5.486573e-01 1.940353e-03 1.940353e-03
141 5.507344e-01 5.521076e-01 5.521076e-01 1.373131e-03 1.373131e-03
142 5.531088e-01 5.521076e-01 5.521076e-01 1.001204e-03 1.001204e-03
143 5.542425e-01 5.555307e-01 5.555307e-01 1.288144e-03 1.288144e-03
