# Hello World! This is dune-eigensolver.
# hardware number of threads is 128 number of threads used is 1
# 8 8
# Smallest eigenvalues convergence test

#  n: 67600 A.N(): 67600 br: 1
# GeneralizedInverse:  time_total=3.647105e+02 time_factorization=3.216322e-01 iterations=603

# Arpack: time_total=1.567109e+01 iterations=1

# Eigensolver elapsed time 3.647135e+02

# N=67600 M=144 ACCURACY=1.000000e+00 TOL=1.000000e-03 THRESHOLD=9.000000e-02 ESARERROR=5.265889e-01 ARPERROR=1.718135e-04 ESANERROR=1.387779e-15 TIMERATIO= 2.327301e+01 \\

## gen: ftw     ARP-SMALL-TOL  ARPACK-TOL  ES-ARP-SMALL  ES-AR ERROR
00 1.343977e-15 -1.025655e-16 -1.027824e-16 1.446543e-15 1.446759e-15
01 5.604527e-03 5.604527e-03 5.604527e-03 6.591949e-17 7.719519e-17
02 5.604527e-03 5.604527e-03 5.604527e-03 8.586881e-17 8.673617e-17
03 8.364570e-03 8.364570e-03 8.364570e-03 3.087808e-16 3.122502e-16
04 1.867846e-02 1.867846e-02 1.867846e-02 4.198031e-16 4.371503e-16
05 1.998226e-02 1.998226e-02 1.998226e-02 2.807769e-09 2.807769e-09
06 1.998250e-02 1.998226e-02 1.998226e-02 2.412382e-07 2.412382e-07
07 2.019265e-02 2.019289e-02 2.019289e-02 2.440459e-07 2.440459e-07
08 3.249102e-02 3.249102e-02 3.249102e-02 5.828671e-16 5.759282e-16
09 3.360925e-02 3.360925e-02 3.360925e-02 5.134781e-16 5.759282e-16
10 3.360925e-02 3.360925e-02 3.360925e-02 5.342948e-16 5.412337e-16
11 3.488629e-02 3.488629e-02 3.488629e-02 5.759282e-16 5.759282e-16
12 4.663988e-02 4.663988e-02 4.663988e-02 4.440892e-16 5.481726e-16
13 4.820242e-02 4.820242e-02 4.820242e-02 4.163336e-16 4.787837e-16
14 4.820242e-02 4.820242e-02 4.820242e-02 3.885781e-16 5.759282e-16
15 4.983381e-02 4.983381e-02 4.983381e-02 5.967449e-16 5.065393e-16
16 6.142594e-02 6.142594e-02 6.142594e-02 4.232725e-16 4.371503e-16
17 6.335507e-02 6.335507e-02 6.335507e-02 5.551115e-16 5.967449e-16
18 6.335507e-02 6.335507e-02 6.335507e-02 6.938894e-16 6.245005e-16
19 6.536816e-02 6.536816e-02 6.536816e-02 6.800116e-16 6.106227e-16
20 7.676862e-02 7.676862e-02 7.676862e-02 4.718448e-16 3.053113e-16
21 7.904383e-02 7.904383e-02 7.904383e-02 4.163336e-16 5.551115e-16
22 7.904383e-02 7.904383e-02 7.904383e-02 1.804112e-16 4.718448e-16
23 8.140616e-02 8.140616e-02 8.140616e-02 6.106227e-16 5.828671e-16
24 9.261371e-02 9.261371e-02 9.261371e-02 1.387779e-16 2.220446e-16
25 9.521091e-02 9.521091e-02 9.521091e-02 2.636780e-16 2.498002e-16
26 9.521091e-02 9.521091e-02 9.521091e-02 4.440892e-16 4.996004e-16
27 9.789732e-02 9.789732e-02 9.789732e-02 2.775558e-16 2.081668e-16
28 1.089021e-01 1.089021e-01 1.089021e-01 9.714451e-17 9.714451e-17
29 1.117968e-01 1.117968e-01 1.117968e-01 4.718448e-16 4.440892e-16
30 1.117968e-01 1.117968e-01 1.117968e-01 1.804112e-16 1.387779e-16
31 1.147802e-01 1.147802e-01 1.147802e-01 1.013079e-15 5.273559e-16
32 1.255726e-01 1.255726e-01 1.255726e-01 7.419065e-14 7.435719e-14
33 1.287399e-01 1.287399e-01 1.287399e-01 7.058243e-14 7.033263e-14
34 1.287399e-01 1.287399e-01 1.287399e-01 3.025358e-15 2.747802e-15
35 1.319938e-01 1.319938e-01 1.319938e-01 1.498801e-15 1.637579e-15
36 1.425633e-01 1.425633e-01 1.425633e-01 2.775558e-17 2.220446e-16
37 1.459774e-01 1.459774e-01 1.459774e-01 3.053113e-16 1.110223e-16
38 1.459774e-01 1.459774e-01 1.459774e-01 1.065814e-14 1.088019e-14
39 1.494745e-01 1.494745e-01 1.494745e-01 1.082467e-14 1.074141e-14
40 1.598118e-01 1.598118e-01 1.598118e-01 4.016232e-14 4.057865e-14
41 1.634468e-01 1.634468e-01 1.634468e-01 1.043610e-14 1.115774e-14
42 1.634468e-01 1.634468e-01 1.634468e-01 2.309264e-14 2.309264e-14
43 1.671603e-01 1.671603e-01 1.671603e-01 5.312417e-14 5.292988e-14
44 1.772567e-01 1.772567e-01 1.772567e-01 1.573741e-14 1.562639e-14
45 1.810866e-01 1.810866e-01 1.810866e-01 3.330669e-16 3.330669e-16
46 1.810866e-01 1.810866e-01 1.810866e-01 7.997214e-13 7.994994e-13
47 1.849893e-01 1.849893e-01 1.849893e-01 8.154033e-13 8.157364e-13
48 1.948380e-01 1.948380e-01 1.948380e-01 1.536549e-13 1.537936e-13
49 1.988370e-01 1.988370e-01 1.988370e-01 7.494005e-16 1.193490e-15
50 1.988370e-01 1.988370e-01 1.988370e-01 1.793010e-14 1.773581e-14
51 2.029026e-01 2.029026e-01 2.029026e-01 1.728062e-13 1.725009e-13
52 2.124980e-01 2.124980e-01 2.124980e-01 1.166622e-12 1.166733e-12
53 2.166407e-01 2.166407e-01 2.166407e-01 7.193690e-13 7.199241e-13
54 2.166407e-01 2.166407e-01 2.166407e-01 6.388834e-12 6.388973e-12
55 2.208433e-01 2.208433e-01 2.208433e-01 6.835393e-12 6.835588e-12
56 2.301815e-01 2.301815e-01 2.301815e-01 1.046940e-12 1.046607e-12
57 2.344434e-01 2.344434e-01 2.344434e-01 8.738843e-13 8.743284e-13
58 2.344434e-01 2.344434e-01 2.344434e-01 1.010608e-11 1.010578e-11
59 2.387584e-01 2.387584e-01 2.387584e-01 1.027986e-11 1.027944e-11
60 2.478370e-01 2.478370e-01 2.478370e-01 1.633274e-11 1.633307e-11
61 2.521946e-01 2.521946e-01 2.521946e-01 1.478534e-11 1.478534e-11
62 2.521946e-01 2.521946e-01 2.521946e-01 1.848077e-12 1.848133e-12
63 2.565981e-01 2.565981e-01 2.565981e-01 3.396283e-12 3.396228e-12
64 2.654163e-01 2.654163e-01 2.654163e-01 1.423239e-11 1.423206e-11
65 2.698472e-01 2.698472e-01 2.698472e-01 8.773260e-12 8.773648e-12
66 2.698472e-01 2.698472e-01 2.698472e-01 2.489731e-12 2.490064e-12
67 2.743170e-01 2.743170e-01 2.743170e-01 2.969403e-12 2.969236e-12
68 2.828752e-01 2.828752e-01 2.828752e-01 2.492501e-11 2.492556e-11
69 2.873583e-01 2.873583e-01 2.873583e-01 8.010093e-12 8.010426e-12
70 2.873583e-01 2.873583e-01 2.873583e-01 4.695133e-13 4.699019e-13
71 2.918735e-01 2.918735e-01 2.918735e-01 1.644629e-11 1.644684e-11
72 3.001736e-01 3.001736e-01 3.001736e-01 5.830236e-09 5.830237e-09
73 3.046893e-01 3.046893e-01 3.046893e-01 5.350002e-09 5.350002e-09
74 3.046893e-01 3.046893e-01 3.046893e-01 4.424801e-10 4.424803e-10
75 3.092304e-01 3.092304e-01 3.092304e-01 3.773626e-11 3.773565e-11
76 3.172753e-01 3.172753e-01 3.172753e-01 1.219280e-10 1.219281e-10
77 3.218056e-01 3.218056e-01 3.218056e-01 3.941542e-11 3.941447e-11
78 3.218056e-01 3.218056e-01 3.218056e-01 9.902147e-10 9.902154e-10
79 3.263550e-01 3.263550e-01 3.263550e-01 1.151404e-09 1.151403e-09
80 3.341484e-01 3.341484e-01 3.341484e-01 2.853506e-09 2.853506e-09
81 3.386768e-01 3.386768e-01 3.386768e-01 2.727232e-09 2.727233e-09
82 3.386768e-01 3.386768e-01 3.386768e-01 3.080974e-10 3.080970e-10
83 3.432182e-01 3.432182e-01 3.432182e-01 4.345238e-10 4.345236e-10
84 3.507650e-01 3.507650e-01 3.507650e-01 9.793499e-12 9.792667e-12
85 3.552764e-01 3.552764e-01 3.552764e-01 8.815898e-11 8.815954e-11
86 3.552764e-01 3.552764e-01 3.552764e-01 4.483407e-10 4.483402e-10
87 3.597955e-01 3.597955e-01 3.597955e-01 5.461184e-10 5.461191e-10
88 3.671009e-01 3.671009e-01 3.671009e-01 1.376644e-08 1.376644e-08
89 3.715821e-01 3.715821e-01 3.715821e-01 6.111568e-09 6.111570e-09
90 3.715821e-01 3.715821e-01 3.715821e-01 1.730931e-08 1.730931e-08
91 3.760657e-01 3.760657e-01 3.760657e-01 2.496387e-08 2.496387e-08
92 3.833077e-01 3.831358e-01 3.831358e-01 1.718135e-04 1.718135e-04
93 3.874030e-01 3.875748e-01 3.875748e-01 1.718122e-04 1.718122e-04
94 3.875748e-01 3.875748e-01 3.875748e-01 4.483685e-09 4.483685e-09
95 3.920116e-01 3.920116e-01 3.920116e-01 2.668988e-09 2.668988e-09
96 3.988529e-01 3.988528e-01 3.988528e-01 4.079860e-08 4.079860e-08
97 4.032392e-01 4.032392e-01 4.032392e-01 2.429879e-08 2.429879e-08
98 4.032392e-01 4.032392e-01 4.032392e-01 1.855148e-08 1.855148e-08
99 4.076193e-01 4.076193e-01 4.076193e-01 1.111131e-10 1.111131e-10
100 4.142382e-01 4.142382e-01 4.142382e-01 9.329981e-09 9.329981e-09
101 4.185630e-01 4.185629e-01 4.185629e-01 3.323383e-08 3.323383e-08
102 4.185630e-01 4.185629e-01 4.185629e-01 5.700958e-08 5.700958e-08
103 4.228775e-01 4.228776e-01 4.228776e-01 1.006518e-07 1.006518e-07
104 4.292814e-01 4.292813e-01 4.292813e-01 1.240280e-08 1.240280e-08
105 4.335367e-01 4.335367e-01 4.335367e-01 2.956129e-08 2.956129e-08
106 4.335381e-01 4.335367e-01 4.335367e-01 1.385123e-06 1.385123e-06
107 4.377773e-01 4.377787e-01 4.377787e-01 1.427029e-06 1.427029e-06
108 4.439743e-01 4.439743e-01 4.439743e-01 1.546607e-09 1.546606e-09
109 4.481537e-01 4.481537e-01 4.481537e-01 2.195188e-08 2.195188e-08
110 4.481538e-01 4.481537e-01 4.481537e-01 9.946139e-08 9.946139e-08
111 4.523168e-01 4.523169e-01 4.523169e-01 1.227945e-07 1.227945e-07
112 4.583132e-01 4.583115e-01 4.583115e-01 1.682068e-06 1.682068e-06
113 4.624079e-01 4.624096e-01 4.624096e-01 1.648699e-06 1.648699e-06
114 4.624496e-01 4.624096e-01 4.624096e-01 4.007680e-05 4.007680e-05
115 4.664488e-01 4.664889e-01 4.664889e-01 4.009565e-05 4.009565e-05
116 4.722900e-01 4.722899e-01 4.722899e-01 1.289990e-07 1.289990e-07
117 4.763020e-01 4.763021e-01 4.763021e-01 5.529498e-08 5.529498e-08
118 4.763022e-01 4.763021e-01 4.763021e-01 9.215050e-08 9.215050e-08
119 4.802935e-01 4.802936e-01 4.802936e-01 1.067794e-07 1.067794e-07
120 4.859079e-01 4.859079e-01 4.859079e-01 6.827467e-08 6.827467e-08
121 4.898309e-01 4.898309e-01 4.898309e-01 2.585745e-08 2.585745e-08
122 4.898327e-01 4.898309e-01 4.898309e-01 1.839090e-06 1.839090e-06
123 4.937295e-01 4.937313e-01 4.937313e-01 1.870452e-06 1.870452e-06
124 4.993045e-01 4.991661e-01 4.991661e-01 1.383692e-04 1.383692e-04
125 5.028695e-01 5.029972e-01 5.029972e-01 1.276392e-04 1.276392e-04
126 5.029891e-01 5.029972e-01 5.029972e-01 8.115225e-06 8.115225e-06
127 5.068016e-01 5.068042e-01 5.068042e-01 2.611647e-06 2.611647e-06
128 5.120679e-01 5.120665e-01 5.120665e-01 1.453362e-06 1.453362e-06
129 5.158026e-01 5.158036e-01 5.158036e-01 1.024353e-06 1.024353e-06
130 5.158050e-01 5.158036e-01 5.158036e-01 1.407075e-06 1.407075e-06
131 5.195139e-01 5.195157e-01 5.195157e-01 1.802554e-06 1.802554e-06
132 5.246127e-01 5.246120e-01 5.246120e-01 6.682691e-07 6.682691e-07
133 5.282561e-01 5.282541e-01 5.282541e-01 1.973732e-06 1.973732e-06
134 5.283173e-01 5.282541e-01 5.282541e-01 6.320319e-05 6.320319e-05
135 5.318042e-01 5.318701e-01 5.318701e-01 6.588152e-05 6.588152e-05
136 5.368083e-01 5.368072e-01 5.368072e-01 1.019475e-06 1.019475e-06
137 5.403529e-01 5.403535e-01 5.403535e-01 5.657007e-07 5.657007e-07
138 5.403537e-01 5.403535e-01 5.403535e-01 1.700202e-07 1.700202e-07
139 5.438777e-01 5.438730e-01 5.438730e-01 4.676548e-06 4.676548e-06
140 5.486761e-01 5.486573e-01 5.486573e-01 1.880823e-05 1.880823e-05
141 5.520874e-01 5.521076e-01 5.521076e-01 2.012954e-05 2.012954e-05
142 5.521046e-01 5.521076e-01 5.521076e-01 3.004996e-06 3.004996e-06
143 5.555306e-01 5.555307e-01 5.555307e-01 6.997688e-08 6.997688e-08
