# Hello World! This is dune-eigensolver.
# hardware number of threads is 128 number of threads used is 1
# 8 8
# Smallest eigenvalues convergence test

#  n: 67600 A.N(): 67600 br: 1
# GeneralizedSymmetricStewart:  time_total=2.884899e+01 time_factorization=3.196497e-01 time_eigendecomposition=6.172819e-02 time_matmul_dense=9.502207e-02 iterations=39

# Arpack: time_total=1.575027e+01 iterations=1

# Eigensolver elapsed time 2.885362e+01

# N=67600 M=144 ACCURACY=1.000000e+00 TOL=2.000000e-04 THRESHOLD=9.000000e-02 ESARERROR=5.389565e-01 ARPERROR=1.236756e-02 ESANERROR=1.387779e-15 TIMERATIO= 1.831945e+00 \\

## gen: stw     ARP-SMALL-TOL  ARPACK-TOL  ES-ARP-SMALL  ES-AR ERROR
00 1.137545e-15 -1.025655e-16 -1.027824e-16 1.240110e-15 1.240327e-15
01 5.604527e-03 5.604527e-03 5.604527e-03 1.491862e-16 1.604619e-16
02 5.604527e-03 5.604527e-03 5.604527e-03 1.439820e-16 1.448494e-16
03 8.364570e-03 8.364570e-03 8.364570e-03 1.144917e-16 1.179612e-16
04 1.867846e-02 1.867846e-02 1.867846e-02 2.636780e-16 2.810252e-16
05 1.998226e-02 1.998226e-02 1.998226e-02 3.608225e-16 3.261280e-16
06 1.998226e-02 1.998226e-02 1.998226e-02 7.979728e-17 3.816392e-17
07 2.019289e-02 2.019289e-02 2.019289e-02 5.551115e-16 5.689893e-16
08 3.249102e-02 3.249102e-02 3.249102e-02 3.677614e-16 3.608225e-16
09 3.360925e-02 3.360925e-02 3.360925e-02 4.510281e-16 5.134781e-16
10 3.360925e-02 3.360925e-02 3.360925e-02 3.538836e-16 3.608225e-16
11 3.488629e-02 3.488629e-02 3.488629e-02 4.371503e-16 4.371503e-16
12 4.663988e-02 4.663988e-02 4.663988e-02 4.857226e-16 5.898060e-16
13 4.820242e-02 4.820242e-02 4.820242e-02 7.285839e-16 7.910339e-16
14 4.820242e-02 4.820242e-02 4.820242e-02 2.151057e-16 4.024558e-16
15 4.983381e-02 4.983381e-02 4.983381e-02 4.787837e-16 3.885781e-16
16 6.142594e-02 6.142594e-02 6.142594e-02 3.469447e-16 3.608225e-16
17 6.335507e-02 6.335507e-02 6.335507e-02 5.412337e-16 5.828671e-16
18 6.335507e-02 6.335507e-02 6.335507e-02 3.885781e-16 3.191891e-16
19 6.536816e-02 6.536816e-02 6.536816e-02 4.996004e-16 4.302114e-16
20 7.676862e-02 7.676862e-02 7.676862e-02 1.665335e-16 0.000000e+00
21 7.904383e-02 7.904383e-02 7.904383e-02 1.665335e-16 3.053113e-16
22 7.904383e-02 7.904383e-02 7.904383e-02 2.914335e-16 0.000000e+00
23 8.140616e-02 8.140616e-02 8.140616e-02 5.551115e-16 5.273559e-16
24 9.261371e-02 9.261371e-02 9.261371e-02 4.302114e-16 3.469447e-16
25 9.521091e-02 9.521091e-02 9.521091e-02 3.330669e-16 3.191891e-16
26 9.521091e-02 9.521091e-02 9.521091e-02 3.885781e-16 4.440892e-16
27 9.789732e-02 9.789732e-02 9.789732e-02 2.359224e-16 3.053113e-16
28 1.089021e-01 1.089021e-01 1.089021e-01 3.608225e-16 3.608225e-16
29 1.117968e-01 1.117968e-01 1.117968e-01 2.636780e-16 2.359224e-16
30 1.117968e-01 1.117968e-01 1.117968e-01 4.718448e-16 4.302114e-16
31 1.147802e-01 1.147802e-01 1.147802e-01 5.273559e-16 4.163336e-17
32 1.255726e-01 1.255726e-01 1.255726e-01 8.604228e-16 6.938894e-16
33 1.287399e-01 1.287399e-01 1.287399e-01 2.220446e-16 2.775558e-17
34 1.287399e-01 1.287399e-01 1.287399e-01 2.498002e-16 5.273559e-16
35 1.319938e-01 1.319938e-01 1.319938e-01 4.996004e-16 6.383782e-16
36 1.425633e-01 1.425633e-01 1.425633e-01 1.665335e-16 4.163336e-16
37 1.459774e-01 1.459774e-01 1.459774e-01 5.551115e-16 1.387779e-16
38 1.459774e-01 1.459774e-01 1.459774e-01 4.996004e-16 2.775558e-16
39 1.494745e-01 1.494745e-01 1.494745e-01 3.885781e-16 4.718448e-16
40 1.598118e-01 1.598118e-01 1.598118e-01 5.551115e-17 3.608225e-16
41 1.634468e-01 1.634468e-01 1.634468e-01 4.440892e-16 2.775558e-16
42 1.634468e-01 1.634468e-01 1.634468e-01 4.440892e-16 4.440892e-16
43 1.671603e-01 1.671603e-01 1.671603e-01 3.608225e-16 5.551115e-16
44 1.772567e-01 1.772567e-01 1.772567e-01 3.330669e-16 4.440892e-16
45 1.810866e-01 1.810866e-01 1.810866e-01 2.220446e-16 2.220446e-16
46 1.810866e-01 1.810866e-01 1.810866e-01 2.220446e-16 0.000000e+00
47 1.849893e-01 1.849893e-01 1.849893e-01 8.326673e-16 1.165734e-15
48 1.948380e-01 1.948380e-01 1.948380e-01 7.494005e-16 6.106227e-16
49 1.988370e-01 1.988370e-01 1.988370e-01 7.771561e-16 3.330669e-16
50 1.988370e-01 1.988370e-01 1.988370e-01 5.551115e-16 7.494005e-16
51 2.029026e-01 2.029026e-01 2.029026e-01 1.665335e-16 1.387779e-16
52 2.124980e-01 2.124980e-01 2.124980e-01 8.326673e-16 7.216450e-16
53 2.166407e-01 2.166407e-01 2.166407e-01 8.049117e-16 2.498002e-16
54 2.166407e-01 2.166407e-01 2.166407e-01 3.608225e-16 4.996004e-16
55 2.208433e-01 2.208433e-01 2.208433e-01 6.661338e-16 8.604228e-16
56 2.301815e-01 2.301815e-01 2.301815e-01 2.498002e-16 5.828671e-16
57 2.344434e-01 2.344434e-01 2.344434e-01 1.942890e-16 2.498002e-16
58 2.344434e-01 2.344434e-01 2.344434e-01 5.551115e-17 2.498002e-16
59 2.387584e-01 2.387584e-01 2.387584e-01 4.163336e-16 0.000000e+00
60 2.478370e-01 2.478370e-01 2.478370e-01 2.498002e-16 8.326673e-17
61 2.521946e-01 2.521946e-01 2.521946e-01 4.440892e-16 4.440892e-16
62 2.521946e-01 2.521946e-01 2.521946e-01 5.551115e-16 6.106227e-16
63 2.565981e-01 2.565981e-01 2.565981e-01 6.106227e-16 6.661338e-16
64 2.654163e-01 2.654163e-01 2.654163e-01 7.771561e-16 4.440892e-16
65 2.698472e-01 2.698472e-01 2.698472e-01 2.220446e-16 1.665335e-16
66 2.698472e-01 2.698472e-01 2.698472e-01 1.110223e-16 4.440892e-16
67 2.743170e-01 2.743170e-01 2.743170e-01 5.551115e-17 1.110223e-16
68 2.828752e-01 2.828752e-01 2.828752e-01 2.220446e-16 3.330669e-16
69 2.873583e-01 2.873583e-01 2.873583e-01 9.436896e-16 6.106227e-16
70 2.873583e-01 2.873583e-01 2.873583e-01 5.551115e-17 3.330669e-16
71 2.918735e-01 2.918735e-01 2.918735e-01 4.996004e-16 1.054712e-15
72 3.001736e-01 3.001736e-01 3.001736e-01 4.996004e-16 3.330669e-16
73 3.046893e-01 3.046893e-01 3.046893e-01 6.106227e-16 5.551115e-16
74 3.046893e-01 3.046893e-01 3.046893e-01 6.106227e-16 7.771561e-16
75 3.092304e-01 3.092304e-01 3.092304e-01 4.996004e-16 1.110223e-16
76 3.172753e-01 3.172753e-01 3.172753e-01 2.220446e-16 1.665335e-16
77 3.218056e-01 3.218056e-01 3.218056e-01 9.436896e-16 0.000000e+00
78 3.218056e-01 3.218056e-01 3.218056e-01 1.665335e-16 5.551115e-16
79 3.263550e-01 3.263550e-01 3.263550e-01 4.440892e-16 3.885781e-16
80 3.341484e-01 3.341484e-01 3.341484e-01 2.220446e-16 1.665335e-16
81 3.386768e-01 3.386768e-01 3.386768e-01 5.551115e-16 0.000000e+00
82 3.386768e-01 3.386768e-01 3.386768e-01 6.661338e-16 2.775558e-16
83 3.432182e-01 3.432182e-01 3.432182e-01 3.885781e-16 5.551115e-16
84 3.507650e-01 3.507650e-01 3.507650e-01 6.106227e-16 2.220446e-16
85 3.552764e-01 3.552764e-01 3.552764e-01 5.551115e-16 1.110223e-15
86 3.552764e-01 3.552764e-01 3.552764e-01 1.498801e-15 9.992007e-16
87 3.597955e-01 3.597955e-01 3.597955e-01 7.216450e-16 1.387779e-15
88 3.671009e-01 3.671009e-01 3.671009e-01 2.164935e-15 2.442491e-15
89 3.715821e-01 3.715821e-01 3.715821e-01 2.831069e-15 1.443290e-15
90 3.715821e-01 3.715821e-01 3.715821e-01 2.942091e-15 2.442491e-15
91 3.760657e-01 3.760657e-01 3.760657e-01 4.773959e-15 5.440093e-15
92 3.831358e-01 3.831358e-01 3.831358e-01 8.493206e-15 8.604228e-15
93 3.875748e-01 3.875748e-01 3.875748e-01 2.781109e-14 2.686740e-14
94 3.875748e-01 3.875748e-01 3.875748e-01 2.908229e-13 2.902123e-13
95 3.920116e-01 3.920116e-01 3.920116e-01 4.740652e-14 4.829470e-14
96 3.988528e-01 3.988528e-01 3.988528e-01 9.747203e-13 9.745538e-13
97 4.032392e-01 4.032392e-01 4.032392e-01 8.490986e-13 8.486545e-13
98 4.032392e-01 4.032392e-01 4.032392e-01 1.890543e-12 1.891376e-12
99 4.076193e-01 4.076193e-01 4.076193e-01 1.790457e-12 1.790457e-12
100 4.142382e-01 4.142382e-01 4.142382e-01 6.681489e-12 6.681045e-12
101 4.185629e-01 4.185629e-01 4.185629e-01 5.955569e-12 5.955292e-12
102 4.185629e-01 4.185629e-01 4.185629e-01 2.742101e-11 2.742145e-11
103 4.228776e-01 4.228776e-01 4.228776e-01 1.928369e-11 1.928474e-11
104 4.292813e-01 4.292813e-01 4.292813e-01 4.972950e-11 4.972922e-11
105 4.335367e-01 4.335367e-01 4.335367e-01 5.916867e-11 5.916928e-11
106 4.335367e-01 4.335367e-01 4.335367e-01 6.816120e-10 6.816126e-10
107 4.377787e-01 4.377787e-01 4.377787e-01 7.367051e-10 7.367052e-10
108 4.439743e-01 4.439743e-01 4.439743e-01 1.505016e-09 1.505015e-09
109 4.481537e-01 4.481537e-01 4.481537e-01 4.153987e-10 4.154000e-10
110 4.481537e-01 4.481537e-01 4.481537e-01 1.911378e-09 1.911378e-09
111 4.523169e-01 4.523169e-01 4.523169e-01 3.326425e-08 3.326425e-08
112 4.583116e-01 4.583115e-01 4.583115e-01 1.144920e-08 1.144920e-08
113 4.624096e-01 4.624096e-01 4.624096e-01 2.440317e-08 2.440316e-08
114 4.624096e-01 4.624096e-01 4.624096e-01 7.046751e-08 7.046751e-08
115 4.664890e-01 4.664889e-01 4.664889e-01 4.457060e-08 4.457060e-08
116 4.722900e-01 4.722899e-01 4.722899e-01 1.537013e-07 1.537013e-07
117 4.763022e-01 4.763021e-01 4.763021e-01 9.345423e-08 9.345423e-08
118 4.763023e-01 4.763021e-01 4.763021e-01 1.857491e-07 1.857491e-07
119 4.802941e-01 4.802936e-01 4.802936e-01 5.259440e-07 5.259440e-07
120 4.859084e-01 4.859079e-01 4.859079e-01 5.027517e-07 5.027517e-07
121 4.898314e-01 4.898309e-01 4.898309e-01 4.998005e-07 4.998005e-07
122 4.898339e-01 4.898309e-01 4.898309e-01 3.019795e-06 3.019795e-06
123 4.937362e-01 4.937313e-01 4.937313e-01 4.858233e-06 4.858233e-06
124 4.991788e-01 4.991661e-01 4.991661e-01 1.260271e-05 1.260271e-05
125 5.030033e-01 5.029972e-01 5.029972e-01 6.173331e-06 6.173331e-06
126 5.030221e-01 5.029972e-01 5.029972e-01 2.497324e-05 2.497324e-05
127 5.068280e-01 5.068042e-01 5.068042e-01 2.381325e-05 2.381325e-05
128 5.121043e-01 5.120665e-01 5.120665e-01 3.787497e-05 3.787497e-05
129 5.158371e-01 5.158036e-01 5.158036e-01 3.347385e-05 3.347385e-05
130 5.158883e-01 5.158036e-01 5.158036e-01 8.468381e-05 8.468381e-05
131 5.195496e-01 5.195157e-01 5.195157e-01 3.395442e-05 3.395442e-05
132 5.248534e-01 5.246120e-01 5.246120e-01 2.413243e-04 2.413243e-04
133 5.284008e-01 5.282541e-01 5.282541e-01 1.466756e-04 1.466756e-04
134 5.295481e-01 5.282541e-01 5.282541e-01 1.293963e-03 1.293963e-03
135 5.321694e-01 5.318701e-01 5.318701e-01 2.992424e-04 2.992424e-04
136 5.371538e-01 5.368072e-01 5.368072e-01 3.465984e-04 3.465984e-04
137 5.405505e-01 5.403535e-01 5.403535e-01 1.970215e-04 1.970215e-04
138 5.413984e-01 5.403535e-01 5.403535e-01 1.044906e-03 1.044906e-03
139 5.450247e-01 5.438730e-01 5.438730e-01 1.151691e-03 1.151691e-03
140 5.516144e-01 5.486573e-01 5.486573e-01 2.957133e-03 2.957133e-03
141 5.547617e-01 5.521076e-01 5.521076e-01 2.654152e-03 2.654152e-03
142 5.584382e-01 5.521076e-01 5.521076e-01 6.330631e-03 6.330631e-03
143 5.678982e-01 5.555307e-01 5.555307e-01 1.236756e-02 1.236756e-02
