# Hello World! This is dune-eigensolver.
# hardware number of threads is 128 number of threads used is 1
# 8 8
# Smallest eigenvalues convergence test

#  n: 67600 A.N(): 67600 br: 1
# GeneralizedInverse:  time_total=3.504281e+02 time_factorization=3.192738e-01 iterations=568

# Arpack: time_total=1.548286e+01 iterations=1

# Eigensolver elapsed time 3.504321e+02

# N=67600 M=144 ACCURACY=7.500000e-01 TOL=1.000000e-03 THRESHOLD=9.000000e-02 ESARERROR=5.265891e-01 ARPERROR=3.664917e-04 ESANERROR=1.387779e-15 TIMERATIO= 2.263354e+01 \\

## gen: ftw     ARP-SMALL-TOL  ARPACK-TOL  ES-ARP-SMALL  ES-AR ERROR
00 1.340941e-15 -1.025655e-16 -1.027824e-16 1.443507e-15 1.443724e-15
01 5.604527e-03 5.604527e-03 5.604527e-03 9.020562e-17 1.014813e-16
02 5.604527e-03 5.604527e-03 5.604527e-03 3.642919e-17 3.729655e-17
03 8.364570e-03 8.364570e-03 8.364570e-03 2.359224e-16 2.393918e-16
04 1.867846e-02 1.867846e-02 1.867846e-02 3.573530e-16 3.747003e-16
05 1.998226e-02 1.998226e-02 1.998226e-02 5.649560e-09 5.649560e-09
06 1.998274e-02 1.998226e-02 1.998226e-02 4.848308e-07 4.848308e-07
07 2.019240e-02 2.019289e-02 2.019289e-02 4.904804e-07 4.904804e-07
08 3.249102e-02 3.249102e-02 3.249102e-02 3.955170e-16 3.885781e-16
09 3.360925e-02 3.360925e-02 3.360925e-02 5.898060e-16 6.522560e-16
10 3.360925e-02 3.360925e-02 3.360925e-02 5.967449e-16 6.036838e-16
11 3.488629e-02 3.488629e-02 3.488629e-02 6.453171e-16 6.453171e-16
12 4.663988e-02 4.663988e-02 4.663988e-02 4.371503e-16 5.412337e-16
13 4.820242e-02 4.820242e-02 4.820242e-02 3.400058e-16 4.024558e-16
14 4.820242e-02 4.820242e-02 4.820242e-02 4.440892e-16 6.314393e-16
15 4.983381e-02 4.983381e-02 4.983381e-02 6.730727e-16 5.828671e-16
16 6.142594e-02 6.142594e-02 6.142594e-02 4.302114e-16 4.440892e-16
17 6.335507e-02 6.335507e-02 6.335507e-02 5.412337e-16 5.828671e-16
18 6.335507e-02 6.335507e-02 6.335507e-02 5.273559e-16 4.579670e-16
19 6.536816e-02 6.536816e-02 6.536816e-02 7.355228e-16 6.661338e-16
20 7.676862e-02 7.676862e-02 7.676862e-02 4.579670e-16 2.914335e-16
21 7.904383e-02 7.904383e-02 7.904383e-02 3.747003e-16 5.134781e-16
22 7.904383e-02 7.904383e-02 7.904383e-02 3.330669e-16 6.245005e-16
23 8.140616e-02 8.140616e-02 8.140616e-02 3.330669e-16 3.053113e-16
24 9.261371e-02 9.261371e-02 9.261371e-02 6.383782e-16 7.216450e-16
25 9.521091e-02 9.521091e-02 9.521091e-02 6.522560e-16 6.383782e-16
26 9.521091e-02 9.521091e-02 9.521091e-02 5.134781e-16 5.689893e-16
27 9.789732e-02 9.789732e-02 9.789732e-02 4.579670e-16 3.885781e-16
28 1.089021e-01 1.089021e-01 1.089021e-01 9.714451e-17 9.714451e-17
29 1.117968e-01 1.117968e-01 1.117968e-01 3.053113e-16 2.775558e-16
30 1.117968e-01 1.117968e-01 1.117968e-01 1.346145e-15 1.387779e-15
31 1.147802e-01 1.147802e-01 1.147802e-01 2.664535e-15 2.178813e-15
32 1.255726e-01 1.255726e-01 1.255726e-01 4.191369e-13 4.193035e-13
33 1.287399e-01 1.287399e-01 1.287399e-01 3.982370e-13 3.979872e-13
34 1.287399e-01 1.287399e-01 1.287399e-01 1.595946e-14 1.568190e-14
35 1.319938e-01 1.319938e-01 1.319938e-01 5.578871e-15 5.717649e-15
36 1.425633e-01 1.425633e-01 1.425633e-01 1.137979e-15 1.387779e-15
37 1.459774e-01 1.459774e-01 1.459774e-01 4.163336e-16 8.326673e-16
38 1.459774e-01 1.459774e-01 1.459774e-01 5.451195e-14 5.473400e-14
39 1.494745e-01 1.494745e-01 1.494745e-01 5.637157e-14 5.628831e-14
40 1.598118e-01 1.598118e-01 1.598118e-01 1.932343e-13 1.936507e-13
41 1.634468e-01 1.634468e-01 1.634468e-01 5.181966e-14 5.254130e-14
42 1.634468e-01 1.634468e-01 1.634468e-01 1.105782e-13 1.105782e-13
43 1.671603e-01 1.671603e-01 1.671603e-01 2.527145e-13 2.525202e-13
44 1.772567e-01 1.772567e-01 1.772567e-01 6.919465e-14 6.908363e-14
45 1.810866e-01 1.810866e-01 1.810866e-01 6.938894e-16 6.938894e-16
46 1.810866e-01 1.810866e-01 1.810866e-01 3.528872e-12 3.528650e-12
47 1.849893e-01 1.849893e-01 1.849893e-01 3.599510e-12 3.599843e-12
48 1.948380e-01 1.948380e-01 1.948380e-01 6.321332e-13 6.322720e-13
49 1.988370e-01 1.988370e-01 1.988370e-01 1.498801e-15 1.942890e-15
50 1.988370e-01 1.988370e-01 1.988370e-01 7.233103e-14 7.213674e-14
51 2.029026e-01 2.029026e-01 2.029026e-01 7.069345e-13 7.066292e-13
52 2.124980e-01 2.124980e-01 2.124980e-01 4.479028e-12 4.479139e-12
53 2.166407e-01 2.166407e-01 2.166407e-01 2.775530e-12 2.776085e-12
54 2.166407e-01 2.166407e-01 2.166407e-01 2.437323e-11 2.437336e-11
55 2.208433e-01 2.208433e-01 2.208433e-01 2.607570e-11 2.607589e-11
56 2.301815e-01 2.301815e-01 2.301815e-01 3.759076e-12 3.758743e-12
57 2.344434e-01 2.344434e-01 2.344434e-01 3.138934e-12 3.139378e-12
58 2.344434e-01 2.344434e-01 2.344434e-01 3.603032e-11 3.603001e-11
59 2.387584e-01 2.387584e-01 2.387584e-01 3.665140e-11 3.665099e-11
60 2.478370e-01 2.478370e-01 2.478370e-01 5.505846e-11 5.505879e-11
61 2.521946e-01 2.521946e-01 2.521946e-01 4.986894e-11 4.986894e-11
62 2.521946e-01 2.521946e-01 2.521946e-01 6.165790e-12 6.165846e-12
63 2.565981e-01 2.565981e-01 2.565981e-01 1.135486e-11 1.135481e-11
64 2.654163e-01 2.654163e-01 2.654163e-01 4.515499e-11 4.515466e-11
65 2.698472e-01 2.698472e-01 2.698472e-01 2.789741e-11 2.789780e-11
66 2.698472e-01 2.698472e-01 2.698472e-01 7.918610e-12 7.918943e-12
67 2.743170e-01 2.743170e-01 2.743170e-01 9.337420e-12 9.337253e-12
68 2.828752e-01 2.828752e-01 2.828752e-01 7.464257e-11 7.464313e-11
69 2.873583e-01 2.873583e-01 2.873583e-01 2.425055e-11 2.425088e-11
70 2.873583e-01 2.873583e-01 2.873583e-01 1.595113e-12 1.595502e-12
71 2.918735e-01 2.918735e-01 2.918735e-01 4.879641e-11 4.879697e-11
72 3.001736e-01 3.001736e-01 3.001736e-01 1.652420e-08 1.652420e-08
73 3.046893e-01 3.046893e-01 3.046893e-01 1.516401e-08 1.516401e-08
74 3.046893e-01 3.046893e-01 3.046893e-01 1.254200e-09 1.254200e-09
75 3.092304e-01 3.092304e-01 3.092304e-01 1.058756e-10 1.058750e-10
76 3.172753e-01 3.172753e-01 3.172753e-01 3.278572e-10 3.278573e-10
77 3.218056e-01 3.218056e-01 3.218056e-01 1.048606e-10 1.048596e-10
78 3.218056e-01 3.218056e-01 3.218056e-01 2.634375e-09 2.634375e-09
79 3.263550e-01 3.263550e-01 3.263550e-01 3.066313e-09 3.066312e-09
80 3.341485e-01 3.341484e-01 3.341484e-01 7.300555e-09 7.300556e-09
81 3.386768e-01 3.386768e-01 3.386768e-01 6.978772e-09 6.978773e-09
82 3.386768e-01 3.386768e-01 3.386768e-01 7.783409e-10 7.783405e-10
83 3.432182e-01 3.432182e-01 3.432182e-01 1.100934e-09 1.100934e-09
84 3.507650e-01 3.507650e-01 3.507650e-01 2.385814e-11 2.385731e-11
85 3.552764e-01 3.552764e-01 3.552764e-01 2.128442e-10 2.128447e-10
86 3.552764e-01 3.552764e-01 3.552764e-01 1.083347e-09 1.083347e-09
87 3.597955e-01 3.597955e-01 3.597955e-01 1.319350e-09 1.319351e-09
88 3.671010e-01 3.671009e-01 3.671009e-01 3.211238e-08 3.211238e-08
89 3.715821e-01 3.715821e-01 3.715821e-01 1.427401e-08 1.427401e-08
90 3.715821e-01 3.715821e-01 3.715821e-01 3.983419e-08 3.983418e-08
91 3.760657e-01 3.760657e-01 3.760657e-01 5.767146e-08 5.767146e-08
92 3.835023e-01 3.831358e-01 3.831358e-01 3.664917e-04 3.664917e-04
93 3.872083e-01 3.875748e-01 3.875748e-01 3.664890e-04 3.664890e-04
94 3.875748e-01 3.875748e-01 3.875748e-01 9.926228e-09 9.926227e-09
95 3.920116e-01 3.920116e-01 3.920116e-01 2.485026e-09 2.485025e-09
96 3.988529e-01 3.988528e-01 3.988528e-01 8.393412e-08 8.393412e-08
97 4.032391e-01 4.032392e-01 4.032392e-01 5.215176e-08 5.215176e-08
98 4.032391e-01 4.032392e-01 4.032392e-01 3.983326e-08 3.983326e-08
99 4.076193e-01 4.076193e-01 4.076193e-01 1.267004e-09 1.267004e-09
100 4.142382e-01 4.142382e-01 4.142382e-01 1.817259e-08 1.817259e-08
101 4.185630e-01 4.185629e-01 4.185629e-01 6.792872e-08 6.792872e-08
102 4.185630e-01 4.185629e-01 4.185629e-01 1.165675e-07 1.165675e-07
103 4.228774e-01 4.228776e-01 4.228776e-01 2.059898e-07 2.059898e-07
104 4.292814e-01 4.292813e-01 4.292813e-01 2.469806e-08 2.469806e-08
105 4.335367e-01 4.335367e-01 4.335367e-01 5.819921e-08 5.819921e-08
106 4.335394e-01 4.335367e-01 4.335367e-01 2.733187e-06 2.733187e-06
107 4.377759e-01 4.377787e-01 4.377787e-01 2.815932e-06 2.815932e-06
108 4.439743e-01 4.439743e-01 4.439743e-01 2.930706e-09 2.930705e-09
109 4.481537e-01 4.481537e-01 4.481537e-01 4.185010e-08 4.185010e-08
110 4.481539e-01 4.481537e-01 4.481537e-01 1.897247e-07 1.897247e-07
111 4.523167e-01 4.523169e-01 4.523169e-01 2.340999e-07 2.340999e-07
112 4.583147e-01 4.583115e-01 4.583115e-01 3.131185e-06 3.131185e-06
113 4.624065e-01 4.624096e-01 4.624096e-01 3.069677e-06 3.069677e-06
114 4.624830e-01 4.624096e-01 4.624096e-01 7.340697e-05 7.340697e-05
115 4.664155e-01 4.664889e-01 4.664889e-01 7.343409e-05 7.343409e-05
116 4.722901e-01 4.722899e-01 4.722899e-01 2.245778e-07 2.245778e-07
117 4.763020e-01 4.763021e-01 4.763021e-01 1.002002e-07 1.002002e-07
118 4.763023e-01 4.763021e-01 4.763021e-01 1.641705e-07 1.641705e-07
119 4.802934e-01 4.802936e-01 4.802936e-01 1.572557e-07 1.572557e-07
120 4.859078e-01 4.859079e-01 4.859079e-01 1.565302e-07 1.565302e-07
121 4.898309e-01 4.898309e-01 4.898309e-01 4.494245e-08 4.494245e-08
122 4.898341e-01 4.898309e-01 4.898309e-01 3.199429e-06 3.199429e-06
123 4.937281e-01 4.937313e-01 4.937313e-01 3.254004e-06 3.254004e-06
124 4.993963e-01 4.991661e-01 4.991661e-01 2.301949e-04 2.301949e-04
125 5.027853e-01 5.029972e-01 5.029972e-01 2.119166e-04 2.119166e-04
126 5.029833e-01 5.029972e-01 5.029972e-01 1.385114e-05 1.385114e-05
127 5.067998e-01 5.068042e-01 5.068042e-01 4.420628e-06 4.420628e-06
128 5.120689e-01 5.120665e-01 5.120665e-01 2.413642e-06 2.413642e-06
129 5.158019e-01 5.158036e-01 5.158036e-01 1.703852e-06 1.703852e-06
130 5.158059e-01 5.158036e-01 5.158036e-01 2.318280e-06 2.318280e-06
131 5.195127e-01 5.195157e-01 5.195157e-01 2.962019e-06 2.962019e-06
132 5.246131e-01 5.246120e-01 5.246120e-01 1.072680e-06 1.072680e-06
133 5.282573e-01 5.282541e-01 5.282541e-01 3.170281e-06 3.170281e-06
134 5.283547e-01 5.282541e-01 5.282541e-01 1.006408e-04 1.006408e-04
135 5.317652e-01 5.318701e-01 5.318701e-01 1.049554e-04 1.049554e-04
136 5.368088e-01 5.368072e-01 5.368072e-01 1.614824e-06 1.614824e-06
137 5.403526e-01 5.403535e-01 5.403535e-01 9.007438e-07 9.007438e-07
138 5.403538e-01 5.403535e-01 5.403535e-01 2.675227e-07 2.675227e-07
139 5.438818e-01 5.438730e-01 5.438730e-01 8.785018e-06 8.785018e-06
140 5.486848e-01 5.486573e-01 5.486573e-01 2.753652e-05 2.753652e-05
141 5.520764e-01 5.521076e-01 5.521076e-01 3.112161e-05 3.112161e-05
142 5.521029e-01 5.521076e-01 5.521076e-01 4.671946e-06 4.671946e-06
143 5.555308e-01 5.555307e-01 5.555307e-01 1.075551e-07 1.075551e-07
