# Hello World! This is dune-eigensolver.
# hardware number of threads is 128 number of threads used is 1
# 8 8
# Smallest eigenvalues convergence test

#  n: 67600 A.N(): 67600 br: 1
# GeneralizedInverse:  time_total=3.041677e+00 time_factorization=3.190260e-01 iterations=4

# Arpack: time_total=1.545752e+01 iterations=1

# Eigensolver elapsed time 3.045404e+00

# N=67600 M=144 ACCURACY=2.500000e-01 TOL=1.000000e-01 THRESHOLD=9.000000e-02 ESARERROR=8.919349e-01 ARPERROR=3.694767e-01 ESANERROR=1.387779e-15 TIMERATIO= 1.970176e-01 \\

## gen: ftw     ARP-SMALL-TOL  ARPACK-TOL  ES-ARP-SMALL  ES-AR ERROR
00 1.544066e-09 -1.025655e-16 -1.027824e-16 1.544066e-09 1.544066e-09
01 5.626164e-03 5.604527e-03 5.604527e-03 2.163691e-05 2.163691e-05
02 6.890152e-03 5.604527e-03 5.604527e-03 1.285625e-03 1.285625e-03
03 7.933721e-03 8.364570e-03 8.364570e-03 4.308488e-04 4.308488e-04
04 1.941025e-02 1.867846e-02 1.867846e-02 7.317887e-04 7.317887e-04
05 2.107411e-02 1.998226e-02 1.998226e-02 1.091850e-03 1.091850e-03
06 2.109027e-02 1.998226e-02 1.998226e-02 1.108012e-03 1.108012e-03
07 2.927273e-02 2.019289e-02 2.019289e-02 9.079840e-03 9.079840e-03
08 2.933465e-02 3.249102e-02 3.249102e-02 3.156361e-03 3.156361e-03
09 3.092471e-02 3.360925e-02 3.360925e-02 2.684534e-03 2.684534e-03
10 3.698047e-02 3.360925e-02 3.360925e-02 3.371226e-03 3.371226e-03
11 3.974785e-02 3.488629e-02 3.488629e-02 4.861560e-03 4.861560e-03
12 4.970895e-02 4.663988e-02 4.663988e-02 3.069076e-03 3.069076e-03
13 5.025694e-02 4.820242e-02 4.820242e-02 2.054523e-03 2.054523e-03
14 5.163182e-02 4.820242e-02 4.820242e-02 3.429403e-03 3.429403e-03
15 5.531824e-02 4.983381e-02 4.983381e-02 5.484425e-03 5.484425e-03
16 5.734329e-02 6.142594e-02 6.142594e-02 4.082648e-03 4.082648e-03
17 5.872121e-02 6.335507e-02 6.335507e-02 4.633855e-03 4.633855e-03
18 7.003834e-02 6.335507e-02 6.335507e-02 6.683279e-03 6.683279e-03
19 7.333641e-02 6.536816e-02 6.536816e-02 7.968250e-03 7.968250e-03
20 7.505842e-02 7.676862e-02 7.676862e-02 1.710201e-03 1.710201e-03
21 7.943377e-02 7.904383e-02 7.904383e-02 3.899401e-04 3.899401e-04
22 8.183053e-02 7.904383e-02 7.904383e-02 2.786695e-03 2.786695e-03
23 9.292720e-02 8.140616e-02 8.140616e-02 1.152104e-02 1.152104e-02
24 9.480331e-02 9.261371e-02 9.261371e-02 2.189601e-03 2.189601e-03
25 9.753225e-02 9.521091e-02 9.521091e-02 2.321336e-03 2.321336e-03
26 1.036861e-01 9.521091e-02 9.521091e-02 8.475147e-03 8.475147e-03
27 1.048944e-01 9.789732e-02 9.789732e-02 6.997060e-03 6.997060e-03
28 1.063134e-01 1.089021e-01 1.089021e-01 2.588614e-03 2.588614e-03
29 1.113276e-01 1.117968e-01 1.117968e-01 4.692681e-04 4.692681e-04
30 1.150989e-01 1.117968e-01 1.117968e-01 3.302104e-03 3.302104e-03
31 1.327454e-01 1.147802e-01 1.147802e-01 1.796523e-02 1.796523e-02
32 1.393914e-01 1.255726e-01 1.255726e-01 1.381881e-02 1.381881e-02
33 1.395805e-01 1.287399e-01 1.287399e-01 1.084064e-02 1.084064e-02
34 1.433787e-01 1.287399e-01 1.287399e-01 1.463882e-02 1.463882e-02
35 1.437981e-01 1.319938e-01 1.319938e-01 1.180428e-02 1.180428e-02
36 1.680258e-01 1.425633e-01 1.425633e-01 2.546248e-02 2.546248e-02
37 1.723670e-01 1.459774e-01 1.459774e-01 2.638960e-02 2.638960e-02
38 1.723998e-01 1.459774e-01 1.459774e-01 2.642244e-02 2.642244e-02
39 1.729172e-01 1.494745e-01 1.494745e-01 2.344269e-02 2.344269e-02
40 1.743772e-01 1.598118e-01 1.598118e-01 1.456542e-02 1.456542e-02
41 1.763550e-01 1.634468e-01 1.634468e-01 1.290820e-02 1.290820e-02
42 1.794262e-01 1.634468e-01 1.634468e-01 1.597940e-02 1.597940e-02
43 2.066154e-01 1.671603e-01 1.671603e-01 3.945509e-02 3.945509e-02
44 2.161591e-01 1.772567e-01 1.772567e-01 3.890233e-02 3.890233e-02
45 2.176183e-01 1.810866e-01 1.810866e-01 3.653171e-02 3.653171e-02
46 2.308489e-01 1.810866e-01 1.810866e-01 4.976234e-02 4.976234e-02
47 2.405176e-01 1.849893e-01 1.849893e-01 5.552829e-02 5.552829e-02
48 2.430848e-01 1.948380e-01 1.948380e-01 4.824675e-02 4.824675e-02
49 2.536654e-01 1.988370e-01 1.988370e-01 5.482847e-02 5.482847e-02
50 2.650626e-01 1.988370e-01 1.988370e-01 6.622566e-02 6.622566e-02
51 2.812408e-01 2.029026e-01 2.029026e-01 7.833821e-02 7.833821e-02
52 2.938171e-01 2.124980e-01 2.124980e-01 8.131913e-02 8.131913e-02
53 2.948311e-01 2.166407e-01 2.166407e-01 7.819041e-02 7.819041e-02
54 3.202831e-01 2.166407e-01 2.166407e-01 1.036425e-01 1.036425e-01
55 3.277288e-01 2.208433e-01 2.208433e-01 1.068855e-01 1.068855e-01
56 3.309941e-01 2.301815e-01 2.301815e-01 1.008126e-01 1.008126e-01
57 3.608000e-01 2.344434e-01 2.344434e-01 1.263566e-01 1.263566e-01
58 4.004285e-01 2.344434e-01 2.344434e-01 1.659851e-01 1.659851e-01
59 4.101539e-01 2.387584e-01 2.387584e-01 1.713955e-01 1.713955e-01
60 4.225717e-01 2.478370e-01 2.478370e-01 1.747347e-01 1.747347e-01
61 4.479047e-01 2.521946e-01 2.521946e-01 1.957102e-01 1.957102e-01
62 4.647160e-01 2.521946e-01 2.521946e-01 2.125215e-01 2.125215e-01
63 4.718700e-01 2.565981e-01 2.565981e-01 2.152719e-01 2.152719e-01
64 4.946265e-01 2.654163e-01 2.654163e-01 2.292102e-01 2.292102e-01
65 5.066311e-01 2.698472e-01 2.698472e-01 2.367840e-01 2.367840e-01
66 5.506603e-01 2.698472e-01 2.698472e-01 2.808131e-01 2.808131e-01
67 5.508408e-01 2.743170e-01 2.743170e-01 2.765238e-01 2.765238e-01
68 5.702405e-01 2.828752e-01 2.828752e-01 2.873653e-01 2.873653e-01
69 5.738647e-01 2.873583e-01 2.873583e-01 2.865064e-01 2.865064e-01
70 5.759407e-01 2.873583e-01 2.873583e-01 2.885824e-01 2.885824e-01
71 5.775711e-01 2.918735e-01 2.918735e-01 2.856976e-01 2.856976e-01
72 5.801846e-01 3.001736e-01 3.001736e-01 2.800110e-01 2.800110e-01
73 5.836528e-01 3.046893e-01 3.046893e-01 2.789635e-01 2.789635e-01
74 5.841639e-01 3.046893e-01 3.046893e-01 2.794746e-01 2.794746e-01
75 5.856696e-01 3.092304e-01 3.092304e-01 2.764392e-01 2.764392e-01
76 6.015365e-01 3.172753e-01 3.172753e-01 2.842611e-01 2.842611e-01
77 6.030083e-01 3.218056e-01 3.218056e-01 2.812027e-01 2.812027e-01
78 6.197266e-01 3.218056e-01 3.218056e-01 2.979210e-01 2.979210e-01
79 6.235047e-01 3.263550e-01 3.263550e-01 2.971497e-01 2.971497e-01
80 6.265653e-01 3.341484e-01 3.341484e-01 2.924169e-01 2.924169e-01
81 6.300127e-01 3.386768e-01 3.386768e-01 2.913360e-01 2.913360e-01
82 6.372271e-01 3.386768e-01 3.386768e-01 2.985503e-01 2.985503e-01
83 6.412139e-01 3.432182e-01 3.432182e-01 2.979956e-01 2.979956e-01
84 6.549466e-01 3.507650e-01 3.507650e-01 3.041816e-01 3.041816e-01
85 6.779798e-01 3.552764e-01 3.552764e-01 3.227034e-01 3.227034e-01
86 6.978644e-01 3.552764e-01 3.552764e-01 3.425880e-01 3.425880e-01
87 7.004974e-01 3.597955e-01 3.597955e-01 3.407019e-01 3.407019e-01
88 7.042961e-01 3.671009e-01 3.671009e-01 3.371951e-01 3.371951e-01
89 7.193323e-01 3.715821e-01 3.715821e-01 3.477503e-01 3.477503e-01
90 7.205912e-01 3.715821e-01 3.715821e-01 3.490091e-01 3.490091e-01
91 7.230608e-01 3.760657e-01 3.760657e-01 3.469950e-01 3.469950e-01
92 7.265038e-01 3.831358e-01 3.831358e-01 3.433679e-01 3.433679e-01
93 7.304590e-01 3.875748e-01 3.875748e-01 3.428842e-01 3.428842e-01
94 7.376805e-01 3.875748e-01 3.875748e-01 3.501057e-01 3.501057e-01
95 7.477497e-01 3.920116e-01 3.920116e-01 3.557381e-01 3.557381e-01
96 7.529219e-01 3.988528e-01 3.988528e-01 3.540691e-01 3.540691e-01
97 7.537368e-01 4.032392e-01 4.032392e-01 3.504976e-01 3.504976e-01
98 7.573750e-01 4.032392e-01 4.032392e-01 3.541358e-01 3.541358e-01
99 7.650759e-01 4.076193e-01 4.076193e-01 3.574567e-01 3.574567e-01
100 7.763862e-01 4.142382e-01 4.142382e-01 3.621480e-01 3.621480e-01
101 7.802432e-01 4.185629e-01 4.185629e-01 3.616803e-01 3.616803e-01
102 7.810194e-01 4.185629e-01 4.185629e-01 3.624565e-01 3.624565e-01
103 7.844998e-01 4.228776e-01 4.228776e-01 3.616222e-01 3.616222e-01
104 7.870762e-01 4.292813e-01 4.292813e-01 3.577948e-01 3.577948e-01
105 7.905456e-01 4.335367e-01 4.335367e-01 3.570089e-01 3.570089e-01
106 8.030134e-01 4.335367e-01 4.335367e-01 3.694767e-01 3.694767e-01
107 8.059173e-01 4.377787e-01 4.377787e-01 3.681386e-01 3.681386e-01
108 8.063974e-01 4.439743e-01 4.439743e-01 3.624232e-01 3.624232e-01
109 8.069370e-01 4.481537e-01 4.481537e-01 3.587833e-01 3.587833e-01
110 8.091429e-01 4.481537e-01 4.481537e-01 3.609892e-01 3.609892e-01
111 8.167937e-01 4.523169e-01 4.523169e-01 3.644768e-01 3.644768e-01
112 8.242622e-01 4.583115e-01 4.583115e-01 3.659506e-01 3.659506e-01
113 8.251981e-01 4.624096e-01 4.624096e-01 3.627886e-01 3.627886e-01
114 8.262723e-01 4.624096e-01 4.624096e-01 3.638627e-01 3.638627e-01
115 8.275262e-01 4.664889e-01 4.664889e-01 3.610372e-01 3.610372e-01
116 8.311523e-01 4.722899e-01 4.722899e-01 3.588625e-01 3.588625e-01
117 8.314094e-01 4.763021e-01 4.763021e-01 3.551073e-01 3.551073e-01
118 8.346212e-01 4.763021e-01 4.763021e-01 3.583191e-01 3.583191e-01
119 8.382309e-01 4.802936e-01 4.802936e-01 3.579373e-01 3.579373e-01
120 8.413025e-01 4.859079e-01 4.859079e-01 3.553946e-01 3.553946e-01
121 8.449900e-01 4.898309e-01 4.898309e-01 3.551591e-01 3.551591e-01
122 8.450701e-01 4.898309e-01 4.898309e-01 3.552392e-01 3.552392e-01
123 8.591103e-01 4.937313e-01 4.937313e-01 3.653790e-01 3.653790e-01
124 8.627442e-01 4.991661e-01 4.991661e-01 3.635781e-01 3.635781e-01
125 8.645657e-01 5.029972e-01 5.029972e-01 3.615685e-01 3.615685e-01
126 8.650666e-01 5.029972e-01 5.029972e-01 3.620694e-01 3.620694e-01
127 8.653398e-01 5.068042e-01 5.068042e-01 3.585356e-01 3.585356e-01
128 8.659329e-01 5.120665e-01 5.120665e-01 3.538665e-01 3.538665e-01
129 8.661240e-01 5.158036e-01 5.158036e-01 3.503204e-01 3.503204e-01
130 8.669658e-01 5.158036e-01 5.158036e-01 3.511621e-01 3.511621e-01
131 8.713344e-01 5.195157e-01 5.195157e-01 3.518187e-01 3.518187e-01
132 8.719810e-01 5.246120e-01 5.246120e-01 3.473689e-01 3.473689e-01
133 8.741300e-01 5.282541e-01 5.282541e-01 3.458759e-01 3.458759e-01
134 8.743061e-01 5.282541e-01 5.282541e-01 3.460520e-01 3.460520e-01
135 8.772986e-01 5.318701e-01 5.318701e-01 3.454285e-01 3.454285e-01
136 8.776913e-01 5.368072e-01 5.368072e-01 3.408841e-01 3.408841e-01
137 8.779461e-01 5.403535e-01 5.403535e-01 3.375926e-01 3.375926e-01
138 8.849588e-01 5.403535e-01 5.403535e-01 3.446053e-01 3.446053e-01
139 8.902073e-01 5.438730e-01 5.438730e-01 3.463343e-01 3.463343e-01
140 8.904499e-01 5.486573e-01 5.486573e-01 3.417927e-01 3.417927e-01
141 8.988002e-01 5.521076e-01 5.521076e-01 3.466926e-01 3.466926e-01
142 9.042090e-01 5.521076e-01 5.521076e-01 3.521014e-01 3.521014e-01
143 9.208767e-01 5.555307e-01 5.555307e-01 3.653460e-01 3.653460e-01
