# Hello World! This is dune-eigensolver.
# hardware number of threads is 128 number of threads used is 1
# 8 8
# Smallest eigenvalues convergence test

#  n: 67600 A.N(): 67600 br: 1
# GeneralizedInverse:  time_total=9.279979e+01 time_factorization=3.202958e-01 iterations=152

# Arpack: time_total=1.554452e+01 iterations=1

# Eigensolver elapsed time 9.280345e+01

# N=67600 M=144 ACCURACY=1.000000e+00 TOL=1.000000e-02 THRESHOLD=9.000000e-02 ESARERROR=5.266809e-01 ARPERROR=3.748614e-03 ESANERROR=1.387779e-15 TIMERATIO= 5.970172e+00 \\

## gen: ftw     ARP-SMALL-TOL  ARPACK-TOL  ES-ARP-SMALL  ES-AR ERROR
00 1.340941e-15 -1.025655e-16 -1.027824e-16 1.443507e-15 1.443724e-15
01 5.604527e-03 5.604527e-03 5.604527e-03 3.209238e-17 4.336809e-17
02 5.604527e-03 5.604527e-03 5.604527e-03 4.943962e-17 5.030698e-17
03 8.364570e-03 8.364570e-03 8.364570e-03 2.706169e-16 2.740863e-16
04 1.867846e-02 1.867846e-02 1.867846e-02 1.325367e-12 1.325350e-12
05 2.000234e-02 1.998226e-02 1.998226e-02 2.007751e-05 2.007751e-05
06 2.000297e-02 1.998226e-02 1.998226e-02 2.071441e-05 2.071441e-05
07 2.015210e-02 2.019289e-02 2.019289e-02 4.079192e-05 4.079192e-05
08 3.249112e-02 3.249102e-02 3.249102e-02 1.081871e-07 1.081871e-07
09 3.360915e-02 3.360925e-02 3.360925e-02 1.019729e-07 1.019729e-07
10 3.360925e-02 3.360925e-02 3.360925e-02 6.773559e-10 6.773559e-10
11 3.488628e-02 3.488629e-02 3.488629e-02 6.891530e-09 6.891530e-09
12 4.663989e-02 4.663988e-02 4.663988e-02 1.553680e-08 1.553680e-08
13 4.820242e-02 4.820242e-02 4.820242e-02 1.268120e-10 1.268120e-10
14 4.820246e-02 4.820242e-02 4.820242e-02 4.438508e-08 4.438508e-08
15 4.983375e-02 4.983381e-02 4.983381e-02 6.004870e-08 6.004870e-08
16 6.142598e-02 6.142594e-02 6.142594e-02 4.469805e-08 4.469805e-08
17 6.335564e-02 6.335507e-02 6.335507e-02 5.763667e-07 5.763667e-07
18 6.335793e-02 6.335507e-02 6.335507e-02 2.864970e-06 2.864970e-06
19 6.536468e-02 6.536816e-02 6.536816e-02 3.486035e-06 3.486035e-06
20 7.676866e-02 7.676862e-02 7.676862e-02 3.783720e-08 3.783720e-08
21 7.904403e-02 7.904383e-02 7.904383e-02 2.010039e-07 2.010039e-07
22 7.904491e-02 7.904383e-02 7.904383e-02 1.081795e-06 1.081795e-06
23 8.140484e-02 8.140616e-02 8.140616e-02 1.320636e-06 1.320636e-06
24 9.261908e-02 9.261371e-02 9.261371e-02 5.368372e-06 5.368372e-06
25 9.520897e-02 9.521091e-02 9.521091e-02 1.942502e-06 1.942502e-06
26 9.520899e-02 9.521091e-02 9.521091e-02 1.919668e-06 1.919668e-06
27 9.789581e-02 9.789732e-02 9.789732e-02 1.506203e-06 1.506203e-06
28 1.089025e-01 1.089021e-01 1.089021e-01 4.714657e-07 4.714657e-07
29 1.117968e-01 1.117968e-01 1.117968e-01 3.010298e-08 3.010298e-08
30 1.118018e-01 1.117968e-01 1.117968e-01 4.997539e-06 4.997539e-06
31 1.147748e-01 1.147802e-01 1.147802e-01 5.438902e-06 5.438902e-06
32 1.258935e-01 1.255726e-01 1.255726e-01 3.209187e-04 3.209187e-04
33 1.284370e-01 1.287399e-01 1.287399e-01 3.028887e-04 3.028887e-04
34 1.287268e-01 1.287399e-01 1.287399e-01 1.301394e-05 1.301394e-05
35 1.319888e-01 1.319938e-01 1.319938e-01 5.016138e-06 5.016138e-06
36 1.425637e-01 1.425633e-01 1.425633e-01 3.911744e-07 3.911744e-07
37 1.459776e-01 1.459774e-01 1.459774e-01 1.917377e-07 1.917377e-07
38 1.459945e-01 1.459774e-01 1.459774e-01 1.713346e-05 1.713346e-05
39 1.494568e-01 1.494745e-01 1.494745e-01 1.771638e-05 1.771638e-05
40 1.598348e-01 1.598118e-01 1.598118e-01 2.298228e-05 2.298228e-05
41 1.634404e-01 1.634468e-01 1.634468e-01 6.389923e-06 6.389923e-06
42 1.634596e-01 1.634468e-01 1.634468e-01 1.274987e-05 1.274987e-05
43 1.671310e-01 1.671603e-01 1.671603e-01 2.933804e-05 2.933804e-05
44 1.772601e-01 1.772567e-01 1.772567e-01 3.390576e-06 3.390576e-06
45 1.810866e-01 1.810866e-01 1.810866e-01 9.616609e-09 9.616609e-09
46 1.812425e-01 1.810866e-01 1.810866e-01 1.559256e-04 1.559256e-04
47 1.848300e-01 1.849893e-01 1.849893e-01 1.593296e-04 1.593296e-04
48 1.948507e-01 1.948380e-01 1.948380e-01 1.269819e-05 1.269819e-05
49 1.988367e-01 1.988370e-01 1.988370e-01 2.440476e-07 2.440476e-07
50 1.988379e-01 1.988370e-01 1.988370e-01 9.307636e-07 9.307636e-07
51 2.028892e-01 2.029026e-01 2.029026e-01 1.338513e-05 1.338513e-05
52 2.125372e-01 2.124980e-01 2.124980e-01 3.921940e-05 3.921940e-05
53 2.166153e-01 2.166407e-01 2.166407e-01 2.539398e-05 2.539398e-05
54 2.168290e-01 2.166407e-01 2.166407e-01 1.883599e-04 1.883599e-04
55 2.206425e-01 2.208433e-01 2.208433e-01 2.007976e-04 2.007976e-04
56 2.301951e-01 2.301815e-01 2.301815e-01 1.355693e-05 1.355693e-05
57 2.344310e-01 2.344434e-01 2.344434e-01 1.246626e-05 1.246626e-05
58 2.345709e-01 2.344434e-01 2.344434e-01 1.274871e-04 1.274871e-04
59 2.386299e-01 2.387584e-01 2.387584e-01 1.284901e-04 1.284901e-04
60 2.479365e-01 2.478370e-01 2.478370e-01 9.945416e-05 9.945416e-05
61 2.521025e-01 2.521946e-01 2.521946e-01 9.205465e-05 9.205465e-05
62 2.522049e-01 2.521946e-01 2.521946e-01 1.034273e-05 1.034273e-05
63 2.565795e-01 2.565981e-01 2.565981e-01 1.863116e-05 1.863116e-05
64 2.654572e-01 2.654163e-01 2.654163e-01 4.084511e-05 4.084511e-05
65 2.698209e-01 2.698472e-01 2.698472e-01 2.623739e-05 2.623739e-05
66 2.698400e-01 2.698472e-01 2.698472e-01 7.214851e-06 7.214851e-06
67 2.743092e-01 2.743170e-01 2.743170e-01 7.743957e-06 7.743957e-06
68 2.829090e-01 2.828752e-01 2.828752e-01 3.378032e-05 3.378032e-05
69 2.873463e-01 2.873583e-01 2.873583e-01 1.206301e-05 1.206301e-05
70 2.873568e-01 2.873583e-01 2.873583e-01 1.522861e-06 1.522861e-06
71 2.918533e-01 2.918735e-01 2.918735e-01 2.012363e-05 2.012363e-05
72 3.023083e-01 3.001736e-01 3.001736e-01 2.134746e-03 2.134746e-03
73 3.028651e-01 3.046893e-01 3.046893e-01 1.824226e-03 1.824226e-03
74 3.044066e-01 3.046893e-01 3.046893e-01 2.827157e-04 2.827157e-04
75 3.094079e-01 3.092304e-01 3.092304e-01 1.774286e-04 1.774286e-04
76 3.171114e-01 3.172753e-01 3.172753e-01 1.639199e-04 1.639199e-04
77 3.218179e-01 3.218056e-01 3.218056e-01 1.229570e-05 1.229570e-05
78 3.220981e-01 3.218056e-01 3.218056e-01 2.925011e-04 2.925011e-04
79 3.262891e-01 3.263550e-01 3.263550e-01 6.584361e-05 6.584361e-05
80 3.343601e-01 3.341484e-01 3.341484e-01 2.116925e-04 2.116925e-04
81 3.382092e-01 3.386768e-01 3.386768e-01 4.675974e-04 4.675974e-04
82 3.387247e-01 3.386768e-01 3.386768e-01 4.796470e-05 4.796470e-05
83 3.431518e-01 3.432182e-01 3.432182e-01 6.642585e-05 6.642585e-05
84 3.507604e-01 3.507650e-01 3.507650e-01 4.602794e-06 4.602794e-06
85 3.552840e-01 3.552764e-01 3.552764e-01 7.596364e-06 7.596364e-06
86 3.553149e-01 3.552764e-01 3.552764e-01 3.845304e-05 3.845304e-05
87 3.597631e-01 3.597955e-01 3.597955e-01 3.236306e-05 3.236306e-05
88 3.679881e-01 3.671009e-01 3.671009e-01 8.872030e-04 8.872030e-04
89 3.712753e-01 3.715821e-01 3.715821e-01 3.068036e-04 3.068036e-04
90 3.719756e-01 3.715821e-01 3.715821e-01 3.935563e-04 3.935563e-04
91 3.750884e-01 3.760657e-01 3.760657e-01 9.773114e-04 9.773114e-04
92 3.831325e-01 3.831358e-01 3.831358e-01 3.294364e-06 3.294364e-06
93 3.876047e-01 3.875748e-01 3.875748e-01 2.988700e-05 2.988700e-05
94 3.880621e-01 3.875748e-01 3.875748e-01 4.873165e-04 4.873165e-04
95 3.938381e-01 3.920116e-01 3.920116e-01 1.826432e-03 1.826432e-03
96 3.977343e-01 3.988528e-01 3.988528e-01 1.118542e-03 1.118542e-03
97 4.025544e-01 4.032392e-01 4.032392e-01 6.847543e-04 6.847543e-04
98 4.027106e-01 4.032392e-01 4.032392e-01 5.285986e-04 5.285986e-04
99 4.092431e-01 4.076193e-01 4.076193e-01 1.623799e-03 1.623799e-03
100 4.127256e-01 4.142382e-01 4.142382e-01 1.512644e-03 1.512644e-03
101 4.192060e-01 4.185629e-01 4.185629e-01 6.430569e-04 6.430569e-04
102 4.194112e-01 4.185629e-01 4.185629e-01 8.482528e-04 8.482528e-04
103 4.224127e-01 4.228776e-01 4.228776e-01 4.649680e-04 4.649680e-04
104 4.286859e-01 4.292813e-01 4.292813e-01 5.954464e-04 5.954464e-04
105 4.332405e-01 4.335367e-01 4.335367e-01 2.961828e-04 2.961828e-04
106 4.348527e-01 4.335367e-01 4.335367e-01 1.316006e-03 1.316006e-03
107 4.362275e-01 4.377787e-01 4.377787e-01 1.551176e-03 1.551176e-03
108 4.439608e-01 4.439743e-01 4.439743e-01 1.352807e-05 1.352807e-05
109 4.482911e-01 4.481537e-01 4.481537e-01 1.374313e-04 1.374313e-04
110 4.485152e-01 4.481537e-01 4.481537e-01 3.615383e-04 3.615383e-04
111 4.519929e-01 4.523169e-01 4.523169e-01 3.239801e-04 3.239801e-04
112 4.600976e-01 4.583115e-01 4.583115e-01 1.786059e-03 1.786059e-03
113 4.606224e-01 4.624096e-01 4.624096e-01 1.787200e-03 1.787200e-03
114 4.627919e-01 4.624096e-01 4.624096e-01 3.823541e-04 3.823541e-04
115 4.674046e-01 4.664889e-01 4.664889e-01 9.156879e-04 9.156879e-04
116 4.710996e-01 4.722899e-01 4.722899e-01 1.190216e-03 1.190216e-03
117 4.763342e-01 4.763021e-01 4.763021e-01 3.209762e-05 3.209762e-05
118 4.764449e-01 4.763021e-01 4.763021e-01 1.428306e-04 1.428306e-04
119 4.819516e-01 4.802936e-01 4.802936e-01 1.658036e-03 1.658036e-03
120 4.837954e-01 4.859079e-01 4.859079e-01 2.112519e-03 2.112519e-03
121 4.899322e-01 4.898309e-01 4.898309e-01 1.012730e-04 1.012730e-04
122 4.912840e-01 4.898309e-01 4.898309e-01 1.453095e-03 1.453095e-03
123 4.922855e-01 4.937313e-01 4.937313e-01 1.445840e-03 1.445840e-03
124 5.010839e-01 4.991661e-01 4.991661e-01 1.917793e-03 1.917793e-03
125 5.030226e-01 5.029972e-01 5.029972e-01 2.541000e-05 2.541000e-05
126 5.030256e-01 5.029972e-01 5.029972e-01 2.846331e-05 2.846331e-05
127 5.050869e-01 5.068042e-01 5.068042e-01 1.717309e-03 1.717309e-03
128 5.126642e-01 5.120665e-01 5.120665e-01 5.977009e-04 5.977009e-04
129 5.150991e-01 5.158036e-01 5.158036e-01 7.045598e-04 7.045598e-04
130 5.166092e-01 5.158036e-01 5.158036e-01 8.055346e-04 8.055346e-04
131 5.188968e-01 5.195157e-01 5.195157e-01 6.188469e-04 6.188469e-04
132 5.249892e-01 5.246120e-01 5.246120e-01 3.771401e-04 3.771401e-04
133 5.285631e-01 5.282541e-01 5.282541e-01 3.090471e-04 3.090471e-04
134 5.288792e-01 5.282541e-01 5.282541e-01 6.250581e-04 6.250581e-04
135 5.306125e-01 5.318701e-01 5.318701e-01 1.257642e-03 1.257642e-03
136 5.368289e-01 5.368072e-01 5.368072e-01 2.170595e-05 2.170595e-05
137 5.400982e-01 5.403535e-01 5.403535e-01 2.553318e-04 2.553318e-04
138 5.404554e-01 5.403535e-01 5.403535e-01 1.018743e-04 1.018743e-04
139 5.476217e-01 5.438730e-01 5.438730e-01 3.748614e-03 3.748614e-03
140 5.482597e-01 5.486573e-01 5.486573e-01 3.975706e-04 3.975706e-04
141 5.508620e-01 5.521076e-01 5.521076e-01 1.245600e-03 1.245600e-03
142 5.515370e-01 5.521076e-01 5.521076e-01 5.705571e-04 5.705571e-04
143 5.556226e-01 5.555307e-01 5.555307e-01 9.190720e-05 9.190720e-05
