# Hello World! This is dune-eigensolver.
# hardware number of threads is 128 number of threads used is 1
# 8 8
# Smallest eigenvalues convergence test

#  n: 67600 A.N(): 67600 br: 1
# GeneralizedInverse:  time_total=1.489328e+02 time_factorization=3.207052e-01 iterations=240

# Arpack: time_total=1.554575e+01 iterations=1

# Eigensolver elapsed time 1.489364e+02

# N=67600 M=144 ACCURACY=2.500000e-01 TOL=2.000000e-04 THRESHOLD=9.000000e-02 ESARERROR=5.267949e-01 ARPERROR=2.145190e-03 ESANERROR=1.387779e-15 TIMERATIO= 9.580519e+00 \\

## gen: ftw     ARP-SMALL-TOL  ARPACK-TOL  ES-ARP-SMALL  ES-AR ERROR
00 1.340941e-15 -1.025655e-16 -1.027824e-16 1.443507e-15 1.443724e-15
01 5.604527e-03 5.604527e-03 5.604527e-03 1.422473e-16 1.535230e-16
02 5.604527e-03 5.604527e-03 5.604527e-03 1.647987e-17 1.734723e-17
03 8.364570e-03 8.364570e-03 8.364570e-03 3.538836e-16 3.573530e-16
04 1.867846e-02 1.867846e-02 1.867846e-02 3.434752e-16 3.608225e-16
05 1.998615e-02 1.998226e-02 1.998226e-02 3.887368e-06 3.887368e-06
06 2.006216e-02 1.998226e-02 1.998226e-02 7.990146e-05 7.990146e-05
07 2.010910e-02 2.019289e-02 2.019289e-02 8.378883e-05 8.378883e-05
08 3.249102e-02 3.249102e-02 3.249102e-02 3.340234e-10 3.340234e-10
09 3.360925e-02 3.360925e-02 3.360925e-02 3.233747e-10 3.233748e-10
10 3.360925e-02 3.360925e-02 3.360925e-02 1.063108e-12 1.063101e-12
11 3.488629e-02 3.488629e-02 3.488629e-02 1.171391e-11 1.171391e-11
12 4.663988e-02 4.663988e-02 4.663988e-02 5.303718e-11 5.303707e-11
13 4.820242e-02 4.820242e-02 4.820242e-02 3.606143e-13 3.605519e-13
14 4.820242e-02 4.820242e-02 4.820242e-02 1.394661e-10 1.394659e-10
15 4.983381e-02 4.983381e-02 4.983381e-02 1.928659e-10 1.928658e-10
16 6.142594e-02 6.142594e-02 6.142594e-02 2.106184e-10 2.106184e-10
17 6.335507e-02 6.335507e-02 6.335507e-02 2.536130e-09 2.536130e-09
18 6.335508e-02 6.335507e-02 6.335507e-02 1.269495e-08 1.269495e-08
19 6.536815e-02 6.536816e-02 6.536816e-02 1.544170e-08 1.544170e-08
20 7.676862e-02 7.676862e-02 7.676862e-02 2.362238e-10 2.362240e-10
21 7.904383e-02 7.904383e-02 7.904383e-02 1.201758e-09 1.201758e-09
22 7.904384e-02 7.904383e-02 7.904383e-02 6.465634e-09 6.465634e-09
23 8.140615e-02 8.140616e-02 8.140616e-02 7.903617e-09 7.903617e-09
24 9.261375e-02 9.261371e-02 9.261371e-02 4.353799e-08 4.353799e-08
25 9.521090e-02 9.521091e-02 9.521091e-02 1.585500e-08 1.585500e-08
26 9.521090e-02 9.521091e-02 9.521091e-02 1.584907e-08 1.584907e-08
27 9.789730e-02 9.789732e-02 9.789732e-02 1.183391e-08 1.183391e-08
28 1.089021e-01 1.089021e-01 1.089021e-01 4.855336e-09 4.855336e-09
29 1.117968e-01 1.117968e-01 1.117968e-01 3.939399e-10 3.939399e-10
30 1.117969e-01 1.117968e-01 1.117968e-01 5.060818e-08 5.060818e-08
31 1.147801e-01 1.147802e-01 1.147802e-01 5.506958e-08 5.506958e-08
32 1.255772e-01 1.255726e-01 1.255726e-01 4.602899e-06 4.602899e-06
33 1.287355e-01 1.287399e-01 1.287399e-01 4.369030e-06 4.369030e-06
34 1.287397e-01 1.287399e-01 1.287399e-01 1.698301e-07 1.698301e-07
35 1.319937e-01 1.319938e-01 1.319938e-01 6.403904e-08 6.403904e-08
36 1.425633e-01 1.425633e-01 1.425633e-01 6.241217e-09 6.241217e-09
37 1.459774e-01 1.459774e-01 1.459774e-01 3.047479e-09 3.047479e-09
38 1.459777e-01 1.459774e-01 1.459774e-01 2.745897e-07 2.745897e-07
39 1.494743e-01 1.494745e-01 1.494745e-01 2.838784e-07 2.838784e-07
40 1.598123e-01 1.598118e-01 1.598118e-01 4.521144e-07 4.521144e-07
41 1.634467e-01 1.634468e-01 1.634468e-01 1.267614e-07 1.267614e-07
42 1.634471e-01 1.634468e-01 1.634468e-01 2.547307e-07 2.547307e-07
43 1.671597e-01 1.671603e-01 1.671603e-01 5.800835e-07 5.800835e-07
44 1.772568e-01 1.772567e-01 1.772567e-01 7.944971e-08 7.944971e-08
45 1.810866e-01 1.810866e-01 1.810866e-01 1.963652e-10 1.963652e-10
46 1.810905e-01 1.810866e-01 1.810866e-01 3.879525e-06 3.879525e-06
47 1.849854e-01 1.849893e-01 1.849893e-01 3.959171e-06 3.959171e-06
48 1.948384e-01 1.948380e-01 1.948380e-01 3.629115e-07 3.629115e-07
49 1.988370e-01 1.988370e-01 1.988370e-01 5.623515e-09 5.623514e-09
50 1.988370e-01 1.988370e-01 1.988370e-01 2.924681e-08 2.924681e-08
51 2.029022e-01 2.029026e-01 2.029026e-01 3.865349e-07 3.865349e-07
52 2.124993e-01 2.124980e-01 2.124980e-01 1.337420e-06 1.337420e-06
53 2.166398e-01 2.166407e-01 2.166407e-01 8.587481e-07 8.587481e-07
54 2.166475e-01 2.166407e-01 2.166407e-01 6.840429e-06 6.840429e-06
55 2.208360e-01 2.208433e-01 2.208433e-01 7.318152e-06 7.318152e-06
56 2.301821e-01 2.301815e-01 2.301815e-01 6.008403e-07 6.008403e-07
57 2.344429e-01 2.344434e-01 2.344434e-01 5.026264e-07 5.026264e-07
58 2.344488e-01 2.344434e-01 2.344434e-01 5.365984e-06 5.365984e-06
59 2.387529e-01 2.387584e-01 2.387584e-01 5.463084e-06 5.463084e-06
60 2.478419e-01 2.478370e-01 2.478370e-01 4.853290e-06 4.853290e-06
61 2.521902e-01 2.521946e-01 2.521946e-01 4.419479e-06 4.419479e-06
62 2.521951e-01 2.521946e-01 2.521946e-01 4.918468e-07 4.918468e-07
63 2.565972e-01 2.565981e-01 2.565981e-01 9.263266e-07 9.263266e-07
64 2.654186e-01 2.654163e-01 2.654163e-01 2.258292e-06 2.258292e-06
65 2.698457e-01 2.698472e-01 2.698472e-01 1.423668e-06 1.423668e-06
66 2.698468e-01 2.698472e-01 2.698472e-01 4.050226e-07 4.050226e-07
67 2.743165e-01 2.743170e-01 2.743170e-01 4.300310e-07 4.300310e-07
68 2.828774e-01 2.828752e-01 2.828752e-01 2.170999e-06 2.170999e-06
69 2.873575e-01 2.873583e-01 2.873583e-01 7.728074e-07 7.728074e-07
70 2.873582e-01 2.873583e-01 2.873583e-01 9.517756e-08 9.517756e-08
71 2.918722e-01 2.918735e-01 2.918735e-01 1.301870e-06 1.301870e-06
72 3.004439e-01 3.001736e-01 3.001736e-01 2.703352e-04 2.703352e-04
73 3.044424e-01 3.046893e-01 3.046893e-01 2.469032e-04 2.469032e-04
74 3.046676e-01 3.046893e-01 3.046893e-01 2.172005e-05 2.172005e-05
75 3.092310e-01 3.092304e-01 3.092304e-01 5.657933e-07 5.657933e-07
76 3.172765e-01 3.172753e-01 3.172753e-01 1.204550e-06 1.204550e-06
77 3.218066e-01 3.218056e-01 3.218056e-01 1.006930e-06 1.006930e-06
78 3.218308e-01 3.218056e-01 3.218056e-01 2.515750e-05 2.515750e-05
79 3.263298e-01 3.263550e-01 3.263550e-01 2.513020e-05 2.513020e-05
80 3.341921e-01 3.341484e-01 3.341484e-01 4.370108e-05 4.370108e-05
81 3.386307e-01 3.386768e-01 3.386768e-01 4.610220e-05 4.610220e-05
82 3.386814e-01 3.386768e-01 3.386768e-01 4.605617e-06 4.605617e-06
83 3.432116e-01 3.432182e-01 3.432182e-01 6.596763e-06 6.596763e-06
84 3.507650e-01 3.507650e-01 3.507650e-01 1.938594e-08 1.938594e-08
85 3.552773e-01 3.552764e-01 3.552764e-01 8.220091e-07 8.220091e-07
86 3.552806e-01 3.552764e-01 3.552764e-01 4.217448e-06 4.217448e-06
87 3.597907e-01 3.597955e-01 3.597955e-01 4.739379e-06 4.739379e-06
88 3.671933e-01 3.671009e-01 3.671009e-01 9.232065e-05 9.232065e-05
89 3.715422e-01 3.715821e-01 3.715821e-01 3.989556e-05 3.989556e-05
90 3.716727e-01 3.715821e-01 3.715821e-01 9.063694e-05 9.063694e-05
91 3.759226e-01 3.760657e-01 3.760657e-01 1.430902e-04 1.430902e-04
92 3.831618e-01 3.831358e-01 3.831358e-01 2.591465e-05 2.591465e-05
93 3.875532e-01 3.875748e-01 3.875748e-01 2.163517e-05 2.163517e-05
94 3.875934e-01 3.875748e-01 3.875748e-01 1.856545e-05 1.856545e-05
95 3.927837e-01 3.920116e-01 3.920116e-01 7.720473e-04 7.720473e-04
96 3.981788e-01 3.988528e-01 3.988528e-01 6.739753e-04 6.739753e-04
97 4.031725e-01 4.032392e-01 4.032392e-01 6.672163e-05 6.672163e-05
98 4.031871e-01 4.032392e-01 4.032392e-01 5.210179e-05 5.210179e-05
99 4.077409e-01 4.076193e-01 4.076193e-01 1.215988e-04 1.215988e-04
100 4.141335e-01 4.142382e-01 4.142382e-01 1.047406e-04 1.047406e-04
101 4.186210e-01 4.185629e-01 4.185629e-01 5.803887e-05 5.803887e-05
102 4.186591e-01 4.185629e-01 4.185629e-01 9.613723e-05 9.613723e-05
103 4.227181e-01 4.228776e-01 4.228776e-01 1.595011e-04 1.595011e-04
104 4.292894e-01 4.292813e-01 4.292813e-01 8.027541e-06 8.027541e-06
105 4.335633e-01 4.335367e-01 4.335367e-01 2.664200e-05 2.664200e-05
106 4.346804e-01 4.335367e-01 4.335367e-01 1.143737e-03 1.143737e-03
107 4.365880e-01 4.377787e-01 4.377787e-01 1.190670e-03 1.190670e-03
108 4.439741e-01 4.439743e-01 4.439743e-01 1.731986e-07 1.731986e-07
109 4.481722e-01 4.481537e-01 4.481537e-01 1.857453e-05 1.857453e-05
110 4.482322e-01 4.481537e-01 4.481537e-01 7.848698e-05 7.848698e-05
111 4.522243e-01 4.523169e-01 4.523169e-01 9.262345e-05 9.262345e-05
112 4.591596e-01 4.583115e-01 4.583115e-01 8.480730e-04 8.480730e-04
113 4.615763e-01 4.624096e-01 4.624096e-01 8.333052e-04 8.333052e-04
114 4.630067e-01 4.624096e-01 4.624096e-01 5.971664e-04 5.971664e-04
115 4.660008e-01 4.664889e-01 4.664889e-01 4.881100e-04 4.881100e-04
116 4.722253e-01 4.722899e-01 4.722899e-01 6.451634e-05 6.451634e-05
117 4.762804e-01 4.763021e-01 4.763021e-01 2.167351e-05 2.167351e-05
118 4.763386e-01 4.763021e-01 4.763021e-01 3.651591e-05 3.651591e-05
119 4.805460e-01 4.802936e-01 4.802936e-01 2.524319e-04 2.524319e-04
120 4.855774e-01 4.859079e-01 4.859079e-01 3.305046e-04 3.305046e-04
121 4.898414e-01 4.898309e-01 4.898309e-01 1.046596e-05 1.046596e-05
122 4.903310e-01 4.898309e-01 4.898309e-01 5.001291e-04 5.001291e-04
123 4.932233e-01 4.937313e-01 4.937313e-01 5.080227e-04 5.080227e-04
124 5.013113e-01 4.991661e-01 4.991661e-01 2.145190e-03 2.145190e-03
125 5.017666e-01 5.029972e-01 5.029972e-01 1.230527e-03 1.230527e-03
126 5.026697e-01 5.029972e-01 5.029972e-01 3.274680e-04 3.274680e-04
127 5.062321e-01 5.068042e-01 5.068042e-01 5.721483e-04 5.721483e-04
128 5.123190e-01 5.120665e-01 5.120665e-01 2.525250e-04 2.525250e-04
129 5.156015e-01 5.158036e-01 5.158036e-01 2.021421e-04 2.021421e-04
130 5.160480e-01 5.158036e-01 5.158036e-01 2.444263e-04 2.444263e-04
131 5.192515e-01 5.195157e-01 5.195157e-01 2.641107e-04 2.641107e-04
132 5.247133e-01 5.246120e-01 5.246120e-01 1.012762e-04 1.012762e-04
133 5.284632e-01 5.282541e-01 5.282541e-01 2.090685e-04 2.090685e-04
134 5.292306e-01 5.282541e-01 5.282541e-01 9.764845e-04 9.764845e-04
135 5.305577e-01 5.318701e-01 5.318701e-01 1.312371e-03 1.312371e-03
136 5.369103e-01 5.368072e-01 5.368072e-01 1.031002e-04 1.031002e-04
137 5.402826e-01 5.403535e-01 5.403535e-01 7.085315e-05 7.085315e-05
138 5.403741e-01 5.403535e-01 5.403535e-01 2.055198e-05 2.055198e-05
139 5.457266e-01 5.438730e-01 5.438730e-01 1.853554e-03 1.853554e-03
140 5.496018e-01 5.486573e-01 5.486573e-01 9.445257e-04 9.445257e-04
141 5.502681e-01 5.521076e-01 5.521076e-01 1.839446e-03 1.839446e-03
142 5.512714e-01 5.521076e-01 5.521076e-01 8.361881e-04 8.361881e-04
143 5.557367e-01 5.555307e-01 5.555307e-01 2.059883e-04 2.059883e-04
