# Hello World! This is dune-eigensolver.
# hardware number of threads is 128 number of threads used is 1
# 8 8
# Smallest eigenvalues convergence test

#  n: 67600 A.N(): 67600 br: 1
# GeneralizedInverse:  time_total=7.275963e+00 time_factorization=3.280586e-01 iterations=11

# Arpack: time_total=1.554977e+01 iterations=1

# Eigensolver elapsed time 7.280443e+00

# N=67600 M=144 ACCURACY=1.000000e+00 TOL=2.000000e-01 THRESHOLD=9.000000e-02 ESARERROR=5.597201e-01 ARPERROR=3.387899e-02 ESANERROR=1.387779e-15 TIMERATIO= 4.682028e-01 \\

## gen: ftw     ARP-SMALL-TOL  ARPACK-TOL  ES-ARP-SMALL  ES-AR ERROR
00 -3.903128e-17 -1.025655e-16 -1.027824e-16 6.353425e-17 6.375109e-17
01 5.604677e-03 5.604527e-03 5.604527e-03 1.492908e-07 1.492908e-07
02 5.619231e-03 5.604527e-03 5.604527e-03 1.470374e-05 1.470374e-05
03 8.349719e-03 8.364570e-03 8.364570e-03 1.485111e-05 1.485111e-05
04 1.901603e-02 1.867846e-02 1.867846e-02 3.375685e-04 3.375685e-04
05 1.988424e-02 1.998226e-02 1.998226e-02 9.802253e-05 9.802253e-05
06 1.993710e-02 1.998226e-02 1.998226e-02 4.516237e-05 4.516237e-05
07 2.002155e-02 2.019289e-02 2.019289e-02 1.713464e-04 1.713464e-04
08 3.306740e-02 3.249102e-02 3.249102e-02 5.763803e-04 5.763803e-04
09 3.332160e-02 3.360925e-02 3.360925e-02 2.876512e-04 2.876512e-04
10 3.370228e-02 3.360925e-02 3.360925e-02 9.303396e-05 9.303396e-05
11 3.478768e-02 3.488629e-02 3.488629e-02 9.860695e-05 9.860695e-05
12 4.661444e-02 4.663988e-02 4.663988e-02 2.543788e-05 2.543788e-05
13 4.827387e-02 4.820242e-02 4.820242e-02 7.145234e-05 7.145234e-05
14 4.885200e-02 4.820242e-02 4.820242e-02 6.495839e-04 6.495839e-04
15 5.297834e-02 4.983381e-02 4.983381e-02 3.144527e-03 3.144527e-03
16 5.882434e-02 6.142594e-02 6.142594e-02 2.601596e-03 2.601596e-03
17 6.356443e-02 6.335507e-02 6.335507e-02 2.093637e-04 2.093637e-04
18 6.409590e-02 6.335507e-02 6.335507e-02 7.408389e-04 7.408389e-04
19 6.855852e-02 6.536816e-02 6.536816e-02 3.190359e-03 3.190359e-03
20 7.241481e-02 7.676862e-02 7.676862e-02 4.353815e-03 4.353815e-03
21 8.012124e-02 7.904383e-02 7.904383e-02 1.077408e-03 1.077408e-03
22 8.202434e-02 7.904383e-02 7.904383e-02 2.980504e-03 2.980504e-03
23 8.623452e-02 8.140616e-02 8.140616e-02 4.828357e-03 4.828357e-03
24 8.921776e-02 9.261371e-02 9.261371e-02 3.395947e-03 3.395947e-03
25 9.677337e-02 9.521091e-02 9.521091e-02 1.562455e-03 1.562455e-03
26 9.827831e-02 9.521091e-02 9.521091e-02 3.067402e-03 3.067402e-03
27 1.006310e-01 9.789732e-02 9.789732e-02 2.733643e-03 2.733643e-03
28 1.065587e-01 1.089021e-01 1.089021e-01 2.343344e-03 2.343344e-03
29 1.069367e-01 1.117968e-01 1.117968e-01 4.860114e-03 4.860114e-03
30 1.192668e-01 1.117968e-01 1.117968e-01 7.470011e-03 7.470011e-03
31 1.210963e-01 1.147802e-01 1.147802e-01 6.316139e-03 6.316139e-03
32 1.228000e-01 1.255726e-01 1.255726e-01 2.772595e-03 2.772595e-03
33 1.240526e-01 1.287399e-01 1.287399e-01 4.687309e-03 4.687309e-03
34 1.259643e-01 1.287399e-01 1.287399e-01 2.775592e-03 2.775592e-03
35 1.379593e-01 1.319938e-01 1.319938e-01 5.965545e-03 5.965545e-03
36 1.401093e-01 1.425633e-01 1.425633e-01 2.453963e-03 2.453963e-03
37 1.414390e-01 1.459774e-01 1.459774e-01 4.538431e-03 4.538431e-03
38 1.506891e-01 1.459774e-01 1.459774e-01 4.711744e-03 4.711744e-03
39 1.535882e-01 1.494745e-01 1.494745e-01 4.113691e-03 4.113691e-03
40 1.584960e-01 1.598118e-01 1.598118e-01 1.315779e-03 1.315779e-03
41 1.614743e-01 1.634468e-01 1.634468e-01 1.972533e-03 1.972533e-03
42 1.624586e-01 1.634468e-01 1.634468e-01 9.882008e-04 9.882008e-04
43 1.721947e-01 1.671603e-01 1.671603e-01 5.034389e-03 5.034389e-03
44 1.788063e-01 1.772567e-01 1.772567e-01 1.549557e-03 1.549557e-03
45 1.794547e-01 1.810866e-01 1.810866e-01 1.631917e-03 1.631917e-03
46 1.838612e-01 1.810866e-01 1.810866e-01 2.774648e-03 2.774648e-03
47 1.854183e-01 1.849893e-01 1.849893e-01 4.290011e-04 4.290011e-04
48 1.889388e-01 1.948380e-01 1.948380e-01 5.899234e-03 5.899234e-03
49 1.976910e-01 1.988370e-01 1.988370e-01 1.146005e-03 1.146005e-03
50 2.037681e-01 1.988370e-01 1.988370e-01 4.931177e-03 4.931177e-03
51 2.117420e-01 2.029026e-01 2.029026e-01 8.839354e-03 8.839354e-03
52 2.170385e-01 2.124980e-01 2.124980e-01 4.540560e-03 4.540560e-03
53 2.173538e-01 2.166407e-01 2.166407e-01 7.131257e-04 7.131257e-04
54 2.207802e-01 2.166407e-01 2.166407e-01 4.139564e-03 4.139564e-03
55 2.258380e-01 2.208433e-01 2.208433e-01 4.994663e-03 4.994663e-03
56 2.318498e-01 2.301815e-01 2.301815e-01 1.668307e-03 1.668307e-03
57 2.339357e-01 2.344434e-01 2.344434e-01 5.077215e-04 5.077215e-04
58 2.408082e-01 2.344434e-01 2.344434e-01 6.364743e-03 6.364743e-03
59 2.409262e-01 2.387584e-01 2.387584e-01 2.167767e-03 2.167767e-03
60 2.444597e-01 2.478370e-01 2.478370e-01 3.377277e-03 3.377277e-03
61 2.466925e-01 2.521946e-01 2.521946e-01 5.502085e-03 5.502085e-03
62 2.482305e-01 2.521946e-01 2.521946e-01 3.964068e-03 3.964068e-03
63 2.620675e-01 2.565981e-01 2.565981e-01 5.469330e-03 5.469330e-03
64 2.708590e-01 2.654163e-01 2.654163e-01 5.442682e-03 5.442682e-03
65 2.731620e-01 2.698472e-01 2.698472e-01 3.314855e-03 3.314855e-03
66 2.764922e-01 2.698472e-01 2.698472e-01 6.644990e-03 6.644990e-03
67 2.790152e-01 2.743170e-01 2.743170e-01 4.698220e-03 4.698220e-03
68 2.808479e-01 2.828752e-01 2.828752e-01 2.027292e-03 2.027292e-03
69 2.865324e-01 2.873583e-01 2.873583e-01 8.259427e-04 8.259427e-04
70 2.930219e-01 2.873583e-01 2.873583e-01 5.663622e-03 5.663622e-03
71 2.930479e-01 2.918735e-01 2.918735e-01 1.174438e-03 1.174438e-03
72 2.935974e-01 3.001736e-01 3.001736e-01 6.576185e-03 6.576185e-03
73 2.993820e-01 3.046893e-01 3.046893e-01 5.307310e-03 5.307310e-03
74 3.137309e-01 3.046893e-01 3.046893e-01 9.041636e-03 9.041636e-03
75 3.160579e-01 3.092304e-01 3.092304e-01 6.827432e-03 6.827432e-03
76 3.169243e-01 3.172753e-01 3.172753e-01 3.509778e-04 3.509778e-04
77 3.258073e-01 3.218056e-01 3.218056e-01 4.001742e-03 4.001742e-03
78 3.275305e-01 3.218056e-01 3.218056e-01 5.724919e-03 5.724919e-03
79 3.340104e-01 3.263550e-01 3.263550e-01 7.655484e-03 7.655484e-03
80 3.341967e-01 3.341484e-01 3.341484e-01 4.824932e-05 4.824932e-05
81 3.388913e-01 3.386768e-01 3.386768e-01 2.145414e-04 2.145414e-04
82 3.425898e-01 3.386768e-01 3.386768e-01 3.913038e-03 3.913038e-03
83 3.464628e-01 3.432182e-01 3.432182e-01 3.244612e-03 3.244612e-03
84 3.473221e-01 3.507650e-01 3.507650e-01 3.442876e-03 3.442876e-03
85 3.529564e-01 3.552764e-01 3.552764e-01 2.320058e-03 2.320058e-03
86 3.648843e-01 3.552764e-01 3.552764e-01 9.607838e-03 9.607838e-03
87 3.713941e-01 3.597955e-01 3.597955e-01 1.159860e-02 1.159860e-02
88 3.744568e-01 3.671009e-01 3.671009e-01 7.355913e-03 7.355913e-03
89 3.814317e-01 3.715821e-01 3.715821e-01 9.849602e-03 9.849602e-03
90 3.860914e-01 3.715821e-01 3.715821e-01 1.450930e-02 1.450930e-02
91 3.872968e-01 3.760657e-01 3.760657e-01 1.123111e-02 1.123111e-02
92 3.881537e-01 3.831358e-01 3.831358e-01 5.017893e-03 5.017893e-03
93 3.889300e-01 3.875748e-01 3.875748e-01 1.355238e-03 1.355238e-03
94 3.907336e-01 3.875748e-01 3.875748e-01 3.158782e-03 3.158782e-03
95 3.929935e-01 3.920116e-01 3.920116e-01 9.818592e-04 9.818592e-04
96 3.964571e-01 3.988528e-01 3.988528e-01 2.395745e-03 2.395745e-03
97 3.971971e-01 4.032392e-01 4.032392e-01 6.042107e-03 6.042107e-03
98 4.076927e-01 4.032392e-01 4.032392e-01 4.453556e-03 4.453556e-03
99 4.098149e-01 4.076193e-01 4.076193e-01 2.195656e-03 2.195656e-03
100 4.133279e-01 4.142382e-01 4.142382e-01 9.102968e-04 9.102968e-04
101 4.199640e-01 4.185629e-01 4.185629e-01 1.401089e-03 1.401089e-03
102 4.302094e-01 4.185629e-01 4.185629e-01 1.164643e-02 1.164643e-02
103 4.320010e-01 4.228776e-01 4.228776e-01 9.123328e-03 9.123328e-03
104 4.343729e-01 4.292813e-01 4.292813e-01 5.091577e-03 5.091577e-03
105 4.398885e-01 4.335367e-01 4.335367e-01 6.351814e-03 6.351814e-03
106 4.467661e-01 4.335367e-01 4.335367e-01 1.322940e-02 1.322940e-02
107 4.477880e-01 4.377787e-01 4.377787e-01 1.000927e-02 1.000927e-02
108 4.484697e-01 4.439743e-01 4.439743e-01 4.495369e-03 4.495369e-03
109 4.486213e-01 4.481537e-01 4.481537e-01 4.676037e-04 4.676037e-04
110 4.493628e-01 4.481537e-01 4.481537e-01 1.209135e-03 1.209135e-03
111 4.540508e-01 4.523169e-01 4.523169e-01 1.733924e-03 1.733924e-03
112 4.564509e-01 4.583115e-01 4.583115e-01 1.860620e-03 1.860620e-03
113 4.590286e-01 4.624096e-01 4.624096e-01 3.380953e-03 3.380953e-03
114 4.622250e-01 4.624096e-01 4.624096e-01 1.845278e-04 1.845278e-04
115 4.703302e-01 4.664889e-01 4.664889e-01 3.841223e-03 3.841223e-03
116 4.748532e-01 4.722899e-01 4.722899e-01 2.563365e-03 2.563365e-03
117 4.766135e-01 4.763021e-01 4.763021e-01 3.113822e-04 3.113822e-04
118 4.807601e-01 4.763021e-01 4.763021e-01 4.458024e-03 4.458024e-03
119 4.829471e-01 4.802936e-01 4.802936e-01 2.653517e-03 2.653517e-03
120 4.926887e-01 4.859079e-01 4.859079e-01 6.780779e-03 6.780779e-03
121 4.965234e-01 4.898309e-01 4.898309e-01 6.692470e-03 6.692470e-03
122 5.075924e-01 4.898309e-01 4.898309e-01 1.776149e-02 1.776149e-02
123 5.107373e-01 4.937313e-01 4.937313e-01 1.700599e-02 1.700599e-02
124 5.125552e-01 4.991661e-01 4.991661e-01 1.338901e-02 1.338901e-02
125 5.148423e-01 5.029972e-01 5.029972e-01 1.184514e-02 1.184514e-02
126 5.149982e-01 5.029972e-01 5.029972e-01 1.200105e-02 1.200105e-02
127 5.158175e-01 5.068042e-01 5.068042e-01 9.013277e-03 9.013277e-03
128 5.162704e-01 5.120665e-01 5.120665e-01 4.203987e-03 4.203987e-03
129 5.264861e-01 5.158036e-01 5.158036e-01 1.068247e-02 1.068247e-02
130 5.288602e-01 5.158036e-01 5.158036e-01 1.305655e-02 1.305655e-02
131 5.313415e-01 5.195157e-01 5.195157e-01 1.182585e-02 1.182585e-02
132 5.362854e-01 5.246120e-01 5.246120e-01 1.167334e-02 1.167334e-02
133 5.375161e-01 5.282541e-01 5.282541e-01 9.261981e-03 9.261981e-03
134 5.420540e-01 5.282541e-01 5.282541e-01 1.379987e-02 1.379987e-02
135 5.439967e-01 5.318701e-01 5.318701e-01 1.212655e-02 1.212655e-02
136 5.539836e-01 5.368072e-01 5.368072e-01 1.717635e-02 1.717635e-02
137 5.541300e-01 5.403535e-01 5.403535e-01 1.377646e-02 1.377646e-02
138 5.591713e-01 5.403535e-01 5.403535e-01 1.881779e-02 1.881779e-02
139 5.619930e-01 5.438730e-01 5.438730e-01 1.811996e-02 1.811996e-02
140 5.707705e-01 5.486573e-01 5.486573e-01 2.211322e-02 2.211322e-02
141 5.766349e-01 5.521076e-01 5.521076e-01 2.452733e-02 2.452733e-02
142 5.859866e-01 5.521076e-01 5.521076e-01 3.387899e-02 3.387899e-02
143 5.886618e-01 5.555307e-01 5.555307e-01 3.313112e-02 3.313112e-02
