# Hello World! This is dune-eigensolver.
# hardware number of threads is 128 number of threads used is 1
# 8 8
# Smallest eigenvalues convergence test

#  n: 67600 A.N(): 67600 br: 1
# GeneralizedSymmetricStewart:  time_total=1.818150e+01 time_factorization=3.207038e-01 time_eigendecomposition=3.828679e-02 time_matmul_dense=9.925742e-02 iterations=24

# Arpack: time_total=1.572575e+01 iterations=1

# Eigensolver elapsed time 1.818645e+01

# N=67600 M=144 ACCURACY=1.000000e+00 TOL=1.000000e-03 THRESHOLD=9.000000e-02 ESARERROR=5.470257e-01 ARPERROR=2.043678e-02 ESANERROR=1.387779e-15 TIMERATIO= 1.156476e+00 \\

## gen: stw     ARP-SMALL-TOL  ARPACK-TOL  ES-ARP-SMALL  ES-AR ERROR
00 1.150122e-15 -1.025655e-16 -1.027824e-16 1.252687e-15 1.252904e-15
01 5.604527e-03 5.604527e-03 5.604527e-03 2.020953e-16 2.133710e-16
02 5.604527e-03 5.604527e-03 5.604527e-03 2.602085e-17 2.515349e-17
03 8.364570e-03 8.364570e-03 8.364570e-03 2.012279e-16 2.046974e-16
04 1.867846e-02 1.867846e-02 1.867846e-02 3.677614e-16 3.851086e-16
05 1.998226e-02 1.998226e-02 1.998226e-02 3.191891e-16 2.844947e-16
06 1.998226e-02 1.998226e-02 1.998226e-02 2.532696e-16 2.116363e-16
07 2.019289e-02 2.019289e-02 2.019289e-02 7.320533e-16 7.459311e-16
08 3.249102e-02 3.249102e-02 3.249102e-02 3.400058e-16 3.330669e-16
09 3.360925e-02 3.360925e-02 3.360925e-02 2.706169e-16 3.330669e-16
10 3.360925e-02 3.360925e-02 3.360925e-02 1.665335e-16 1.734723e-16
11 3.488629e-02 3.488629e-02 3.488629e-02 3.538836e-16 3.538836e-16
12 4.663988e-02 4.663988e-02 4.663988e-02 7.285839e-16 8.326673e-16
13 4.820242e-02 4.820242e-02 4.820242e-02 4.371503e-16 4.996004e-16
14 4.820242e-02 4.820242e-02 4.820242e-02 4.857226e-16 6.730727e-16
15 4.983381e-02 4.983381e-02 4.983381e-02 3.122502e-16 2.220446e-16
16 6.142594e-02 6.142594e-02 6.142594e-02 3.885781e-16 4.024558e-16
17 6.335507e-02 6.335507e-02 6.335507e-02 6.800116e-16 7.216450e-16
18 6.335507e-02 6.335507e-02 6.335507e-02 4.718448e-16 4.024558e-16
19 6.536816e-02 6.536816e-02 6.536816e-02 4.163336e-16 3.469447e-16
20 7.676862e-02 7.676862e-02 7.676862e-02 3.608225e-16 1.942890e-16
21 7.904383e-02 7.904383e-02 7.904383e-02 7.771561e-16 9.159340e-16
22 7.904383e-02 7.904383e-02 7.904383e-02 4.302114e-16 7.216450e-16
23 8.140616e-02 8.140616e-02 8.140616e-02 5.967449e-16 5.689893e-16
24 9.261371e-02 9.261371e-02 9.261371e-02 3.191891e-16 2.359224e-16
25 9.521091e-02 9.521091e-02 9.521091e-02 2.081668e-16 1.942890e-16
26 9.521091e-02 9.521091e-02 9.521091e-02 3.747003e-16 4.302114e-16
27 9.789732e-02 9.789732e-02 9.789732e-02 5.551115e-17 1.387779e-17
28 1.089021e-01 1.089021e-01 1.089021e-01 3.053113e-16 3.053113e-16
29 1.117968e-01 1.117968e-01 1.117968e-01 1.235123e-15 1.207368e-15
30 1.117968e-01 1.117968e-01 1.117968e-01 2.914335e-16 2.498002e-16
31 1.147802e-01 1.147802e-01 1.147802e-01 5.134781e-16 2.775558e-17
32 1.255726e-01 1.255726e-01 1.255726e-01 2.775558e-17 1.387779e-16
33 1.287399e-01 1.287399e-01 1.287399e-01 1.110223e-16 1.387779e-16
34 1.287399e-01 1.287399e-01 1.287399e-01 2.498002e-16 2.775558e-17
35 1.319938e-01 1.319938e-01 1.319938e-01 4.440892e-16 5.828671e-16
36 1.425633e-01 1.425633e-01 1.425633e-01 7.494005e-16 4.996004e-16
37 1.459774e-01 1.459774e-01 1.459774e-01 5.273559e-16 1.110223e-16
38 1.459774e-01 1.459774e-01 1.459774e-01 2.775558e-16 4.996004e-16
39 1.494745e-01 1.494745e-01 1.494745e-01 9.436896e-16 8.604228e-16
40 1.598118e-01 1.598118e-01 1.598118e-01 1.110223e-16 3.053113e-16
41 1.634468e-01 1.634468e-01 1.634468e-01 9.436896e-16 2.220446e-16
42 1.634468e-01 1.634468e-01 1.634468e-01 8.326673e-17 8.326673e-17
43 1.671603e-01 1.671603e-01 1.671603e-01 4.718448e-16 2.775558e-16
44 1.772567e-01 1.772567e-01 1.772567e-01 7.494005e-16 8.604228e-16
45 1.810866e-01 1.810866e-01 1.810866e-01 8.326673e-17 8.326673e-17
46 1.810866e-01 1.810866e-01 1.810866e-01 4.440892e-16 2.220446e-16
47 1.849893e-01 1.849893e-01 1.849893e-01 2.775558e-16 5.551115e-17
48 1.948380e-01 1.948380e-01 1.948380e-01 5.551115e-16 4.163336e-16
49 1.988370e-01 1.988370e-01 1.988370e-01 5.551115e-16 1.110223e-16
50 1.988370e-01 1.988370e-01 1.988370e-01 5.551115e-16 7.494005e-16
51 2.029026e-01 2.029026e-01 2.029026e-01 9.436896e-16 1.249001e-15
52 2.124980e-01 2.124980e-01 2.124980e-01 3.330669e-16 4.440892e-16
53 2.166407e-01 2.166407e-01 2.166407e-01 9.714451e-16 4.163336e-16
54 2.166407e-01 2.166407e-01 2.166407e-01 5.273559e-16 6.661338e-16
55 2.208433e-01 2.208433e-01 2.208433e-01 1.054712e-15 8.604228e-16
56 2.301815e-01 2.301815e-01 2.301815e-01 8.049117e-16 1.137979e-15
57 2.344434e-01 2.344434e-01 2.344434e-01 3.053113e-16 1.387779e-16
58 2.344434e-01 2.344434e-01 2.344434e-01 6.106227e-16 3.053113e-16
59 2.387584e-01 2.387584e-01 2.387584e-01 1.026956e-15 6.106227e-16
60 2.478370e-01 2.478370e-01 2.478370e-01 3.885781e-16 5.551115e-17
61 2.521946e-01 2.521946e-01 2.521946e-01 6.661338e-16 6.661338e-16
62 2.521946e-01 2.521946e-01 2.521946e-01 7.216450e-16 7.771561e-16
63 2.565981e-01 2.565981e-01 2.565981e-01 1.332268e-15 1.387779e-15
64 2.654163e-01 2.654163e-01 2.654163e-01 4.440892e-16 7.771561e-16
65 2.698472e-01 2.698472e-01 2.698472e-01 1.665335e-16 5.551115e-16
66 2.698472e-01 2.698472e-01 2.698472e-01 7.216450e-16 3.885781e-16
67 2.743170e-01 2.743170e-01 2.743170e-01 3.885781e-16 2.220446e-16
68 2.828752e-01 2.828752e-01 2.828752e-01 1.221245e-15 1.776357e-15
69 2.873583e-01 2.873583e-01 2.873583e-01 2.775558e-16 6.106227e-16
70 2.873583e-01 2.873583e-01 2.873583e-01 2.164935e-15 1.776357e-15
71 2.918735e-01 2.918735e-01 2.918735e-01 1.154632e-14 1.099121e-14
72 3.001736e-01 3.001736e-01 3.001736e-01 6.139533e-14 6.222800e-14
73 3.046893e-01 3.046893e-01 3.046893e-01 4.796163e-14 4.801715e-14
74 3.046893e-01 3.046893e-01 3.046893e-01 5.762057e-14 5.745404e-14
75 3.092304e-01 3.092304e-01 3.092304e-01 1.882383e-13 1.888489e-13
76 3.172753e-01 3.172753e-01 3.172753e-01 5.964118e-13 5.964673e-13
77 3.218056e-01 3.218056e-01 3.218056e-01 3.407830e-13 3.398393e-13
78 3.218056e-01 3.218056e-01 3.218056e-01 2.626788e-12 2.627509e-12
79 3.263550e-01 3.263550e-01 3.263550e-01 8.180678e-13 8.189005e-13
80 3.341484e-01 3.341484e-01 3.341484e-01 2.902845e-12 2.903233e-12
81 3.386768e-01 3.386768e-01 3.386768e-01 3.867628e-12 3.867073e-12
82 3.386768e-01 3.386768e-01 3.386768e-01 1.633771e-11 1.633732e-11
83 3.432182e-01 3.432182e-01 3.432182e-01 1.616723e-11 1.616740e-11
84 3.507650e-01 3.507650e-01 3.507650e-01 1.987760e-11 1.987677e-11
85 3.552764e-01 3.552764e-01 3.552764e-01 3.473200e-11 3.473255e-11
86 3.552764e-01 3.552764e-01 3.552764e-01 1.353171e-10 1.353166e-10
87 3.597955e-01 3.597955e-01 3.597955e-01 9.504603e-11 9.504536e-11
88 3.671009e-01 3.671009e-01 3.671009e-01 2.862977e-10 2.862979e-10
89 3.715821e-01 3.715821e-01 3.715821e-01 4.233152e-10 4.233138e-10
90 3.715821e-01 3.715821e-01 3.715821e-01 8.046436e-10 8.046431e-10
91 3.760657e-01 3.760657e-01 3.760657e-01 8.713814e-10 8.713820e-10
92 3.831358e-01 3.831358e-01 3.831358e-01 1.303408e-09 1.303408e-09
93 3.875748e-01 3.875748e-01 3.875748e-01 2.116564e-09 2.116563e-09
94 3.875748e-01 3.875748e-01 3.875748e-01 1.677707e-08 1.677707e-08
95 3.920116e-01 3.920116e-01 3.920116e-01 2.753309e-09 2.753310e-09
96 3.988528e-01 3.988528e-01 3.988528e-01 2.278742e-08 2.278742e-08
97 4.032392e-01 4.032392e-01 4.032392e-01 1.330751e-08 1.330751e-08
98 4.032392e-01 4.032392e-01 4.032392e-01 3.786453e-08 3.786453e-08
99 4.076193e-01 4.076193e-01 4.076193e-01 2.950585e-08 2.950585e-08
100 4.142383e-01 4.142382e-01 4.142382e-01 5.348936e-08 5.348936e-08
101 4.185630e-01 4.185629e-01 4.185629e-01 9.553479e-08 9.553479e-08
102 4.185631e-01 4.185629e-01 4.185629e-01 1.838106e-07 1.838106e-07
103 4.228777e-01 4.228776e-01 4.228776e-01 1.068394e-07 1.068394e-07
104 4.292816e-01 4.292813e-01 4.292813e-01 2.284916e-07 2.284916e-07
105 4.335368e-01 4.335367e-01 4.335367e-01 1.562637e-07 1.562637e-07
106 4.335378e-01 4.335367e-01 4.335367e-01 1.118345e-06 1.118345e-06
107 4.377799e-01 4.377787e-01 4.377787e-01 1.228812e-06 1.228812e-06
108 4.439762e-01 4.439743e-01 4.439743e-01 1.889295e-06 1.889295e-06
109 4.481542e-01 4.481537e-01 4.481537e-01 4.825359e-07 4.825359e-07
110 4.481554e-01 4.481537e-01 4.481537e-01 1.682264e-06 1.682264e-06
111 4.523354e-01 4.523169e-01 4.523169e-01 1.854702e-05 1.854702e-05
112 4.583164e-01 4.583115e-01 4.583115e-01 4.886082e-06 4.886082e-06
113 4.624180e-01 4.624096e-01 4.624096e-01 8.412532e-06 8.412532e-06
114 4.624326e-01 4.624096e-01 4.624096e-01 2.307853e-05 2.307853e-05
115 4.665006e-01 4.664889e-01 4.664889e-01 1.162556e-05 1.162556e-05
116 4.723149e-01 4.722899e-01 4.722899e-01 2.505338e-05 2.505338e-05
117 4.763194e-01 4.763021e-01 4.763021e-01 1.726390e-05 1.726390e-05
118 4.763266e-01 4.763021e-01 4.763021e-01 2.451306e-05 2.451306e-05
119 4.803413e-01 4.802936e-01 4.802936e-01 4.768404e-05 4.768404e-05
120 4.859492e-01 4.859079e-01 4.859079e-01 4.125436e-05 4.125436e-05
121 4.898739e-01 4.898309e-01 4.898309e-01 4.306390e-05 4.306390e-05
122 4.899838e-01 4.898309e-01 4.898309e-01 1.528823e-04 1.528823e-04
123 4.939740e-01 4.937313e-01 4.937313e-01 2.426900e-04 2.426900e-04
124 4.997037e-01 4.991661e-01 4.991661e-01 5.375473e-04 5.375473e-04
125 5.032152e-01 5.029972e-01 5.029972e-01 2.180336e-04 2.180336e-04
126 5.036056e-01 5.029972e-01 5.029972e-01 6.083884e-04 6.083884e-04
127 5.074424e-01 5.068042e-01 5.068042e-01 6.381555e-04 6.381555e-04
128 5.126129e-01 5.120665e-01 5.120665e-01 5.464354e-04 5.464354e-04
129 5.163729e-01 5.158036e-01 5.158036e-01 5.693261e-04 5.693261e-04
130 5.170618e-01 5.158036e-01 5.158036e-01 1.258207e-03 1.258207e-03
131 5.200683e-01 5.195157e-01 5.195157e-01 5.526591e-04 5.526591e-04
132 5.270222e-01 5.246120e-01 5.246120e-01 2.410130e-03 2.410130e-03
133 5.295729e-01 5.282541e-01 5.282541e-01 1.318779e-03 1.318779e-03
134 5.342514e-01 5.282541e-01 5.282541e-01 5.997342e-03 5.997342e-03
135 5.364571e-01 5.318701e-01 5.318701e-01 4.586981e-03 4.586981e-03
136 5.382365e-01 5.368072e-01 5.368072e-01 1.429299e-03 1.429299e-03
137 5.417333e-01 5.403535e-01 5.403535e-01 1.379819e-03 1.379819e-03
138 5.437733e-01 5.403535e-01 5.403535e-01 3.419774e-03 3.419774e-03
139 5.479589e-01 5.438730e-01 5.438730e-01 4.085890e-03 4.085890e-03
140 5.548207e-01 5.486573e-01 5.486573e-01 6.163418e-03 6.163418e-03
141 5.564243e-01 5.521076e-01 5.521076e-01 4.316735e-03 4.316735e-03
142 5.633994e-01 5.521076e-01 5.521076e-01 1.129180e-02 1.129180e-02
143 5.759675e-01 5.555307e-01 5.555307e-01 2.043678e-02 2.043678e-02
