# Hello World! This is dune-eigensolver.
# hardware number of threads is 128 number of threads used is 1
# 8 8
# Smallest eigenvalues convergence test

#  n: 67600 A.N(): 67600 br: 1
# GeneralizedInverse:  time_total=1.730303e+02 time_factorization=3.205397e-01 iterations=279

# Arpack: time_total=1.559128e+01 iterations=1

# Eigensolver elapsed time 1.730340e+02

# N=67600 M=144 ACCURACY=7.500000e-01 TOL=2.000000e-03 THRESHOLD=9.000000e-02 ESARERROR=5.267029e-01 ARPERROR=1.766399e-03 ESANERROR=1.387779e-15 TIMERATIO= 1.109812e+01 \\

## gen: ftw     ARP-SMALL-TOL  ARPACK-TOL  ES-ARP-SMALL  ES-AR ERROR
00 1.343977e-15 -1.025655e-16 -1.027824e-16 1.446543e-15 1.446759e-15
01 5.604527e-03 5.604527e-03 5.604527e-03 2.602085e-18 1.387779e-17
02 5.604527e-03 5.604527e-03 5.604527e-03 1.214306e-17 1.127570e-17
03 8.364570e-03 8.364570e-03 8.364570e-03 2.844947e-16 2.879641e-16
04 1.867846e-02 1.867846e-02 1.867846e-02 3.989864e-16 4.163336e-16
05 1.998406e-02 1.998226e-02 1.998226e-02 1.801574e-06 1.801574e-06
06 2.007078e-02 1.998226e-02 1.998226e-02 8.851761e-05 8.851761e-05
07 2.010257e-02 2.019289e-02 2.019289e-02 9.031918e-05 9.031918e-05
08 3.249102e-02 3.249102e-02 3.249102e-02 2.577439e-11 2.577440e-11
09 3.360925e-02 3.360925e-02 3.360925e-02 2.514093e-11 2.514099e-11
10 3.360925e-02 3.360925e-02 3.360925e-02 5.895978e-14 5.895284e-14
11 3.488629e-02 3.488629e-02 3.488629e-02 6.942988e-13 6.942988e-13
12 4.663988e-02 4.663988e-02 4.663988e-02 4.278404e-12 4.278300e-12
13 4.820242e-02 4.820242e-02 4.820242e-02 2.631922e-14 2.625677e-14
14 4.820242e-02 4.820242e-02 4.820242e-02 1.083948e-11 1.083929e-11
15 4.983381e-02 4.983381e-02 4.983381e-02 1.514631e-11 1.514622e-11
16 6.142594e-02 6.142594e-02 6.142594e-02 1.961123e-11 1.961122e-11
17 6.335507e-02 6.335507e-02 6.335507e-02 2.289397e-10 2.289396e-10
18 6.335507e-02 6.335507e-02 6.335507e-02 1.148739e-09 1.148739e-09
19 6.536816e-02 6.536816e-02 6.536816e-02 1.397292e-09 1.397292e-09
20 7.676862e-02 7.676862e-02 7.676862e-02 2.491628e-11 2.491644e-11
21 7.904383e-02 7.904383e-02 7.904383e-02 1.242337e-10 1.242335e-10
22 7.904383e-02 7.904383e-02 7.904383e-02 6.684585e-10 6.684582e-10
23 8.140616e-02 8.140616e-02 8.140616e-02 8.176101e-10 8.176101e-10
24 9.261372e-02 9.261371e-02 9.261371e-02 5.150561e-09 5.150561e-09
25 9.521091e-02 9.521091e-02 9.521091e-02 1.890881e-09 1.890881e-09
26 9.521091e-02 9.521091e-02 9.521091e-02 1.878546e-09 1.878546e-09
27 9.789732e-02 9.789732e-02 9.789732e-02 1.381134e-09 1.381134e-09
28 1.089021e-01 1.089021e-01 1.089021e-01 6.390256e-10 6.390256e-10
29 1.117968e-01 1.117968e-01 1.117968e-01 5.671626e-11 5.671623e-11
30 1.117968e-01 1.117968e-01 1.117968e-01 6.605571e-09 6.605571e-09
31 1.147802e-01 1.147802e-01 1.147802e-01 7.187883e-09 7.187882e-09
32 1.255733e-01 1.255726e-01 1.255726e-01 6.704166e-07 6.704166e-07
33 1.287392e-01 1.287399e-01 1.287399e-01 6.363940e-07 6.363940e-07
34 1.287398e-01 1.287399e-01 1.287399e-01 2.474739e-08 2.474739e-08
35 1.319938e-01 1.319938e-01 1.319938e-01 9.275223e-09 9.275223e-09
36 1.425633e-01 1.425633e-01 1.425633e-01 9.979391e-10 9.979394e-10
37 1.459774e-01 1.459774e-01 1.459774e-01 4.864485e-10 4.864489e-10
38 1.459774e-01 1.459774e-01 1.459774e-01 4.386642e-08 4.386642e-08
39 1.494745e-01 1.494745e-01 1.494745e-01 4.535081e-08 4.535081e-08
40 1.598119e-01 1.598118e-01 1.598118e-01 7.908643e-08 7.908643e-08
41 1.634468e-01 1.634468e-01 1.634468e-01 2.209048e-08 2.209048e-08
42 1.634469e-01 1.634468e-01 1.634468e-01 4.465116e-08 4.465116e-08
43 1.671602e-01 1.671603e-01 1.671603e-01 1.016471e-07 1.016471e-07
44 1.772567e-01 1.772567e-01 1.772567e-01 1.513128e-08 1.513128e-08
45 1.810866e-01 1.810866e-01 1.810866e-01 4.614206e-11 4.614206e-11
46 1.810873e-01 1.810866e-01 1.810866e-01 7.426104e-07 7.426104e-07
47 1.849886e-01 1.849893e-01 1.849893e-01 7.577879e-07 7.577879e-07
48 1.948381e-01 1.948380e-01 1.948380e-01 7.500340e-08 7.500340e-08
49 1.988370e-01 1.988370e-01 1.988370e-01 1.006025e-09 1.006025e-09
50 1.988370e-01 1.988370e-01 1.988370e-01 6.342000e-09 6.341999e-09
51 2.029025e-01 2.029026e-01 2.029026e-01 8.033938e-08 8.033938e-08
52 2.124983e-01 2.124980e-01 2.124980e-01 2.987466e-07 2.987466e-07
53 2.166405e-01 2.166407e-01 2.166407e-01 1.910569e-07 1.910569e-07
54 2.166422e-01 2.166407e-01 2.166407e-01 1.541031e-06 1.541031e-06
55 2.208417e-01 2.208433e-01 2.208433e-01 1.648682e-06 1.648682e-06
56 2.301817e-01 2.301815e-01 2.301815e-01 1.447316e-07 1.447316e-07
57 2.344433e-01 2.344434e-01 2.344434e-01 1.209155e-07 1.209155e-07
58 2.344447e-01 2.344434e-01 2.344434e-01 1.302900e-06 1.302900e-06
59 2.387571e-01 2.387584e-01 2.387584e-01 1.326640e-06 1.326640e-06
60 2.478383e-01 2.478370e-01 2.478370e-01 1.254444e-06 1.254444e-06
61 2.521934e-01 2.521946e-01 2.521946e-01 1.141247e-06 1.141247e-06
62 2.521947e-01 2.521946e-01 2.521946e-01 1.284562e-07 1.284562e-07
63 2.565979e-01 2.565981e-01 2.565981e-01 2.416662e-07 2.416662e-07
64 2.654169e-01 2.654163e-01 2.654163e-01 6.239442e-07 6.239442e-07
65 2.698468e-01 2.698472e-01 2.698472e-01 3.922606e-07 3.922606e-07
66 2.698471e-01 2.698472e-01 2.698472e-01 1.117459e-07 1.117459e-07
67 2.743168e-01 2.743170e-01 2.743170e-01 1.199499e-07 1.199499e-07
68 2.828759e-01 2.828752e-01 2.828752e-01 6.399467e-07 6.399467e-07
69 2.873581e-01 2.873583e-01 2.873583e-01 2.257062e-07 2.257062e-07
70 2.873583e-01 2.873583e-01 2.873583e-01 2.652899e-08 2.652899e-08
71 2.918731e-01 2.918735e-01 2.918735e-01 3.875619e-07 3.875619e-07
72 3.002618e-01 3.001736e-01 3.001736e-01 8.822041e-05 8.822041e-05
73 3.046084e-01 3.046893e-01 3.046893e-01 8.086236e-05 8.086236e-05
74 3.046825e-01 3.046893e-01 3.046893e-01 6.822155e-06 6.822155e-06
75 3.092302e-01 3.092304e-01 3.092304e-01 2.269180e-07 2.269180e-07
76 3.172762e-01 3.172753e-01 3.172753e-01 8.483737e-07 8.483737e-07
77 3.218059e-01 3.218056e-01 3.218056e-01 3.383329e-07 3.383329e-07
78 3.218141e-01 3.218056e-01 3.218056e-01 8.482823e-06 8.482823e-06
79 3.263457e-01 3.263550e-01 3.263550e-01 9.258329e-06 9.258329e-06
80 3.341647e-01 3.341484e-01 3.341484e-01 1.629979e-05 1.629979e-05
81 3.386605e-01 3.386768e-01 3.386768e-01 1.627907e-05 1.627907e-05
82 3.386784e-01 3.386768e-01 3.386768e-01 1.637876e-06 1.637876e-06
83 3.432159e-01 3.432182e-01 3.432182e-01 2.355858e-06 2.355858e-06
84 3.507650e-01 3.507650e-01 3.507650e-01 1.531100e-08 1.531100e-08
85 3.552767e-01 3.552764e-01 3.552764e-01 3.079954e-07 3.079954e-07
86 3.552780e-01 3.552764e-01 3.552764e-01 1.579016e-06 1.579016e-06
87 3.597936e-01 3.597955e-01 3.597955e-01 1.840914e-06 1.840914e-06
88 3.671363e-01 3.671009e-01 3.671009e-01 3.535345e-05 3.535345e-05
89 3.715664e-01 3.715821e-01 3.715821e-01 1.563102e-05 1.563102e-05
90 3.716197e-01 3.715821e-01 3.715821e-01 3.758818e-05 3.758818e-05
91 3.760084e-01 3.760657e-01 3.760657e-01 5.730765e-05 5.730765e-05
92 3.831993e-01 3.831358e-01 3.831358e-01 6.345162e-05 6.345162e-05
93 3.875132e-01 3.875748e-01 3.875748e-01 6.163507e-05 6.163507e-05
94 3.875820e-01 3.875748e-01 3.875748e-01 7.175029e-06 7.175029e-06
95 3.922195e-01 3.920116e-01 3.920116e-01 2.078988e-04 2.078988e-04
96 3.986872e-01 3.988528e-01 3.988528e-01 1.656198e-04 1.656198e-04
97 4.032107e-01 4.032392e-01 4.032392e-01 2.848386e-05 2.848386e-05
98 4.032174e-01 4.032392e-01 4.032392e-01 2.182070e-05 2.182070e-05
99 4.076540e-01 4.076193e-01 4.076193e-01 3.478300e-05 3.478300e-05
100 4.142110e-01 4.142382e-01 4.142382e-01 2.725201e-05 2.725201e-05
101 4.185882e-01 4.185629e-01 4.185629e-01 2.522685e-05 2.522685e-05
102 4.186056e-01 4.185629e-01 4.185629e-01 4.269255e-05 4.269255e-05
103 4.228031e-01 4.228776e-01 4.228776e-01 7.451059e-05 7.451059e-05
104 4.292876e-01 4.292813e-01 4.292813e-01 6.259333e-06 6.259333e-06
105 4.335513e-01 4.335367e-01 4.335367e-01 1.460327e-05 1.460327e-05
106 4.341692e-01 4.335367e-01 4.335367e-01 6.325552e-04 6.325552e-04
107 4.371238e-01 4.377787e-01 4.377787e-01 6.548539e-04 6.548539e-04
108 4.439744e-01 4.439743e-01 4.439743e-01 1.564630e-07 1.564630e-07
109 4.481624e-01 4.481537e-01 4.481537e-01 8.766742e-06 8.766742e-06
110 4.481924e-01 4.481537e-01 4.481537e-01 3.875007e-05 3.875007e-05
111 4.522703e-01 4.523169e-01 4.523169e-01 4.660646e-05 4.660646e-05
112 4.587832e-01 4.583115e-01 4.583115e-01 4.716112e-04 4.716112e-04
113 4.619464e-01 4.624096e-01 4.624096e-01 4.631631e-04 4.631631e-04
114 4.634520e-01 4.624096e-01 4.624096e-01 1.042448e-03 1.042448e-03
115 4.654831e-01 4.664889e-01 4.664889e-01 1.005789e-03 1.005789e-03
116 4.722771e-01 4.722899e-01 4.722899e-01 1.279729e-05 1.279729e-05
117 4.762895e-01 4.763021e-01 4.763021e-01 1.254967e-05 1.254967e-05
118 4.763214e-01 4.763021e-01 4.763021e-01 1.925406e-05 1.925406e-05
119 4.803889e-01 4.802936e-01 4.802936e-01 9.532737e-05 9.532737e-05
120 4.857730e-01 4.859079e-01 4.859079e-01 1.349137e-04 1.349137e-04
121 4.898358e-01 4.898309e-01 4.898309e-01 4.879959e-06 4.879959e-06
122 4.901180e-01 4.898309e-01 4.898309e-01 2.871402e-04 2.871402e-04
123 4.934393e-01 4.937313e-01 4.937313e-01 2.919793e-04 2.919793e-04
124 5.009325e-01 4.991661e-01 4.991661e-01 1.766399e-03 1.766399e-03
125 5.021559e-01 5.029972e-01 5.029972e-01 8.412836e-04 8.412836e-04
126 5.024052e-01 5.029972e-01 5.029972e-01 5.919838e-04 5.919838e-04
127 5.064760e-01 5.068042e-01 5.068042e-01 3.282356e-04 3.282356e-04
128 5.122169e-01 5.120665e-01 5.120665e-01 1.504689e-04 1.504689e-04
129 5.156893e-01 5.158036e-01 5.158036e-01 1.143439e-04 1.143439e-04
130 5.159452e-01 5.158036e-01 5.158036e-01 1.415396e-04 1.415396e-04
131 5.193540e-01 5.195157e-01 5.195157e-01 1.616694e-04 1.616694e-04
132 5.246677e-01 5.246120e-01 5.246120e-01 5.561246e-05 5.561246e-05
133 5.283921e-01 5.282541e-01 5.282541e-01 1.379780e-04 1.379780e-04
134 5.296639e-01 5.282541e-01 5.282541e-01 1.409764e-03 1.409764e-03
135 5.302517e-01 5.318701e-01 5.318701e-01 1.618459e-03 1.618459e-03
136 5.368746e-01 5.368072e-01 5.368072e-01 6.740202e-05 6.740202e-05
137 5.403115e-01 5.403535e-01 5.403535e-01 4.198315e-05 4.198315e-05
138 5.403653e-01 5.403535e-01 5.403535e-01 1.177187e-05 1.177187e-05
139 5.450176e-01 5.438730e-01 5.438730e-01 1.144513e-03 1.144513e-03
140 5.491196e-01 5.486573e-01 5.486573e-01 4.623477e-04 4.623477e-04
141 5.509102e-01 5.521076e-01 5.521076e-01 1.197345e-03 1.197345e-03
142 5.517468e-01 5.521076e-01 5.521076e-01 3.608138e-04 3.608138e-04
143 5.556447e-01 5.555307e-01 5.555307e-01 1.139809e-04 1.139809e-04
