# Hello World! This is dune-eigensolver.
# hardware number of threads is 128 number of threads used is 1
# 8 8
# Smallest eigenvalues convergence test

#  n: 67600 A.N(): 67600 br: 1
# GeneralizedInverse:  time_total=5.371427e+02 time_factorization=3.202399e-01 iterations=886

# Arpack: time_total=1.572075e+01 iterations=1

# Eigensolver elapsed time 5.371457e+02

# N=67600 M=144 ACCURACY=1.000000e+00 TOL=1.000000e-04 THRESHOLD=9.000000e-02 ESARERROR=5.265889e-01 ARPERROR=1.910511e-06 ESANERROR=1.387779e-15 TIMERATIO= 3.416795e+01 \\

## gen: ftw     ARP-SMALL-TOL  ARPACK-TOL  ES-ARP-SMALL  ES-AR ERROR
00 1.340941e-15 -1.025655e-16 -1.027824e-16 1.443507e-15 1.443724e-15
01 5.604527e-03 5.604527e-03 5.604527e-03 1.066855e-16 1.179612e-16
02 5.604527e-03 5.604527e-03 5.604527e-03 1.153591e-16 1.162265e-16
03 8.364570e-03 8.364570e-03 8.364570e-03 2.706169e-16 2.740863e-16
04 1.867846e-02 1.867846e-02 1.867846e-02 4.059253e-16 4.232725e-16
05 1.998226e-02 1.998226e-02 1.998226e-02 9.841260e-12 9.841294e-12
06 1.998226e-02 1.998226e-02 1.998226e-02 8.465501e-10 8.465502e-10
07 2.019289e-02 2.019289e-02 2.019289e-02 8.563929e-10 8.563929e-10
08 3.249102e-02 3.249102e-02 3.249102e-02 3.955170e-16 3.885781e-16
09 3.360925e-02 3.360925e-02 3.360925e-02 6.175616e-16 6.800116e-16
10 3.360925e-02 3.360925e-02 3.360925e-02 5.204170e-16 5.273559e-16
11 3.488629e-02 3.488629e-02 3.488629e-02 4.649059e-16 4.649059e-16
12 4.663988e-02 4.663988e-02 4.663988e-02 5.551115e-16 6.591949e-16
13 4.820242e-02 4.820242e-02 4.820242e-02 3.122502e-16 3.747003e-16
14 4.820242e-02 4.820242e-02 4.820242e-02 4.510281e-16 6.383782e-16
15 4.983381e-02 4.983381e-02 4.983381e-02 6.175616e-16 5.273559e-16
16 6.142594e-02 6.142594e-02 6.142594e-02 3.885781e-16 4.024558e-16
17 6.335507e-02 6.335507e-02 6.335507e-02 4.163336e-16 4.579670e-16
18 6.335507e-02 6.335507e-02 6.335507e-02 5.828671e-16 5.134781e-16
19 6.536816e-02 6.536816e-02 6.536816e-02 5.551115e-16 4.857226e-16
20 7.676862e-02 7.676862e-02 7.676862e-02 4.996004e-16 3.330669e-16
21 7.904383e-02 7.904383e-02 7.904383e-02 3.885781e-16 5.273559e-16
22 7.904383e-02 7.904383e-02 7.904383e-02 2.081668e-16 4.996004e-16
23 8.140616e-02 8.140616e-02 8.140616e-02 5.551115e-16 5.273559e-16
24 9.261371e-02 9.261371e-02 9.261371e-02 1.665335e-16 2.498002e-16
25 9.521091e-02 9.521091e-02 9.521091e-02 4.857226e-16 4.718448e-16
26 9.521091e-02 9.521091e-02 9.521091e-02 4.857226e-16 5.412337e-16
27 9.789732e-02 9.789732e-02 9.789732e-02 4.996004e-16 4.302114e-16
28 1.089021e-01 1.089021e-01 1.089021e-01 1.387779e-17 1.387779e-17
29 1.117968e-01 1.117968e-01 1.117968e-01 3.053113e-16 2.775558e-16
30 1.117968e-01 1.117968e-01 1.117968e-01 3.747003e-16 3.330669e-16
31 1.147802e-01 1.147802e-01 1.147802e-01 8.049117e-16 3.191891e-16
32 1.255726e-01 1.255726e-01 1.255726e-01 1.387779e-16 2.775558e-17
33 1.287399e-01 1.287399e-01 1.287399e-01 2.775558e-16 2.775558e-17
34 1.287399e-01 1.287399e-01 1.287399e-01 1.942890e-16 8.326673e-17
35 1.319938e-01 1.319938e-01 1.319938e-01 3.608225e-16 4.996004e-16
36 1.425633e-01 1.425633e-01 1.425633e-01 1.110223e-16 1.387779e-16
37 1.459774e-01 1.459774e-01 1.459774e-01 2.775558e-16 1.387779e-16
38 1.459774e-01 1.459774e-01 1.459774e-01 1.942890e-16 2.775558e-17
39 1.494745e-01 1.494745e-01 1.494745e-01 5.551115e-17 1.387779e-16
40 1.598118e-01 1.598118e-01 1.598118e-01 4.996004e-16 8.326673e-17
41 1.634468e-01 1.634468e-01 1.634468e-01 3.330669e-16 3.885781e-16
42 1.634468e-01 1.634468e-01 1.634468e-01 4.163336e-16 4.163336e-16
43 1.671603e-01 1.671603e-01 1.671603e-01 3.053113e-16 1.110223e-16
44 1.772567e-01 1.772567e-01 1.772567e-01 2.220446e-16 3.330669e-16
45 1.810866e-01 1.810866e-01 1.810866e-01 1.665335e-16 1.665335e-16
46 1.810866e-01 1.810866e-01 1.810866e-01 2.775558e-16 4.996004e-16
47 1.849893e-01 1.849893e-01 1.849893e-01 1.942890e-16 1.387779e-16
48 1.948380e-01 1.948380e-01 1.948380e-01 6.106227e-16 4.718448e-16
49 1.988370e-01 1.988370e-01 1.988370e-01 3.330669e-16 1.110223e-16
50 1.988370e-01 1.988370e-01 1.988370e-01 2.498002e-16 4.440892e-16
51 2.029026e-01 2.029026e-01 2.029026e-01 0.000000e+00 3.053113e-16
52 2.124980e-01 2.124980e-01 2.124980e-01 4.163336e-16 5.273559e-16
53 2.166407e-01 2.166407e-01 2.166407e-01 5.551115e-16 0.000000e+00
54 2.166407e-01 2.166407e-01 2.166407e-01 8.326673e-17 2.220446e-16
55 2.208433e-01 2.208433e-01 2.208433e-01 2.498002e-16 4.440892e-16
56 2.301815e-01 2.301815e-01 2.301815e-01 1.665335e-16 1.665335e-16
57 2.344434e-01 2.344434e-01 2.344434e-01 4.440892e-16 0.000000e+00
58 2.344434e-01 2.344434e-01 2.344434e-01 8.326673e-17 2.220446e-16
59 2.387584e-01 2.387584e-01 2.387584e-01 1.026956e-15 6.106227e-16
60 2.478370e-01 2.478370e-01 2.478370e-01 1.110223e-16 4.440892e-16
61 2.521946e-01 2.521946e-01 2.521946e-01 5.551115e-16 5.551115e-16
62 2.521946e-01 2.521946e-01 2.521946e-01 3.885781e-16 4.440892e-16
63 2.565981e-01 2.565981e-01 2.565981e-01 2.220446e-16 1.665335e-16
64 2.654163e-01 2.654163e-01 2.654163e-01 2.053913e-15 1.720846e-15
65 2.698472e-01 2.698472e-01 2.698472e-01 1.665335e-16 5.551115e-16
66 2.698472e-01 2.698472e-01 2.698472e-01 9.436896e-16 1.276756e-15
67 2.743170e-01 2.743170e-01 2.743170e-01 8.326673e-16 6.661338e-16
68 2.828752e-01 2.828752e-01 2.828752e-01 2.886580e-15 3.441691e-15
69 2.873583e-01 2.873583e-01 2.873583e-01 5.551115e-17 3.885781e-16
70 2.873583e-01 2.873583e-01 2.873583e-01 6.661338e-16 1.054712e-15
71 2.918735e-01 2.918735e-01 2.918735e-01 2.664535e-15 3.219647e-15
72 3.001736e-01 3.001736e-01 3.001736e-01 1.280587e-12 1.281419e-12
73 3.046893e-01 3.046893e-01 3.046893e-01 1.174116e-12 1.174061e-12
74 3.046893e-01 3.046893e-01 3.046893e-01 9.742207e-14 9.758860e-14
75 3.092304e-01 3.092304e-01 3.092304e-01 8.937295e-15 8.326673e-15
76 3.172753e-01 3.172753e-01 3.172753e-01 4.213296e-14 4.218847e-14
77 3.218056e-01 3.218056e-01 3.218056e-01 1.626477e-14 1.532108e-14
78 3.218056e-01 3.218056e-01 3.218056e-01 3.622658e-13 3.629874e-13
79 3.263550e-01 3.263550e-01 3.263550e-01 4.191092e-13 4.182765e-13
80 3.341484e-01 3.341484e-01 3.341484e-01 1.433631e-12 1.434020e-12
81 3.386768e-01 3.386768e-01 3.386768e-01 1.368405e-12 1.368961e-12
82 3.386768e-01 3.386768e-01 3.386768e-01 1.712519e-13 1.708633e-13
83 3.432182e-01 3.432182e-01 3.432182e-01 2.360889e-13 2.359224e-13
84 3.507650e-01 3.507650e-01 3.507650e-01 7.938095e-15 7.105427e-15
85 3.552764e-01 3.552764e-01 3.552764e-01 7.133183e-14 7.188694e-14
86 3.552764e-01 3.552764e-01 3.552764e-01 3.583800e-13 3.578804e-13
87 3.597955e-01 3.597955e-01 3.597955e-01 4.362066e-13 4.368728e-13
88 3.671009e-01 3.671009e-01 3.671009e-01 1.460426e-11 1.460454e-11
89 3.715821e-01 3.715821e-01 3.715821e-01 6.415035e-12 6.416423e-12
90 3.715821e-01 3.715821e-01 3.715821e-01 2.044526e-11 2.044476e-11
91 3.760657e-01 3.760657e-01 3.760657e-01 2.863515e-11 2.863448e-11
92 3.831361e-01 3.831358e-01 3.831358e-01 2.678820e-07 2.678820e-07
93 3.875745e-01 3.875748e-01 3.875748e-01 2.678800e-07 2.678800e-07
94 3.875748e-01 3.875748e-01 3.875748e-01 7.257861e-12 7.257250e-12
95 3.920116e-01 3.920116e-01 3.920116e-01 9.038825e-12 9.037937e-12
96 3.988528e-01 3.988528e-01 3.988528e-01 9.099244e-11 9.099227e-11
97 4.032392e-01 4.032392e-01 4.032392e-01 5.054174e-11 5.054218e-11
98 4.032392e-01 4.032392e-01 4.032392e-01 3.844830e-11 3.844747e-11
99 4.076193e-01 4.076193e-01 4.076193e-01 2.054690e-12 2.054690e-12
100 4.142382e-01 4.142382e-01 4.142382e-01 2.943384e-11 2.943340e-11
101 4.185629e-01 4.185629e-01 4.185629e-01 1.025575e-10 1.025572e-10
102 4.185629e-01 4.185629e-01 4.185629e-01 1.754131e-10 1.754136e-10
103 4.228776e-01 4.228776e-01 4.228776e-01 3.075245e-10 3.075234e-10
104 4.292813e-01 4.292813e-01 4.292813e-01 4.726702e-11 4.726675e-11
105 4.335367e-01 4.335367e-01 4.335367e-01 1.234257e-10 1.234263e-10
106 4.335367e-01 4.335367e-01 4.335367e-01 5.671624e-09 5.671625e-09
107 4.377787e-01 4.377787e-01 4.377787e-01 5.842297e-09 5.842297e-09
108 4.439743e-01 4.439743e-01 4.439743e-01 8.071432e-12 8.070378e-12
109 4.481537e-01 4.481537e-01 4.481537e-01 1.190047e-10 1.190060e-10
110 4.481537e-01 4.481537e-01 4.481537e-01 5.367381e-10 5.367377e-10
111 4.523169e-01 4.523169e-01 4.523169e-01 6.637013e-10 6.637018e-10
112 4.583116e-01 4.583115e-01 4.583115e-01 1.103186e-08 1.103186e-08
113 4.624096e-01 4.624096e-01 4.624096e-01 1.079743e-08 1.079743e-08
114 4.624099e-01 4.624096e-01 4.624096e-01 2.836381e-07 2.836381e-07
115 4.664887e-01 4.664889e-01 4.664889e-01 2.838589e-07 2.838589e-07
116 4.722899e-01 4.722899e-01 4.722899e-01 1.195651e-09 1.195651e-09
117 4.763021e-01 4.763021e-01 4.763021e-01 4.508991e-10 4.508995e-10
118 4.763021e-01 4.763021e-01 4.763021e-01 8.619996e-10 8.619994e-10
119 4.802936e-01 4.802936e-01 4.802936e-01 1.516400e-09 1.516400e-09
120 4.859079e-01 4.859079e-01 4.859079e-01 4.504469e-11 4.504375e-11
121 4.898309e-01 4.898309e-01 4.898309e-01 2.962546e-10 2.962540e-10
122 4.898309e-01 4.898309e-01 4.898309e-01 2.085358e-08 2.085358e-08
123 4.937313e-01 4.937313e-01 4.937313e-01 2.120879e-08 2.120879e-08
124 4.991681e-01 4.991661e-01 4.991661e-01 1.910511e-06 1.910511e-06
125 5.029954e-01 5.029972e-01 5.029972e-01 1.767333e-06 1.767333e-06
126 5.029971e-01 5.029972e-01 5.029972e-01 1.062155e-07 1.062155e-07
127 5.068042e-01 5.068042e-01 5.068042e-01 3.695345e-08 3.695345e-08
128 5.120665e-01 5.120665e-01 5.120665e-01 2.395063e-08 2.395063e-08
129 5.158036e-01 5.158036e-01 5.158036e-01 1.673513e-08 1.673513e-08
130 5.158036e-01 5.158036e-01 5.158036e-01 2.480433e-08 2.480433e-08
131 5.195156e-01 5.195157e-01 5.195157e-01 3.188131e-08 3.188131e-08
132 5.246121e-01 5.246120e-01 5.246120e-01 1.395996e-08 1.395996e-08
133 5.282541e-01 5.282541e-01 5.282541e-01 4.246009e-08 4.246009e-08
134 5.282555e-01 5.282541e-01 5.282541e-01 1.364994e-06 1.364994e-06
135 5.318687e-01 5.318701e-01 5.318701e-01 1.421561e-06 1.421561e-06
136 5.368073e-01 5.368072e-01 5.368072e-01 2.471269e-08 2.471269e-08
137 5.403535e-01 5.403535e-01 5.403535e-01 1.313237e-08 1.313237e-08
138 5.403535e-01 5.403535e-01 5.403535e-01 4.352842e-09 4.352841e-09
139 5.438731e-01 5.438730e-01 5.438730e-01 2.171455e-08 2.171455e-08
140 5.486579e-01 5.486573e-01 5.486573e-01 6.634249e-07 6.634249e-07
141 5.521070e-01 5.521076e-01 5.521076e-01 5.850620e-07 5.850620e-07
142 5.521075e-01 5.521076e-01 5.521076e-01 8.669340e-08 8.669340e-08
143 5.555307e-01 5.555307e-01 5.555307e-01 2.107928e-08 2.107928e-08
