# Hello World! This is dune-eigensolver.
# hardware number of threads is 128 number of threads used is 1
# 8 8
# Smallest eigenvalues convergence test

#  n: 67600 A.N(): 67600 br: 1
# GeneralizedInverse:  time_total=2.079472e+02 time_factorization=3.195931e-01 iterations=342

# Arpack: time_total=1.565010e+01 iterations=1

# Eigensolver elapsed time 2.079506e+02

# N=67600 M=144 ACCURACY=2.500000e-01 TOL=1.000000e-04 THRESHOLD=9.000000e-02 ESARERROR=5.266277e-01 ARPERROR=2.006269e-03 ESANERROR=1.387779e-15 TIMERATIO= 1.328749e+01 \\

## gen: ftw     ARP-SMALL-TOL  ARPACK-TOL  ES-ARP-SMALL  ES-AR ERROR
00 1.340941e-15 -1.025655e-16 -1.027824e-16 1.443507e-15 1.443724e-15
01 5.604527e-03 5.604527e-03 5.604527e-03 7.112366e-17 8.239937e-17
02 5.604527e-03 5.604527e-03 5.604527e-03 4.770490e-17 4.857226e-17
03 8.364570e-03 8.364570e-03 8.364570e-03 2.428613e-16 2.463307e-16
04 1.867846e-02 1.867846e-02 1.867846e-02 3.365364e-16 3.538836e-16
05 1.998277e-02 1.998226e-02 1.998226e-02 5.149125e-07 5.149125e-07
06 2.001877e-02 1.998226e-02 1.998226e-02 3.650675e-05 3.650675e-05
07 2.015587e-02 2.019289e-02 2.019289e-02 3.702166e-05 3.702166e-05
08 3.249102e-02 3.249102e-02 3.249102e-02 4.105813e-13 4.105882e-13
09 3.360925e-02 3.360925e-02 3.360925e-02 4.049955e-13 4.050579e-13
10 3.360925e-02 3.360925e-02 3.360925e-02 1.526557e-16 1.595946e-16
11 3.488629e-02 3.488629e-02 3.488629e-02 7.806256e-15 7.806256e-15
12 4.663988e-02 4.663988e-02 4.663988e-02 7.278206e-14 7.267797e-14
13 4.820242e-02 4.820242e-02 4.820242e-02 8.326673e-17 2.081668e-17
14 4.820242e-02 4.820242e-02 4.820242e-02 1.744230e-13 1.742356e-13
15 4.983381e-02 4.983381e-02 4.983381e-02 2.490647e-13 2.489745e-13
16 6.142594e-02 6.142594e-02 6.142594e-02 4.232378e-13 4.232240e-13
17 6.335507e-02 6.335507e-02 6.335507e-02 4.703571e-12 4.703529e-12
18 6.335507e-02 6.335507e-02 6.335507e-02 2.369716e-11 2.369722e-11
19 6.536816e-02 6.536816e-02 6.536816e-02 2.882622e-11 2.882615e-11
20 7.676862e-02 7.676862e-02 7.676862e-02 6.578488e-13 6.580153e-13
21 7.904383e-02 7.904383e-02 7.904383e-02 3.177694e-12 3.177555e-12
22 7.904383e-02 7.904383e-02 7.904383e-02 1.710140e-11 1.710111e-11
23 8.140616e-02 8.140616e-02 8.140616e-02 2.093857e-11 2.093854e-11
24 9.261371e-02 9.261371e-02 9.261371e-02 1.638183e-10 1.638184e-10
25 9.521091e-02 9.521091e-02 9.521091e-02 6.094662e-11 6.094661e-11
26 9.521091e-02 9.521091e-02 9.521091e-02 5.989347e-11 5.989352e-11
27 9.789732e-02 9.789732e-02 9.789732e-02 4.297875e-11 4.297868e-11
28 1.089021e-01 1.089021e-01 1.089021e-01 2.414591e-11 2.414591e-11
29 1.117968e-01 1.117968e-01 1.117968e-01 2.437148e-12 2.437120e-12
30 1.117968e-01 1.117968e-01 1.117968e-01 2.462619e-10 2.462619e-10
31 1.147802e-01 1.147802e-01 1.147802e-01 2.679719e-10 2.679714e-10
32 1.255726e-01 1.255726e-01 1.255726e-01 2.978448e-08 2.978448e-08
33 1.287398e-01 1.287399e-01 1.287399e-01 2.827327e-08 2.827327e-08
34 1.287399e-01 1.287399e-01 1.287399e-01 1.102109e-09 1.102109e-09
35 1.319938e-01 1.319938e-01 1.319938e-01 4.091014e-10 4.091016e-10
36 1.425633e-01 1.425633e-01 1.425633e-01 5.164166e-11 5.164191e-11
37 1.459774e-01 1.459774e-01 1.459774e-01 2.510384e-11 2.510425e-11
38 1.459774e-01 1.459774e-01 1.459774e-01 2.266471e-09 2.266471e-09
39 1.494745e-01 1.494745e-01 1.494745e-01 2.343217e-09 2.343217e-09
40 1.598118e-01 1.598118e-01 1.598118e-01 4.731119e-09 4.731120e-09
41 1.634468e-01 1.634468e-01 1.634468e-01 1.312884e-09 1.312884e-09
42 1.634468e-01 1.634468e-01 1.634468e-01 2.679358e-09 2.679358e-09
43 1.671603e-01 1.671603e-01 1.671603e-01 6.097594e-09 6.097594e-09
44 1.772567e-01 1.772567e-01 1.772567e-01 1.038990e-09 1.038990e-09
45 1.810866e-01 1.810866e-01 1.810866e-01 4.193867e-12 4.193867e-12
46 1.810866e-01 1.810866e-01 1.810866e-01 5.133494e-08 5.133494e-08
47 1.849893e-01 1.849893e-01 1.849893e-01 5.237812e-08 5.237812e-08
48 1.948380e-01 1.948380e-01 1.948380e-01 5.874343e-09 5.874344e-09
49 1.988370e-01 1.988370e-01 1.988370e-01 5.869757e-11 5.869713e-11
50 1.988370e-01 1.988370e-01 1.988370e-01 5.349502e-10 5.349500e-10
51 2.029026e-01 2.029026e-01 2.029026e-01 6.350598e-09 6.350598e-09
52 2.124980e-01 2.124980e-01 2.124980e-01 2.652663e-08 2.652663e-08
53 2.166406e-01 2.166407e-01 2.166407e-01 1.685329e-08 1.685329e-08
54 2.166408e-01 2.166407e-01 2.166407e-01 1.384757e-07 1.384757e-07
55 2.208432e-01 2.208433e-01 2.208433e-01 1.481488e-07 1.481488e-07
56 2.301815e-01 2.301815e-01 2.301815e-01 1.448998e-08 1.448998e-08
57 2.344434e-01 2.344434e-01 2.344434e-01 1.210224e-08 1.210224e-08
58 2.344436e-01 2.344434e-01 2.344434e-01 1.322320e-07 1.322320e-07
59 2.387583e-01 2.387584e-01 2.387584e-01 1.346189e-07 1.346189e-07
60 2.478372e-01 2.478370e-01 2.478370e-01 1.408079e-07 1.408079e-07
61 2.521944e-01 2.521946e-01 2.521946e-01 1.279723e-07 1.279723e-07
62 2.521946e-01 2.521946e-01 2.521946e-01 1.469885e-08 1.469885e-08
63 2.565981e-01 2.565981e-01 2.565981e-01 2.753400e-08 2.753400e-08
64 2.654164e-01 2.654163e-01 2.654163e-01 7.808776e-08 7.808776e-08
65 2.698471e-01 2.698472e-01 2.698472e-01 4.890612e-08 4.890612e-08
66 2.698472e-01 2.698472e-01 2.698472e-01 1.392853e-08 1.392853e-08
67 2.743170e-01 2.743170e-01 2.743170e-01 1.525270e-08 1.525270e-08
68 2.828753e-01 2.828752e-01 2.828752e-01 8.888292e-08 8.888292e-08
69 2.873583e-01 2.873583e-01 2.873583e-01 3.083407e-08 3.083407e-08
70 2.873583e-01 2.873583e-01 2.873583e-01 3.312378e-09 3.312378e-09
71 2.918734e-01 2.918735e-01 2.918735e-01 5.473130e-08 5.473131e-08
72 3.001873e-01 3.001736e-01 3.001736e-01 1.374883e-05 1.374883e-05
73 3.046767e-01 3.046893e-01 3.046893e-01 1.261858e-05 1.261858e-05
74 3.046883e-01 3.046893e-01 3.046893e-01 1.047016e-06 1.047016e-06
75 3.092304e-01 3.092304e-01 3.092304e-01 7.095919e-08 7.095919e-08
76 3.172755e-01 3.172753e-01 3.172753e-01 1.828130e-07 1.828130e-07
77 3.218057e-01 3.218056e-01 3.218056e-01 5.814135e-08 5.814135e-08
78 3.218071e-01 3.218056e-01 3.218056e-01 1.459998e-06 1.459998e-06
79 3.263533e-01 3.263550e-01 3.263550e-01 1.676090e-06 1.676090e-06
80 3.341516e-01 3.341484e-01 3.341484e-01 3.108343e-06 3.108343e-06
81 3.386738e-01 3.386768e-01 3.386768e-01 3.008598e-06 3.008598e-06
82 3.386771e-01 3.386768e-01 3.386768e-01 3.088370e-07 3.088370e-07
83 3.432178e-01 3.432182e-01 3.432182e-01 4.442216e-07 4.442216e-07
84 3.507650e-01 3.507650e-01 3.507650e-01 6.120167e-09 6.120166e-09
85 3.552765e-01 3.552764e-01 3.552764e-01 6.305191e-08 6.305191e-08
86 3.552768e-01 3.552764e-01 3.552764e-01 3.227314e-07 3.227314e-07
87 3.597951e-01 3.597955e-01 3.597955e-01 3.866673e-07 3.866673e-07
88 3.671086e-01 3.671009e-01 3.671009e-01 7.634639e-06 7.634639e-06
89 3.715787e-01 3.715821e-01 3.715821e-01 3.409596e-06 3.409596e-06
90 3.715907e-01 3.715821e-01 3.715821e-01 8.593748e-06 8.593748e-06
91 3.760529e-01 3.760657e-01 3.760657e-01 1.281718e-05 1.281718e-05
92 3.833939e-01 3.831358e-01 3.831358e-01 2.580350e-04 2.580350e-04
93 3.873172e-01 3.875748e-01 3.875748e-01 2.575901e-04 2.575901e-04
94 3.875765e-01 3.875748e-01 3.875748e-01 1.683955e-06 1.683955e-06
95 3.920343e-01 3.920116e-01 3.920116e-01 2.265493e-05 2.265493e-05
96 3.988410e-01 3.988528e-01 3.988528e-01 1.178550e-05 1.178550e-05
97 4.032320e-01 4.032392e-01 4.032392e-01 7.218863e-06 7.218863e-06
98 4.032337e-01 4.032392e-01 4.032392e-01 5.518283e-06 5.518283e-06
99 4.076237e-01 4.076193e-01 4.076193e-01 4.479184e-06 4.479184e-06
100 4.142358e-01 4.142382e-01 4.142382e-01 2.423998e-06 2.423998e-06
101 4.185698e-01 4.185629e-01 4.185629e-01 6.877677e-06 6.877677e-06
102 4.185747e-01 4.185629e-01 4.185629e-01 1.177852e-05 1.177852e-05
103 4.228567e-01 4.228776e-01 4.228776e-01 2.089158e-05 2.089158e-05
104 4.292834e-01 4.292813e-01 4.292813e-01 2.070269e-06 2.070269e-06
105 4.335412e-01 4.335367e-01 4.335367e-01 4.563162e-06 4.563162e-06
106 4.337460e-01 4.335367e-01 4.335367e-01 2.092899e-04 2.092899e-04
107 4.375628e-01 4.377787e-01 4.377787e-01 2.159202e-04 2.159202e-04
108 4.439744e-01 4.439743e-01 4.439743e-01 1.209885e-07 1.209885e-07
109 4.481564e-01 4.481537e-01 4.481537e-01 2.706075e-06 2.706075e-06
110 4.481659e-01 4.481537e-01 4.481537e-01 1.222972e-05 1.222972e-05
111 4.523020e-01 4.523169e-01 4.523169e-01 1.490449e-05 1.490449e-05
112 4.584782e-01 4.583115e-01 4.583115e-01 1.666342e-04 1.666342e-04
113 4.622460e-01 4.624096e-01 4.624096e-01 1.635967e-04 1.635967e-04
114 4.644158e-01 4.624096e-01 4.624096e-01 2.006269e-03 2.006269e-03
115 4.644888e-01 4.664889e-01 4.664889e-01 2.000112e-03 2.000112e-03
116 4.722922e-01 4.722899e-01 4.722899e-01 2.317174e-06 2.317174e-06
117 4.762975e-01 4.763021e-01 4.763021e-01 4.564725e-06 4.564725e-06
118 4.763089e-01 4.763021e-01 4.763021e-01 6.821786e-06 6.821786e-06
119 4.803111e-01 4.802936e-01 4.802936e-01 1.754123e-05 1.754123e-05
120 4.858767e-01 4.859079e-01 4.859079e-01 3.118418e-05 3.118418e-05
121 4.898325e-01 4.898309e-01 4.898309e-01 1.646619e-06 1.646619e-06
122 4.899421e-01 4.898309e-01 4.898309e-01 1.112354e-04 1.112354e-04
123 4.936182e-01 4.937313e-01 4.937313e-01 1.131440e-04 1.131440e-04
124 5.009508e-01 4.991661e-01 4.991661e-01 1.784694e-03 1.784694e-03
125 5.017321e-01 5.029972e-01 5.029972e-01 1.265104e-03 1.265104e-03
126 5.026088e-01 5.029972e-01 5.029972e-01 3.883301e-04 3.883301e-04
127 5.066739e-01 5.068042e-01 5.068042e-01 1.303173e-04 1.303173e-04
128 5.121290e-01 5.120665e-01 5.120665e-01 6.252030e-05 6.252030e-05
129 5.157580e-01 5.158036e-01 5.158036e-01 4.561464e-05 4.561464e-05
130 5.158617e-01 5.158036e-01 5.158036e-01 5.802925e-05 5.802925e-05
131 5.194458e-01 5.195157e-01 5.195157e-01 6.986198e-05 6.986198e-05
132 5.246346e-01 5.246120e-01 5.246120e-01 2.255325e-05 2.255325e-05
133 5.283182e-01 5.282541e-01 5.282541e-01 6.412752e-05 6.412752e-05
134 5.295920e-01 5.282541e-01 5.282541e-01 1.337935e-03 1.337935e-03
135 5.304403e-01 5.318701e-01 5.318701e-01 1.429841e-03 1.429841e-03
136 5.368381e-01 5.368072e-01 5.368072e-01 3.091327e-05 3.091327e-05
137 5.403353e-01 5.403535e-01 5.403535e-01 1.814889e-05 1.814889e-05
138 5.403585e-01 5.403535e-01 5.403535e-01 5.049498e-06 5.049498e-06
139 5.443192e-01 5.438730e-01 5.438730e-01 4.461906e-04 4.461906e-04
140 5.488610e-01 5.486573e-01 5.486573e-01 2.037681e-04 2.037681e-04
141 5.515792e-01 5.521076e-01 5.521076e-01 5.284005e-04 5.284005e-04
142 5.519993e-01 5.521076e-01 5.521076e-01 1.082326e-04 1.082326e-04
143 5.555694e-01 5.555307e-01 5.555307e-01 3.870235e-05 3.870235e-05
