# Hello World! This is dune-eigensolver.
# hardware number of threads is 128 number of threads used is 1
# 8 8
# Smallest eigenvalues convergence test

#  n: 67600 A.N(): 67600 br: 1
# GeneralizedSymmetricStewart:  time_total=4.245650e+00 time_factorization=3.190381e-01 time_eigendecomposition=7.273627e-03 time_matmul_dense=9.551217e-02 iterations=5

# Arpack: time_total=1.566681e+01 iterations=1

# Eigensolver elapsed time 4.250121e+00

# N=67600 M=144 ACCURACY=1.000000e+00 TOL=1.000000e-01 THRESHOLD=9.000000e-02 ESARERROR=9.588312e-01 ARPERROR=4.395207e-01 ESANERROR=1.387779e-15 TIMERATIO= 2.712819e-01 \\

## gen: stw     ARP-SMALL-TOL  ARPACK-TOL  ES-ARP-SMALL  ES-AR ERROR
00 7.268491e-16 -1.025655e-16 -1.027824e-16 8.294147e-16 8.296315e-16
01 5.604527e-03 5.604527e-03 5.604527e-03 1.769418e-16 1.882175e-16
02 5.604527e-03 5.604527e-03 5.604527e-03 1.647987e-17 1.734723e-17
03 8.364570e-03 8.364570e-03 8.364570e-03 8.326673e-17 7.979728e-17
04 1.867846e-02 1.867846e-02 1.867846e-02 3.623490e-14 3.621756e-14
05 1.998226e-02 1.998226e-02 1.998226e-02 7.374309e-14 7.377779e-14
06 1.998226e-02 1.998226e-02 1.998226e-02 1.082363e-13 1.082780e-13
07 2.019289e-02 2.019289e-02 2.019289e-02 9.380691e-14 9.379303e-14
08 3.249102e-02 3.249102e-02 3.249102e-02 8.332841e-12 8.332848e-12
09 3.360925e-02 3.360925e-02 3.360925e-02 9.827021e-12 9.826959e-12
10 3.360925e-02 3.360925e-02 3.360925e-02 1.830869e-11 1.830869e-11
11 3.488629e-02 3.488629e-02 3.488629e-02 2.072768e-11 2.072768e-11
12 4.663988e-02 4.663988e-02 4.663988e-02 2.641388e-10 2.641387e-10
13 4.820242e-02 4.820242e-02 4.820242e-02 2.969258e-10 2.969257e-10
14 4.820242e-02 4.820242e-02 4.820242e-02 4.131989e-10 4.131987e-10
15 4.983381e-02 4.983381e-02 4.983381e-02 5.921532e-10 5.921533e-10
16 6.142594e-02 6.142594e-02 6.142594e-02 3.168996e-09 3.168996e-09
17 6.335507e-02 6.335507e-02 6.335507e-02 5.941727e-09 5.941727e-09
18 6.335507e-02 6.335507e-02 6.335507e-02 7.341685e-09 7.341685e-09
19 6.536817e-02 6.536816e-02 6.536816e-02 8.106673e-09 8.106673e-09
20 7.676865e-02 7.676862e-02 7.676862e-02 3.287346e-08 3.287346e-08
21 7.904388e-02 7.904383e-02 7.904383e-02 5.105073e-08 5.105073e-08
22 7.904389e-02 7.904383e-02 7.904383e-02 5.654618e-08 5.654618e-08
23 8.140624e-02 8.140616e-02 8.140616e-02 7.418420e-08 7.418420e-08
24 9.261396e-02 9.261371e-02 9.261371e-02 2.466423e-07 2.466423e-07
25 9.521124e-02 9.521091e-02 9.521091e-02 3.243285e-07 3.243285e-07
26 9.521133e-02 9.521091e-02 9.521091e-02 4.192948e-07 4.192948e-07
27 9.789772e-02 9.789732e-02 9.789732e-02 4.067834e-07 4.067834e-07
28 1.089028e-01 1.089021e-01 1.089021e-01 7.626869e-07 7.626869e-07
29 1.117979e-01 1.117968e-01 1.117968e-01 1.101851e-06 1.101851e-06
30 1.117985e-01 1.117968e-01 1.117968e-01 1.684283e-06 1.684283e-06
31 1.147821e-01 1.147802e-01 1.147802e-01 1.865765e-06 1.865765e-06
32 1.255757e-01 1.255726e-01 1.255726e-01 3.060475e-06 3.060475e-06
33 1.287448e-01 1.287399e-01 1.287399e-01 4.905965e-06 4.905965e-06
34 1.287465e-01 1.287399e-01 1.287399e-01 6.604705e-06 6.604705e-06
35 1.320007e-01 1.319938e-01 1.319938e-01 6.959682e-06 6.959682e-06
36 1.425768e-01 1.425633e-01 1.425633e-01 1.354929e-05 1.354929e-05
37 1.459990e-01 1.459774e-01 1.459774e-01 2.162480e-05 2.162480e-05
38 1.460008e-01 1.459774e-01 1.459774e-01 2.344747e-05 2.344747e-05
39 1.494976e-01 1.494745e-01 1.494745e-01 2.301116e-05 2.301116e-05
40 1.598474e-01 1.598118e-01 1.598118e-01 3.558686e-05 3.558686e-05
41 1.634881e-01 1.634468e-01 1.634468e-01 4.124740e-05 4.124740e-05
42 1.635006e-01 1.634468e-01 1.634468e-01 5.378209e-05 5.378209e-05
43 1.672212e-01 1.671603e-01 1.671603e-01 6.095644e-05 6.095644e-05
44 1.773667e-01 1.772567e-01 1.772567e-01 1.099461e-04 1.099461e-04
45 1.812065e-01 1.810866e-01 1.810866e-01 1.198684e-04 1.198684e-04
46 1.814106e-01 1.810866e-01 1.810866e-01 3.240043e-04 3.240043e-04
47 1.851613e-01 1.849893e-01 1.849893e-01 1.719696e-04 1.719696e-04
48 1.951578e-01 1.948380e-01 1.948380e-01 3.197226e-04 3.197226e-04
49 1.991557e-01 1.988370e-01 1.988370e-01 3.186999e-04 3.186999e-04
50 1.992534e-01 1.988370e-01 1.988370e-01 4.164016e-04 4.164016e-04
51 2.033190e-01 2.029026e-01 2.029026e-01 4.163630e-04 4.163630e-04
52 2.131672e-01 2.124980e-01 2.124980e-01 6.692184e-04 6.692184e-04
53 2.171338e-01 2.166407e-01 2.166407e-01 4.931468e-04 4.931468e-04
54 2.176375e-01 2.166407e-01 2.166407e-01 9.968093e-04 9.968093e-04
55 2.218184e-01 2.208433e-01 2.208433e-01 9.750981e-04 9.750981e-04
56 2.317166e-01 2.301815e-01 2.301815e-01 1.535101e-03 1.535101e-03
57 2.357749e-01 2.344434e-01 2.344434e-01 1.331472e-03 1.331472e-03
58 2.362016e-01 2.344434e-01 2.344434e-01 1.758208e-03 1.758208e-03
59 2.406796e-01 2.387584e-01 2.387584e-01 1.921238e-03 1.921238e-03
60 2.501147e-01 2.478370e-01 2.478370e-01 2.277698e-03 2.277698e-03
61 2.549687e-01 2.521946e-01 2.521946e-01 2.774098e-03 2.774098e-03
62 2.563229e-01 2.521946e-01 2.521946e-01 4.128316e-03 4.128316e-03
63 2.602114e-01 2.565981e-01 2.565981e-01 3.613259e-03 3.613259e-03
64 2.700227e-01 2.654163e-01 2.654163e-01 4.606421e-03 4.606421e-03
65 2.756732e-01 2.698472e-01 2.698472e-01 5.826014e-03 5.826014e-03
66 2.769008e-01 2.698472e-01 2.698472e-01 7.053608e-03 7.053608e-03
67 2.799296e-01 2.743170e-01 2.743170e-01 5.612630e-03 5.612630e-03
68 2.918460e-01 2.828752e-01 2.828752e-01 8.970802e-03 8.970802e-03
69 2.963323e-01 2.873583e-01 2.873583e-01 8.973977e-03 8.973977e-03
70 2.999685e-01 2.873583e-01 2.873583e-01 1.261018e-02 1.261018e-02
71 3.037938e-01 2.918735e-01 2.918735e-01 1.192036e-02 1.192036e-02
72 3.194799e-01 3.001736e-01 3.001736e-01 1.930635e-02 1.930635e-02
73 3.212222e-01 3.046893e-01 3.046893e-01 1.653287e-02 1.653287e-02
74 3.254912e-01 3.046893e-01 3.046893e-01 2.080186e-02 2.080186e-02
75 3.321124e-01 3.092304e-01 3.092304e-01 2.288195e-02 2.288195e-02
76 3.421061e-01 3.172753e-01 3.172753e-01 2.483077e-02 2.483077e-02
77 3.441405e-01 3.218056e-01 3.218056e-01 2.233489e-02 2.233489e-02
78 3.539929e-01 3.218056e-01 3.218056e-01 3.218735e-02 3.218735e-02
79 3.629120e-01 3.263550e-01 3.263550e-01 3.655701e-02 3.655701e-02
80 3.685012e-01 3.341484e-01 3.341484e-01 3.435274e-02 3.435274e-02
81 3.779088e-01 3.386768e-01 3.386768e-01 3.923200e-02 3.923200e-02
82 3.890464e-01 3.386768e-01 3.386768e-01 5.036965e-02 5.036965e-02
83 3.950582e-01 3.432182e-01 3.432182e-01 5.184000e-02 5.184000e-02
84 4.000720e-01 3.507650e-01 3.507650e-01 4.930699e-02 4.930699e-02
85 4.151424e-01 3.552764e-01 3.552764e-01 5.986594e-02 5.986594e-02
86 4.260223e-01 3.552764e-01 3.552764e-01 7.074587e-02 7.074587e-02
87 4.375569e-01 3.597955e-01 3.597955e-01 7.776141e-02 7.776141e-02
88 4.468670e-01 3.671009e-01 3.671009e-01 7.976606e-02 7.976606e-02
89 4.569297e-01 3.715821e-01 3.715821e-01 8.534764e-02 8.534764e-02
90 4.681868e-01 3.715821e-01 3.715821e-01 9.660471e-02 9.660471e-02
91 4.838246e-01 3.760657e-01 3.760657e-01 1.077588e-01 1.077588e-01
92 5.231037e-01 3.831358e-01 3.831358e-01 1.399679e-01 1.399679e-01
93 5.271474e-01 3.875748e-01 3.875748e-01 1.395726e-01 1.395726e-01
94 5.355169e-01 3.875748e-01 3.875748e-01 1.479421e-01 1.479421e-01
95 5.449944e-01 3.920116e-01 3.920116e-01 1.529828e-01 1.529828e-01
96 5.576224e-01 3.988528e-01 3.988528e-01 1.587696e-01 1.587696e-01
97 5.711630e-01 4.032392e-01 4.032392e-01 1.679238e-01 1.679238e-01
98 5.865270e-01 4.032392e-01 4.032392e-01 1.832878e-01 1.832878e-01
99 6.065218e-01 4.076193e-01 4.076193e-01 1.989025e-01 1.989025e-01
100 6.252601e-01 4.142382e-01 4.142382e-01 2.110219e-01 2.110219e-01
101 6.461608e-01 4.185629e-01 4.185629e-01 2.275979e-01 2.275979e-01
102 6.598765e-01 4.185629e-01 4.185629e-01 2.413136e-01 2.413136e-01
103 6.947540e-01 4.228776e-01 4.228776e-01 2.718764e-01 2.718764e-01
104 7.036443e-01 4.292813e-01 4.292813e-01 2.743629e-01 2.743629e-01
105 7.173454e-01 4.335367e-01 4.335367e-01 2.838087e-01 2.838087e-01
106 7.276554e-01 4.335367e-01 4.335367e-01 2.941187e-01 2.941187e-01
107 7.379327e-01 4.377787e-01 4.377787e-01 3.001540e-01 3.001540e-01
108 7.473299e-01 4.439743e-01 4.439743e-01 3.033557e-01 3.033557e-01
109 7.708610e-01 4.481537e-01 4.481537e-01 3.227073e-01 3.227073e-01
110 7.819448e-01 4.481537e-01 4.481537e-01 3.337912e-01 3.337912e-01
111 8.031307e-01 4.523169e-01 4.523169e-01 3.508138e-01 3.508138e-01
112 8.189862e-01 4.583115e-01 4.583115e-01 3.606747e-01 3.606747e-01
113 8.278131e-01 4.624096e-01 4.624096e-01 3.654035e-01 3.654035e-01
114 8.294074e-01 4.624096e-01 4.624096e-01 3.669979e-01 3.669979e-01
115 8.401979e-01 4.664889e-01 4.664889e-01 3.737090e-01 3.737090e-01
116 8.477597e-01 4.722899e-01 4.722899e-01 3.754698e-01 3.754698e-01
117 8.602784e-01 4.763021e-01 4.763021e-01 3.839763e-01 3.839763e-01
118 8.712164e-01 4.763021e-01 4.763021e-01 3.949143e-01 3.949143e-01
119 8.760817e-01 4.802936e-01 4.802936e-01 3.957881e-01 3.957881e-01
120 8.866684e-01 4.859079e-01 4.859079e-01 4.007604e-01 4.007604e-01
121 8.904141e-01 4.898309e-01 4.898309e-01 4.005832e-01 4.005832e-01
122 9.029236e-01 4.898309e-01 4.898309e-01 4.130928e-01 4.130928e-01
123 9.182911e-01 4.937313e-01 4.937313e-01 4.245597e-01 4.245597e-01
124 9.252216e-01 4.991661e-01 4.991661e-01 4.260554e-01 4.260554e-01
125 9.315635e-01 5.029972e-01 5.029972e-01 4.285664e-01 4.285664e-01
126 9.358005e-01 5.029972e-01 5.029972e-01 4.328033e-01 4.328033e-01
127 9.363483e-01 5.068042e-01 5.068042e-01 4.295440e-01 4.295440e-01
128 9.428926e-01 5.120665e-01 5.120665e-01 4.308261e-01 4.308261e-01
129 9.496337e-01 5.158036e-01 5.158036e-01 4.338301e-01 4.338301e-01
130 9.553243e-01 5.158036e-01 5.158036e-01 4.395207e-01 4.395207e-01
131 9.570917e-01 5.195157e-01 5.195157e-01 4.375760e-01 4.375760e-01
132 9.611565e-01 5.246120e-01 5.246120e-01 4.365445e-01 4.365445e-01
133 9.618103e-01 5.282541e-01 5.282541e-01 4.335562e-01 4.335562e-01
134 9.644661e-01 5.282541e-01 5.282541e-01 4.362120e-01 4.362120e-01
135 9.699802e-01 5.318701e-01 5.318701e-01 4.381101e-01 4.381101e-01
136 9.700073e-01 5.368072e-01 5.368072e-01 4.332000e-01 4.332000e-01
137 9.774709e-01 5.403535e-01 5.403535e-01 4.371174e-01 4.371174e-01
138 9.796319e-01 5.403535e-01 5.403535e-01 4.392784e-01 4.392784e-01
139 9.806926e-01 5.438730e-01 5.438730e-01 4.368195e-01 4.368195e-01
140 9.839231e-01 5.486573e-01 5.486573e-01 4.352658e-01 4.352658e-01
141 9.852323e-01 5.521076e-01 5.521076e-01 4.331247e-01 4.331247e-01
142 9.861370e-01 5.521076e-01 5.521076e-01 4.340294e-01 4.340294e-01
143 9.877730e-01 5.555307e-01 5.555307e-01 4.322423e-01 4.322423e-01
