# Hello World! This is dune-eigensolver.
# hardware number of threads is 128 number of threads used is 1
# 8 8
# Smallest eigenvalues convergence test

#  n: 67600 A.N(): 67600 br: 1
# GeneralizedInverse:  time_total=5.464325e+00 time_factorization=3.212878e-01 iterations=8

# Arpack: time_total=1.547738e+01 iterations=1

# Eigensolver elapsed time 5.467981e+00

# N=67600 M=144 ACCURACY=5.000000e-01 TOL=1.000000e-01 THRESHOLD=9.000000e-02 ESARERROR=7.124202e-01 ARPERROR=1.858312e-01 ESANERROR=1.387779e-15 TIMERATIO= 3.532886e-01 \\

## gen: ftw     ARP-SMALL-TOL  ARPACK-TOL  ES-ARP-SMALL  ES-AR ERROR
00 4.490765e-16 -1.025655e-16 -1.027824e-16 5.516421e-16 5.518589e-16
01 5.605740e-03 5.604527e-03 5.604527e-03 1.212813e-06 1.212813e-06
02 5.719588e-03 5.604527e-03 5.604527e-03 1.150603e-04 1.150603e-04
03 8.248597e-03 8.364570e-03 8.364570e-03 1.159732e-04 1.159732e-04
04 1.915371e-02 1.867846e-02 1.867846e-02 4.752525e-04 4.752525e-04
05 1.983142e-02 1.998226e-02 1.998226e-02 1.508377e-04 1.508377e-04
06 2.002500e-02 1.998226e-02 1.998226e-02 4.274127e-05 4.274127e-05
07 2.030583e-02 2.019289e-02 2.019289e-02 1.129351e-04 1.129351e-04
08 3.304842e-02 3.249102e-02 3.249102e-02 5.574060e-04 5.574060e-04
09 3.317693e-02 3.360925e-02 3.360925e-02 4.323188e-04 4.323188e-04
10 3.418713e-02 3.360925e-02 3.360925e-02 5.778786e-04 5.778786e-04
11 3.560290e-02 3.488629e-02 3.488629e-02 7.166107e-04 7.166107e-04
12 4.609149e-02 4.663988e-02 4.663988e-02 5.483925e-04 5.483925e-04
13 4.838019e-02 4.820242e-02 4.820242e-02 1.777737e-04 1.777737e-04
14 4.973379e-02 4.820242e-02 4.820242e-02 1.531375e-03 1.531375e-03
15 5.110986e-02 4.983381e-02 4.983381e-02 1.276052e-03 1.276052e-03
16 6.040254e-02 6.142594e-02 6.142594e-02 1.023400e-03 1.023400e-03
17 6.331766e-02 6.335507e-02 6.335507e-02 3.740224e-05 3.740224e-05
18 6.427513e-02 6.335507e-02 6.335507e-02 9.200663e-04 9.200663e-04
19 6.889934e-02 6.536816e-02 6.536816e-02 3.531173e-03 3.531173e-03
20 7.298051e-02 7.676862e-02 7.676862e-02 3.788108e-03 3.788108e-03
21 8.018205e-02 7.904383e-02 7.904383e-02 1.138214e-03 1.138214e-03
22 8.378174e-02 7.904383e-02 7.904383e-02 4.737912e-03 4.737912e-03
23 8.629656e-02 8.140616e-02 8.140616e-02 4.890401e-03 4.890401e-03
24 9.136482e-02 9.261371e-02 9.261371e-02 1.248895e-03 1.248895e-03
25 9.660888e-02 9.521091e-02 9.521091e-02 1.397966e-03 1.397966e-03
26 9.773968e-02 9.521091e-02 9.521091e-02 2.528770e-03 2.528770e-03
27 1.009266e-01 9.789732e-02 9.789732e-02 3.029327e-03 3.029327e-03
28 1.084737e-01 1.089021e-01 1.089021e-01 4.283214e-04 4.283214e-04
29 1.106842e-01 1.117968e-01 1.117968e-01 1.112642e-03 1.112642e-03
30 1.169244e-01 1.117968e-01 1.117968e-01 5.127547e-03 5.127547e-03
31 1.169343e-01 1.147802e-01 1.147802e-01 2.154148e-03 2.154148e-03
32 1.245325e-01 1.255726e-01 1.255726e-01 1.040090e-03 1.040090e-03
33 1.257124e-01 1.287399e-01 1.287399e-01 3.027494e-03 3.027494e-03
34 1.271094e-01 1.287399e-01 1.287399e-01 1.630487e-03 1.630487e-03
35 1.388419e-01 1.319938e-01 1.319938e-01 6.848153e-03 6.848153e-03
36 1.433325e-01 1.425633e-01 1.425633e-01 7.692331e-04 7.692331e-04
37 1.438642e-01 1.459774e-01 1.459774e-01 2.113173e-03 2.113173e-03
38 1.520829e-01 1.459774e-01 1.459774e-01 6.105499e-03 6.105499e-03
39 1.566488e-01 1.494745e-01 1.494745e-01 7.174237e-03 7.174237e-03
40 1.592085e-01 1.598118e-01 1.598118e-01 6.032717e-04 6.032717e-04
41 1.597322e-01 1.634468e-01 1.634468e-01 3.714637e-03 3.714637e-03
42 1.606483e-01 1.634468e-01 1.634468e-01 2.798491e-03 2.798491e-03
43 1.698091e-01 1.671603e-01 1.671603e-01 2.648852e-03 2.648852e-03
44 1.786533e-01 1.772567e-01 1.772567e-01 1.396608e-03 1.396608e-03
45 1.801048e-01 1.810866e-01 1.810866e-01 9.817966e-04 9.817966e-04
46 1.836848e-01 1.810866e-01 1.810866e-01 2.598199e-03 2.598199e-03
47 1.870250e-01 1.849893e-01 1.849893e-01 2.035653e-03 2.035653e-03
48 1.943737e-01 1.948380e-01 1.948380e-01 4.642884e-04 4.642884e-04
49 2.006198e-01 1.988370e-01 1.988370e-01 1.782864e-03 1.782864e-03
50 2.045678e-01 1.988370e-01 1.988370e-01 5.730835e-03 5.730835e-03
51 2.176196e-01 2.029026e-01 2.029026e-01 1.471698e-02 1.471698e-02
52 2.197500e-01 2.124980e-01 2.124980e-01 7.252008e-03 7.252008e-03
53 2.202205e-01 2.166407e-01 2.166407e-01 3.579821e-03 3.579821e-03
54 2.216176e-01 2.166407e-01 2.166407e-01 4.976997e-03 4.976997e-03
55 2.220136e-01 2.208433e-01 2.208433e-01 1.170226e-03 1.170226e-03
56 2.302871e-01 2.301815e-01 2.301815e-01 1.055307e-04 1.055307e-04
57 2.365415e-01 2.344434e-01 2.344434e-01 2.098067e-03 2.098067e-03
58 2.394923e-01 2.344434e-01 2.344434e-01 5.048841e-03 5.048841e-03
59 2.413095e-01 2.387584e-01 2.387584e-01 2.551140e-03 2.551140e-03
60 2.442849e-01 2.478370e-01 2.478370e-01 3.552106e-03 3.552106e-03
61 2.444892e-01 2.521946e-01 2.521946e-01 7.705376e-03 7.705376e-03
62 2.493103e-01 2.521946e-01 2.521946e-01 2.884297e-03 2.884297e-03
63 2.687206e-01 2.565981e-01 2.565981e-01 1.212250e-02 1.212250e-02
64 2.729852e-01 2.654163e-01 2.654163e-01 7.568852e-03 7.568852e-03
65 2.800625e-01 2.698472e-01 2.698472e-01 1.021537e-02 1.021537e-02
66 2.818721e-01 2.698472e-01 2.698472e-01 1.202496e-02 1.202496e-02
67 2.829726e-01 2.743170e-01 2.743170e-01 8.655646e-03 8.655646e-03
68 2.835125e-01 2.828752e-01 2.828752e-01 6.372571e-04 6.372571e-04
69 2.863971e-01 2.873583e-01 2.873583e-01 9.612323e-04 9.612323e-04
70 2.928526e-01 2.873583e-01 2.873583e-01 5.494309e-03 5.494309e-03
71 2.932322e-01 2.918735e-01 2.918735e-01 1.358789e-03 1.358789e-03
72 2.990135e-01 3.001736e-01 3.001736e-01 1.160058e-03 1.160058e-03
73 3.067937e-01 3.046893e-01 3.046893e-01 2.104346e-03 2.104346e-03
74 3.202756e-01 3.046893e-01 3.046893e-01 1.558631e-02 1.558631e-02
75 3.216092e-01 3.092304e-01 3.092304e-01 1.237878e-02 1.237878e-02
76 3.231589e-01 3.172753e-01 3.172753e-01 5.883560e-03 5.883560e-03
77 3.297875e-01 3.218056e-01 3.218056e-01 7.981939e-03 7.981939e-03
78 3.368591e-01 3.218056e-01 3.218056e-01 1.505355e-02 1.505355e-02
79 3.374934e-01 3.263550e-01 3.263550e-01 1.113842e-02 1.113842e-02
80 3.383223e-01 3.341484e-01 3.341484e-01 4.173871e-03 4.173871e-03
81 3.414417e-01 3.386768e-01 3.386768e-01 2.764909e-03 2.764909e-03
82 3.445480e-01 3.386768e-01 3.386768e-01 5.871208e-03 5.871208e-03
83 3.445725e-01 3.432182e-01 3.432182e-01 1.354295e-03 1.354295e-03
84 3.498890e-01 3.507650e-01 3.507650e-01 8.759619e-04 8.759619e-04
85 3.557820e-01 3.552764e-01 3.552764e-01 5.055610e-04 5.055610e-04
86 3.717509e-01 3.552764e-01 3.552764e-01 1.647442e-02 1.647442e-02
87 3.817697e-01 3.597955e-01 3.597955e-01 2.197426e-02 2.197426e-02
88 3.845175e-01 3.671009e-01 3.671009e-01 1.741655e-02 1.741655e-02
89 3.852936e-01 3.715821e-01 3.715821e-01 1.371151e-02 1.371151e-02
90 3.868489e-01 3.715821e-01 3.715821e-01 1.526682e-02 1.526682e-02
91 3.900495e-01 3.760657e-01 3.760657e-01 1.398382e-02 1.398382e-02
92 3.920043e-01 3.831358e-01 3.831358e-01 8.868419e-03 8.868419e-03
93 3.953521e-01 3.875748e-01 3.875748e-01 7.777281e-03 7.777281e-03
94 3.959088e-01 3.875748e-01 3.875748e-01 8.333974e-03 8.333974e-03
95 3.987942e-01 3.920116e-01 3.920116e-01 6.782601e-03 6.782601e-03
96 4.011844e-01 3.988528e-01 3.988528e-01 2.331630e-03 2.331630e-03
97 4.072399e-01 4.032392e-01 4.032392e-01 4.000670e-03 4.000670e-03
98 4.138398e-01 4.032392e-01 4.032392e-01 1.060060e-02 1.060060e-02
99 4.146570e-01 4.076193e-01 4.076193e-01 7.037709e-03 7.037709e-03
100 4.340722e-01 4.142382e-01 4.142382e-01 1.983398e-02 1.983398e-02
101 4.415404e-01 4.185629e-01 4.185629e-01 2.297751e-02 2.297751e-02
102 4.419816e-01 4.185629e-01 4.185629e-01 2.341870e-02 2.341870e-02
103 4.559887e-01 4.228776e-01 4.228776e-01 3.311110e-02 3.311110e-02
104 4.562065e-01 4.292813e-01 4.292813e-01 2.692514e-02 2.692514e-02
105 4.567935e-01 4.335367e-01 4.335367e-01 2.325685e-02 2.325685e-02
106 4.615493e-01 4.335367e-01 4.335367e-01 2.801266e-02 2.801266e-02
107 4.700962e-01 4.377787e-01 4.377787e-01 3.231754e-02 3.231754e-02
108 4.738796e-01 4.439743e-01 4.439743e-01 2.990527e-02 2.990527e-02
109 4.753139e-01 4.481537e-01 4.481537e-01 2.716022e-02 2.716022e-02
110 4.789728e-01 4.481537e-01 4.481537e-01 3.081913e-02 3.081913e-02
111 4.813783e-01 4.523169e-01 4.523169e-01 2.906137e-02 2.906137e-02
112 4.828923e-01 4.583115e-01 4.583115e-01 2.458074e-02 2.458074e-02
113 4.856007e-01 4.624096e-01 4.624096e-01 2.319115e-02 2.319115e-02
114 4.904940e-01 4.624096e-01 4.624096e-01 2.808446e-02 2.808446e-02
115 5.095198e-01 4.664889e-01 4.664889e-01 4.303085e-02 4.303085e-02
116 5.113898e-01 4.722899e-01 4.722899e-01 3.909996e-02 3.909996e-02
117 5.167814e-01 4.763021e-01 4.763021e-01 4.047934e-02 4.047934e-02
118 5.237914e-01 4.763021e-01 4.763021e-01 4.748933e-02 4.748933e-02
119 5.351204e-01 4.802936e-01 4.802936e-01 5.482686e-02 5.482686e-02
120 5.446775e-01 4.859079e-01 4.859079e-01 5.876954e-02 5.876954e-02
121 5.672744e-01 4.898309e-01 4.898309e-01 7.744354e-02 7.744354e-02
122 5.730216e-01 4.898309e-01 4.898309e-01 8.319071e-02 8.319071e-02
123 5.742780e-01 4.937313e-01 4.937313e-01 8.054666e-02 8.054666e-02
124 5.772952e-01 4.991661e-01 4.991661e-01 7.812902e-02 7.812902e-02
125 5.920037e-01 5.029972e-01 5.029972e-01 8.900649e-02 8.900649e-02
126 6.035053e-01 5.029972e-01 5.029972e-01 1.005081e-01 1.005081e-01
127 6.070266e-01 5.068042e-01 5.068042e-01 1.002223e-01 1.002223e-01
128 6.154407e-01 5.120665e-01 5.120665e-01 1.033742e-01 1.033742e-01
129 6.227013e-01 5.158036e-01 5.158036e-01 1.068976e-01 1.068976e-01
130 6.274992e-01 5.158036e-01 5.158036e-01 1.116956e-01 1.116956e-01
131 6.276979e-01 5.195157e-01 5.195157e-01 1.081823e-01 1.081823e-01
132 6.281725e-01 5.246120e-01 5.246120e-01 1.035605e-01 1.035605e-01
133 6.431284e-01 5.282541e-01 5.282541e-01 1.148743e-01 1.148743e-01
134 6.671277e-01 5.282541e-01 5.282541e-01 1.388736e-01 1.388736e-01
135 6.673524e-01 5.318701e-01 5.318701e-01 1.354823e-01 1.354823e-01
136 6.685287e-01 5.368072e-01 5.368072e-01 1.317214e-01 1.317214e-01
137 6.770336e-01 5.403535e-01 5.403535e-01 1.366801e-01 1.366801e-01
138 6.792297e-01 5.403535e-01 5.403535e-01 1.388762e-01 1.388762e-01
139 6.818855e-01 5.438730e-01 5.438730e-01 1.380124e-01 1.380124e-01
140 7.165890e-01 5.486573e-01 5.486573e-01 1.679318e-01 1.679318e-01
141 7.227577e-01 5.521076e-01 5.521076e-01 1.706502e-01 1.706502e-01
142 7.233656e-01 5.521076e-01 5.521076e-01 1.712581e-01 1.712581e-01
143 7.413619e-01 5.555307e-01 5.555307e-01 1.858312e-01 1.858312e-01
