# Hello World! This is dune-eigensolver.
# hardware number of threads is 128 number of threads used is 1
# 8 8
# Smallest eigenvalues convergence test

#  n: 67600 A.N(): 67600 br: 1
# GeneralizedSymmetricStewart:  time_total=1.011822e+01 time_factorization=3.215024e-01 time_eigendecomposition=2.041951e-02 time_matmul_dense=9.971834e-02 iterations=13

# Arpack: time_total=1.572890e+01 iterations=1

# Eigensolver elapsed time 1.012239e+01

# N=67600 M=144 ACCURACY=1.000000e+00 TOL=1.000000e-02 THRESHOLD=9.000000e-02 ESARERROR=5.711643e-01 ARPERROR=4.457534e-02 ESANERROR=1.387779e-15 TIMERATIO= 6.435535e-01 \\

## gen: stw     ARP-SMALL-TOL  ARPACK-TOL  ES-ARP-SMALL  ES-AR ERROR
00 1.117379e-15 -1.025655e-16 -1.027824e-16 1.219944e-15 1.220161e-15
01 5.604527e-03 5.604527e-03 5.604527e-03 1.214306e-17 2.341877e-17
02 5.604527e-03 5.604527e-03 5.604527e-03 3.495468e-16 3.486794e-16
03 8.364570e-03 8.364570e-03 8.364570e-03 4.510281e-17 4.857226e-17
04 1.867846e-02 1.867846e-02 1.867846e-02 4.996004e-16 5.169476e-16
05 1.998226e-02 1.998226e-02 1.998226e-02 2.740863e-16 2.393918e-16
06 1.998226e-02 1.998226e-02 1.998226e-02 2.567391e-16 2.151057e-16
07 2.019289e-02 2.019289e-02 2.019289e-02 5.932754e-16 6.071532e-16
08 3.249102e-02 3.249102e-02 3.249102e-02 5.967449e-16 5.898060e-16
09 3.360925e-02 3.360925e-02 3.360925e-02 6.800116e-16 7.424616e-16
10 3.360925e-02 3.360925e-02 3.360925e-02 7.008283e-16 7.077672e-16
11 3.488629e-02 3.488629e-02 3.488629e-02 8.534840e-16 8.534840e-16
12 4.663988e-02 4.663988e-02 4.663988e-02 7.632783e-17 1.804112e-16
13 4.820242e-02 4.820242e-02 4.820242e-02 3.469447e-16 4.093947e-16
14 4.820242e-02 4.820242e-02 4.820242e-02 3.469447e-16 5.342948e-16
15 4.983381e-02 4.983381e-02 4.983381e-02 1.665335e-16 7.632783e-17
16 6.142594e-02 6.142594e-02 6.142594e-02 1.595946e-16 1.457168e-16
17 6.335507e-02 6.335507e-02 6.335507e-02 2.081668e-16 2.498002e-16
18 6.335507e-02 6.335507e-02 6.335507e-02 8.326673e-17 1.387779e-17
19 6.536816e-02 6.536816e-02 6.536816e-02 1.526557e-16 2.220446e-16
20 7.676862e-02 7.676862e-02 7.676862e-02 2.914335e-16 4.579670e-16
21 7.904383e-02 7.904383e-02 7.904383e-02 2.636780e-16 4.024558e-16
22 7.904383e-02 7.904383e-02 7.904383e-02 1.387779e-16 1.526557e-16
23 8.140616e-02 8.140616e-02 8.140616e-02 4.163336e-17 1.387779e-17
24 9.261371e-02 9.261371e-02 9.261371e-02 8.187895e-16 9.020562e-16
25 9.521091e-02 9.521091e-02 9.521091e-02 2.220446e-16 2.359224e-16
26 9.521091e-02 9.521091e-02 9.521091e-02 9.853229e-16 9.298118e-16
27 9.789732e-02 9.789732e-02 9.789732e-02 6.938894e-17 0.000000e+00
28 1.089021e-01 1.089021e-01 1.089021e-01 2.220446e-15 2.220446e-15
29 1.117968e-01 1.117968e-01 1.117968e-01 1.665335e-16 1.942890e-16
30 1.117968e-01 1.117968e-01 1.117968e-01 8.465451e-16 8.881784e-16
31 1.147802e-01 1.147802e-01 1.147802e-01 1.915135e-15 1.429412e-15
32 1.255726e-01 1.255726e-01 1.255726e-01 2.442491e-15 2.609024e-15
33 1.287399e-01 1.287399e-01 1.287399e-01 7.771561e-16 5.273559e-16
34 1.287399e-01 1.287399e-01 1.287399e-01 3.608225e-16 8.326673e-17
35 1.319938e-01 1.319938e-01 1.319938e-01 1.665335e-15 1.804112e-15
36 1.425633e-01 1.425633e-01 1.425633e-01 1.498801e-15 1.748601e-15
37 1.459774e-01 1.459774e-01 1.459774e-01 6.383782e-16 1.054712e-15
38 1.459774e-01 1.459774e-01 1.459774e-01 3.885781e-15 4.107825e-15
39 1.494745e-01 1.494745e-01 1.494745e-01 8.604228e-16 9.436896e-16
40 1.598118e-01 1.598118e-01 1.598118e-01 3.497203e-15 3.913536e-15
41 1.634468e-01 1.634468e-01 1.634468e-01 7.716050e-15 6.994405e-15
42 1.634468e-01 1.634468e-01 1.634468e-01 1.001976e-14 1.001976e-14
43 1.671603e-01 1.671603e-01 1.671603e-01 9.964252e-15 1.015854e-14
44 1.772567e-01 1.772567e-01 1.772567e-01 6.264433e-14 6.253331e-14
45 1.810866e-01 1.810866e-01 1.810866e-01 3.821943e-14 3.821943e-14
46 1.810866e-01 1.810866e-01 1.810866e-01 3.112788e-13 3.110567e-13
47 1.849893e-01 1.849893e-01 1.849893e-01 1.567635e-13 1.564304e-13
48 1.948380e-01 1.948380e-01 1.948380e-01 6.508127e-13 6.509515e-13
49 1.988370e-01 1.988370e-01 1.988370e-01 1.000255e-12 1.000700e-12
50 1.988370e-01 1.988370e-01 1.988370e-01 1.463080e-12 1.462885e-12
51 2.029026e-01 2.029026e-01 2.029026e-01 2.895018e-12 2.895323e-12
52 2.124980e-01 2.124980e-01 2.124980e-01 6.777107e-12 6.777218e-12
53 2.166407e-01 2.166407e-01 2.166407e-01 5.100281e-12 5.099726e-12
54 2.166407e-01 2.166407e-01 2.166407e-01 1.593764e-11 1.593778e-11
55 2.208433e-01 2.208433e-01 2.208433e-01 8.736456e-12 8.736262e-12
56 2.301815e-01 2.301815e-01 2.301815e-01 1.385090e-10 1.385086e-10
57 2.344434e-01 2.344434e-01 2.344434e-01 2.399100e-11 2.399056e-11
58 2.344434e-01 2.344434e-01 2.344434e-01 1.635001e-10 1.634998e-10
59 2.387584e-01 2.387584e-01 2.387584e-01 1.383300e-10 1.383304e-10
60 2.478370e-01 2.478370e-01 2.478370e-01 2.810297e-10 2.810300e-10
61 2.521946e-01 2.521946e-01 2.521946e-01 2.396513e-10 2.396513e-10
62 2.521946e-01 2.521946e-01 2.521946e-01 6.156209e-10 6.156210e-10
63 2.565981e-01 2.565981e-01 2.565981e-01 6.664340e-10 6.664341e-10
64 2.654163e-01 2.654163e-01 2.654163e-01 2.937123e-09 2.937123e-09
65 2.698472e-01 2.698472e-01 2.698472e-01 2.018774e-09 2.018774e-09
66 2.698472e-01 2.698472e-01 2.698472e-01 2.800922e-09 2.800922e-09
67 2.743170e-01 2.743170e-01 2.743170e-01 1.930573e-09 1.930573e-09
68 2.828752e-01 2.828752e-01 2.828752e-01 1.933177e-09 1.933177e-09
69 2.873583e-01 2.873583e-01 2.873583e-01 5.001623e-09 5.001623e-09
70 2.873583e-01 2.873583e-01 2.873583e-01 1.279483e-08 1.279483e-08
71 2.918735e-01 2.918735e-01 2.918735e-01 1.880614e-08 1.880614e-08
72 3.001736e-01 3.001736e-01 3.001736e-01 5.259442e-08 5.259442e-08
73 3.046894e-01 3.046893e-01 3.046893e-01 3.989009e-08 3.989009e-08
74 3.046894e-01 3.046893e-01 3.046893e-01 4.981786e-08 4.981786e-08
75 3.092305e-01 3.092304e-01 3.092304e-01 7.873397e-08 7.873397e-08
76 3.172755e-01 3.172753e-01 3.172753e-01 1.354875e-07 1.354875e-07
77 3.218057e-01 3.218056e-01 3.218056e-01 8.617398e-08 8.617398e-08
78 3.218062e-01 3.218056e-01 3.218056e-01 5.795324e-07 5.795324e-07
79 3.263551e-01 3.263550e-01 3.263550e-01 1.182503e-07 1.182503e-07
80 3.341487e-01 3.341484e-01 3.341484e-01 2.375669e-07 2.375669e-07
81 3.386771e-01 3.386768e-01 3.386768e-01 3.219323e-07 3.219323e-07
82 3.386777e-01 3.386768e-01 3.386768e-01 9.035549e-07 9.035549e-07
83 3.432191e-01 3.432182e-01 3.432182e-01 8.962259e-07 8.962259e-07
84 3.507656e-01 3.507650e-01 3.507650e-01 5.959418e-07 5.959418e-07
85 3.552774e-01 3.552764e-01 3.552764e-01 9.278478e-07 9.278478e-07
86 3.552811e-01 3.552764e-01 3.552764e-01 4.622737e-06 4.622737e-06
87 3.597976e-01 3.597955e-01 3.597955e-01 2.143008e-06 2.143008e-06
88 3.671057e-01 3.671009e-01 3.671009e-01 4.781496e-06 4.781496e-06
89 3.715853e-01 3.715821e-01 3.715821e-01 3.272961e-06 3.272961e-06
90 3.715877e-01 3.715821e-01 3.715821e-01 5.659819e-06 5.659819e-06
91 3.760741e-01 3.760657e-01 3.760657e-01 8.413563e-06 8.413563e-06
92 3.831462e-01 3.831358e-01 3.831358e-01 1.033696e-05 1.033696e-05
93 3.875859e-01 3.875748e-01 3.875748e-01 1.110612e-05 1.110612e-05
94 3.876227e-01 3.875748e-01 3.875748e-01 4.793807e-05 4.793807e-05
95 3.920233e-01 3.920116e-01 3.920116e-01 1.164066e-05 1.164066e-05
96 3.988954e-01 3.988528e-01 3.988528e-01 4.254046e-05 4.254046e-05
97 4.032613e-01 4.032392e-01 4.032392e-01 2.213412e-05 2.213412e-05
98 4.032966e-01 4.032392e-01 4.032392e-01 5.744688e-05 5.744688e-05
99 4.076664e-01 4.076193e-01 4.076193e-01 4.709919e-05 4.709919e-05
100 4.142816e-01 4.142382e-01 4.142382e-01 4.339424e-05 4.339424e-05
101 4.186875e-01 4.185629e-01 4.185629e-01 1.246011e-04 1.246011e-04
102 4.187160e-01 4.185629e-01 4.185629e-01 1.530672e-04 1.530672e-04
103 4.229761e-01 4.228776e-01 4.228776e-01 9.846696e-05 9.846696e-05
104 4.294019e-01 4.292813e-01 4.292813e-01 1.205496e-04 1.205496e-04
105 4.336164e-01 4.335367e-01 4.335367e-01 7.973046e-05 7.973046e-05
106 4.338211e-01 4.335367e-01 4.335367e-01 2.844381e-04 2.844381e-04
107 4.380739e-01 4.377787e-01 4.377787e-01 2.951636e-04 2.951636e-04
108 4.443160e-01 4.439743e-01 4.439743e-01 3.416790e-04 3.416790e-04
109 4.482768e-01 4.481537e-01 4.481537e-01 1.231395e-04 1.231395e-04
110 4.484152e-01 4.481537e-01 4.481537e-01 2.615068e-04 2.615068e-04
111 4.537365e-01 4.523169e-01 4.523169e-01 1.419568e-03 1.419568e-03
112 4.587575e-01 4.583115e-01 4.583115e-01 4.459514e-04 4.459514e-04
113 4.631296e-01 4.624096e-01 4.624096e-01 7.199911e-04 7.199911e-04
114 4.638379e-01 4.624096e-01 4.624096e-01 1.428285e-03 1.428285e-03
115 4.673295e-01 4.664889e-01 4.664889e-01 8.405745e-04 8.405745e-04
116 4.735153e-01 4.722899e-01 4.722899e-01 1.225395e-03 1.225395e-03
117 4.770459e-01 4.763021e-01 4.763021e-01 7.437998e-04 7.437998e-04
118 4.774519e-01 4.763021e-01 4.763021e-01 1.149770e-03 1.149770e-03
119 4.822459e-01 4.802936e-01 4.802936e-01 1.952301e-03 1.952301e-03
120 4.873415e-01 4.859079e-01 4.859079e-01 1.433582e-03 1.433582e-03
121 4.912001e-01 4.898309e-01 4.898309e-01 1.369204e-03 1.369204e-03
122 4.926858e-01 4.898309e-01 4.898309e-01 2.854866e-03 2.854866e-03
123 5.003834e-01 4.937313e-01 4.937313e-01 6.652058e-03 6.652058e-03
124 5.053857e-01 4.991661e-01 4.991661e-01 6.219535e-03 6.219535e-03
125 5.069119e-01 5.029972e-01 5.029972e-01 3.914777e-03 3.914777e-03
126 5.078615e-01 5.029972e-01 5.029972e-01 4.864330e-03 4.864330e-03
127 5.125700e-01 5.068042e-01 5.068042e-01 5.765728e-03 5.765728e-03
128 5.170848e-01 5.120665e-01 5.120665e-01 5.018336e-03 5.018336e-03
129 5.238179e-01 5.158036e-01 5.158036e-01 8.014229e-03 8.014229e-03
130 5.250679e-01 5.158036e-01 5.158036e-01 9.264262e-03 9.264262e-03
131 5.284976e-01 5.195157e-01 5.195157e-01 8.981894e-03 8.981894e-03
132 5.368886e-01 5.246120e-01 5.246120e-01 1.227658e-02 1.227658e-02
133 5.404889e-01 5.282541e-01 5.282541e-01 1.223477e-02 1.223477e-02
134 5.465381e-01 5.282541e-01 5.282541e-01 1.828401e-02 1.828401e-02
135 5.481815e-01 5.318701e-01 5.318701e-01 1.631136e-02 1.631136e-02
136 5.501092e-01 5.368072e-01 5.368072e-01 1.330198e-02 1.330198e-02
137 5.510282e-01 5.403535e-01 5.403535e-01 1.067472e-02 1.067472e-02
138 5.598781e-01 5.403535e-01 5.403535e-01 1.952462e-02 1.952462e-02
139 5.650417e-01 5.438730e-01 5.438730e-01 2.116862e-02 2.116862e-02
140 5.676362e-01 5.486573e-01 5.486573e-01 1.897898e-02 1.897898e-02
141 5.704691e-01 5.521076e-01 5.521076e-01 1.836149e-02 1.836149e-02
142 5.794152e-01 5.521076e-01 5.521076e-01 2.730766e-02 2.730766e-02
143 6.001060e-01 5.555307e-01 5.555307e-01 4.457534e-02 4.457534e-02
