# Hello World! This is dune-eigensolver.
# hardware number of threads is 128 number of threads used is 1
# 8 8
# Smallest eigenvalues convergence test

#  n: 67600 A.N(): 67600 br: 1
# GeneralizedInverse:  time_total=4.826977e+02 time_factorization=3.187055e-01 iterations=796

# Arpack: time_total=1.572917e+01 iterations=1

# Eigensolver elapsed time 4.827007e+02

# N=67600 M=144 ACCURACY=1.000000e+00 TOL=2.000000e-04 THRESHOLD=9.000000e-02 ESARERROR=5.265889e-01 ARPERROR=7.533514e-06 ESANERROR=1.387779e-15 TIMERATIO= 3.068824e+01 \\

## gen: ftw     ARP-SMALL-TOL  ARPACK-TOL  ES-ARP-SMALL  ES-AR ERROR
00 1.340941e-15 -1.025655e-16 -1.027824e-16 1.443507e-15 1.443724e-15
01 5.604527e-03 5.604527e-03 5.604527e-03 1.379105e-16 1.491862e-16
02 5.604527e-03 5.604527e-03 5.604527e-03 9.887924e-17 9.974660e-17
03 8.364570e-03 8.364570e-03 8.364570e-03 2.810252e-16 2.844947e-16
04 1.867846e-02 1.867846e-02 1.867846e-02 4.302114e-16 4.475587e-16
05 1.998226e-02 1.998226e-02 1.998226e-02 5.941582e-11 5.941585e-11
06 1.998226e-02 1.998226e-02 1.998226e-02 5.110714e-09 5.110714e-09
07 2.019289e-02 2.019289e-02 2.019289e-02 5.170131e-09 5.170131e-09
08 3.249102e-02 3.249102e-02 3.249102e-02 5.620504e-16 5.551115e-16
09 3.360925e-02 3.360925e-02 3.360925e-02 4.996004e-16 5.620504e-16
10 3.360925e-02 3.360925e-02 3.360925e-02 5.551115e-16 5.620504e-16
11 3.488629e-02 3.488629e-02 3.488629e-02 6.175616e-16 6.175616e-16
12 4.663988e-02 4.663988e-02 4.663988e-02 5.342948e-16 6.383782e-16
13 4.820242e-02 4.820242e-02 4.820242e-02 4.579670e-16 5.204170e-16
14 4.820242e-02 4.820242e-02 4.820242e-02 5.134781e-16 7.008283e-16
15 4.983381e-02 4.983381e-02 4.983381e-02 6.314393e-16 5.412337e-16
16 6.142594e-02 6.142594e-02 6.142594e-02 4.787837e-16 4.926615e-16
17 6.335507e-02 6.335507e-02 6.335507e-02 6.106227e-16 6.522560e-16
18 6.335507e-02 6.335507e-02 6.335507e-02 7.216450e-16 6.522560e-16
19 6.536816e-02 6.536816e-02 6.536816e-02 4.718448e-16 4.024558e-16
20 7.676862e-02 7.676862e-02 7.676862e-02 4.302114e-16 2.636780e-16
21 7.904383e-02 7.904383e-02 7.904383e-02 4.024558e-16 5.412337e-16
22 7.904383e-02 7.904383e-02 7.904383e-02 3.885781e-16 6.800116e-16
23 8.140616e-02 8.140616e-02 8.140616e-02 4.996004e-16 4.718448e-16
24 9.261371e-02 9.261371e-02 9.261371e-02 3.053113e-16 2.220446e-16
25 9.521091e-02 9.521091e-02 9.521091e-02 3.053113e-16 2.914335e-16
26 9.521091e-02 9.521091e-02 9.521091e-02 1.804112e-16 2.359224e-16
27 9.789732e-02 9.789732e-02 9.789732e-02 3.608225e-16 2.914335e-16
28 1.089021e-01 1.089021e-01 1.089021e-01 2.359224e-16 2.359224e-16
29 1.117968e-01 1.117968e-01 1.117968e-01 2.220446e-16 1.942890e-16
30 1.117968e-01 1.117968e-01 1.117968e-01 4.024558e-16 3.608225e-16
31 1.147802e-01 1.147802e-01 1.147802e-01 5.689893e-16 8.326673e-17
32 1.255726e-01 1.255726e-01 1.255726e-01 1.942890e-16 2.775558e-17
33 1.287399e-01 1.287399e-01 1.287399e-01 1.942890e-16 5.551115e-17
34 1.287399e-01 1.287399e-01 1.287399e-01 5.551115e-17 2.220446e-16
35 1.319938e-01 1.319938e-01 1.319938e-01 5.551115e-17 1.942890e-16
36 1.425633e-01 1.425633e-01 1.425633e-01 5.551115e-16 3.053113e-16
37 1.459774e-01 1.459774e-01 1.459774e-01 5.273559e-16 1.110223e-16
38 1.459774e-01 1.459774e-01 1.459774e-01 5.551115e-17 1.665335e-16
39 1.494745e-01 1.494745e-01 1.494745e-01 3.053113e-16 2.220446e-16
40 1.598118e-01 1.598118e-01 1.598118e-01 4.996004e-16 8.326673e-17
41 1.634468e-01 1.634468e-01 1.634468e-01 5.828671e-16 1.387779e-16
42 1.634468e-01 1.634468e-01 1.634468e-01 5.551115e-17 5.551115e-17
43 1.671603e-01 1.671603e-01 1.671603e-01 7.494005e-16 5.551115e-16
44 1.772567e-01 1.772567e-01 1.772567e-01 2.775558e-17 1.387779e-16
45 1.810866e-01 1.810866e-01 1.810866e-01 2.498002e-16 2.498002e-16
46 1.810866e-01 1.810866e-01 1.810866e-01 5.551115e-17 1.665335e-16
47 1.849893e-01 1.849893e-01 1.849893e-01 2.220446e-16 5.551115e-16
48 1.948380e-01 1.948380e-01 1.948380e-01 2.498002e-16 1.110223e-16
49 1.988370e-01 1.988370e-01 1.988370e-01 4.440892e-16 0.000000e+00
50 1.988370e-01 1.988370e-01 1.988370e-01 4.718448e-16 6.661338e-16
51 2.029026e-01 2.029026e-01 2.029026e-01 6.661338e-16 3.608225e-16
52 2.124980e-01 2.124980e-01 2.124980e-01 6.106227e-16 7.216450e-16
53 2.166407e-01 2.166407e-01 2.166407e-01 8.326673e-17 4.718448e-16
54 2.166407e-01 2.166407e-01 2.166407e-01 4.246603e-15 4.385381e-15
55 2.208433e-01 2.208433e-01 2.208433e-01 3.830269e-15 4.024558e-15
56 2.301815e-01 2.301815e-01 2.301815e-01 7.216450e-16 3.885781e-16
57 2.344434e-01 2.344434e-01 2.344434e-01 8.881784e-16 1.332268e-15
58 2.344434e-01 2.344434e-01 2.344434e-01 9.103829e-15 8.798517e-15
59 2.387584e-01 2.387584e-01 2.387584e-01 9.603429e-15 9.187096e-15
60 2.478370e-01 2.478370e-01 2.478370e-01 1.965095e-14 1.998401e-14
61 2.521946e-01 2.521946e-01 2.521946e-01 1.776357e-14 1.776357e-14
62 2.521946e-01 2.521946e-01 2.521946e-01 2.386980e-15 2.442491e-15
63 2.565981e-01 2.565981e-01 2.565981e-01 4.496403e-15 4.440892e-15
64 2.654163e-01 2.654163e-01 2.654163e-01 2.503553e-14 2.470246e-14
65 2.698472e-01 2.698472e-01 2.698472e-01 1.487699e-14 1.526557e-14
66 2.698472e-01 2.698472e-01 2.698472e-01 4.440892e-15 4.773959e-15
67 2.743170e-01 2.743170e-01 2.743170e-01 5.273559e-15 5.107026e-15
68 2.828752e-01 2.828752e-01 2.828752e-01 5.895284e-14 5.950795e-14
69 2.873583e-01 2.873583e-01 2.873583e-01 1.726397e-14 1.759703e-14
70 2.873583e-01 2.873583e-01 2.873583e-01 7.216450e-16 1.110223e-15
71 2.918735e-01 2.918735e-01 2.918735e-01 4.046763e-14 4.102274e-14
72 3.001736e-01 3.001736e-01 3.001736e-01 1.865552e-11 1.865635e-11
73 3.046893e-01 3.046893e-01 3.046893e-01 1.711409e-11 1.711403e-11
74 3.046893e-01 3.046893e-01 3.046893e-01 1.415368e-12 1.415534e-12
75 3.092304e-01 3.092304e-01 3.092304e-01 1.277867e-13 1.271760e-13
76 3.172753e-01 3.172753e-01 3.172753e-01 5.219158e-13 5.219714e-13
77 3.218056e-01 3.218056e-01 3.218056e-01 1.806333e-13 1.796896e-13
78 3.218056e-01 3.218056e-01 3.218056e-01 4.490686e-12 4.491407e-12
79 3.263550e-01 3.263550e-01 3.263550e-01 5.191458e-12 5.190626e-12
80 3.341484e-01 3.341484e-01 3.341484e-01 1.605233e-11 1.605271e-11
81 3.386768e-01 3.386768e-01 3.386768e-01 1.533162e-11 1.533218e-11
82 3.386768e-01 3.386768e-01 3.386768e-01 1.857736e-12 1.857348e-12
83 3.432182e-01 3.432182e-01 3.432182e-01 2.579381e-12 2.579215e-12
84 3.507650e-01 3.507650e-01 3.507650e-01 7.244205e-14 7.160939e-14
85 3.552764e-01 3.552764e-01 3.552764e-01 6.830092e-13 6.835643e-13
86 3.552764e-01 3.552764e-01 3.552764e-01 3.456846e-12 3.456346e-12
87 3.597955e-01 3.597955e-01 3.597955e-01 4.212797e-12 4.213463e-12
88 3.671009e-01 3.671009e-01 3.671009e-01 1.289389e-10 1.289392e-10
89 3.715821e-01 3.715821e-01 3.715821e-01 5.683343e-11 5.683481e-11
90 3.715821e-01 3.715821e-01 3.715821e-01 1.745063e-10 1.745058e-10
91 3.760657e-01 3.760657e-01 3.760657e-01 2.466116e-10 2.466109e-10
92 3.831380e-01 3.831358e-01 3.831358e-01 2.118009e-06 2.118009e-06
93 3.875727e-01 3.875748e-01 3.875748e-01 2.117994e-06 2.117994e-06
94 3.875748e-01 3.875748e-01 3.875748e-01 5.602446e-11 5.602385e-11
95 3.920116e-01 3.920116e-01 3.920116e-01 6.723716e-11 6.723627e-11
96 3.988528e-01 3.988528e-01 3.988528e-01 6.458402e-10 6.458400e-10
97 4.032392e-01 4.032392e-01 4.032392e-01 3.602209e-10 3.602213e-10
98 4.032392e-01 4.032392e-01 4.032392e-01 2.743437e-10 2.743429e-10
99 4.076193e-01 4.076193e-01 4.076193e-01 1.295219e-11 1.295219e-11
100 4.142382e-01 4.142382e-01 4.142382e-01 1.886118e-10 1.886114e-10
101 4.185629e-01 4.185629e-01 4.185629e-01 6.448151e-10 6.448148e-10
102 4.185629e-01 4.185629e-01 4.185629e-01 1.103891e-09 1.103892e-09
103 4.228776e-01 4.228776e-01 4.228776e-01 1.939498e-09 1.939497e-09
104 4.292813e-01 4.292813e-01 4.292813e-01 2.778808e-10 2.778806e-10
105 4.335367e-01 4.335367e-01 4.335367e-01 7.049676e-10 7.049683e-10
106 4.335367e-01 4.335367e-01 4.335367e-01 3.259248e-08 3.259248e-08
107 4.377787e-01 4.377787e-01 4.377787e-01 3.357507e-08 3.357507e-08
108 4.439743e-01 4.439743e-01 4.439743e-01 4.326883e-11 4.326778e-11
109 4.481537e-01 4.481537e-01 4.481537e-01 6.254431e-10 6.254444e-10
110 4.481537e-01 4.481537e-01 4.481537e-01 2.824909e-09 2.824908e-09
111 4.523169e-01 4.523169e-01 4.523169e-01 3.492474e-09 3.492475e-09
112 4.583116e-01 4.583115e-01 4.583115e-01 5.457728e-08 5.457728e-08
113 4.624095e-01 4.624096e-01 4.624096e-01 5.344130e-08 5.344130e-08
114 4.624109e-01 4.624096e-01 4.624096e-01 1.373377e-06 1.373377e-06
115 4.664876e-01 4.664889e-01 4.664889e-01 1.374389e-06 1.374389e-06
116 4.722899e-01 4.722899e-01 4.722899e-01 5.400436e-09 5.400436e-09
117 4.763021e-01 4.763021e-01 4.763021e-01 2.081880e-09 2.081881e-09
118 4.763021e-01 4.763021e-01 4.763021e-01 3.810440e-09 3.810439e-09
119 4.802936e-01 4.802936e-01 4.802936e-01 6.415911e-09 6.415911e-09
120 4.859079e-01 4.859079e-01 4.859079e-01 5.890832e-10 5.890822e-10
121 4.898309e-01 4.898309e-01 4.898309e-01 1.227270e-09 1.227269e-09
122 4.898310e-01 4.898309e-01 4.898309e-01 8.668123e-08 8.668123e-08
123 4.937312e-01 4.937313e-01 4.937313e-01 8.815825e-08 8.815825e-08
124 4.991737e-01 4.991661e-01 4.991661e-01 7.533514e-06 7.533514e-06
125 5.029902e-01 5.029972e-01 5.029972e-01 6.968157e-06 6.968157e-06
126 5.029968e-01 5.029972e-01 5.029972e-01 4.221268e-07 4.221268e-07
127 5.068041e-01 5.068042e-01 5.068042e-01 1.431718e-07 1.431718e-07
128 5.120665e-01 5.120665e-01 5.120665e-01 8.841690e-08 8.841690e-08
129 5.158036e-01 5.158036e-01 5.158036e-01 6.192849e-08 6.192849e-08
130 5.158037e-01 5.158036e-01 5.158036e-01 8.960323e-08 8.960324e-08
131 5.195155e-01 5.195157e-01 5.195157e-01 1.152972e-07 1.152972e-07
132 5.246121e-01 5.246120e-01 5.246120e-01 4.804921e-08 4.804921e-08
133 5.282542e-01 5.282541e-01 5.282541e-01 1.440307e-07 1.440307e-07
134 5.282587e-01 5.282541e-01 5.282541e-01 4.644814e-06 4.644814e-06
135 5.318653e-01 5.318701e-01 5.318701e-01 4.837742e-06 4.837742e-06
136 5.368073e-01 5.368072e-01 5.368072e-01 8.066529e-08 8.066529e-08
137 5.403535e-01 5.403535e-01 5.403535e-01 4.347571e-08 4.347571e-08
138 5.403535e-01 5.403535e-01 5.403535e-01 1.396330e-08 1.396330e-08
139 5.438732e-01 5.438730e-01 5.438730e-01 1.304533e-07 1.304533e-07
140 5.486593e-01 5.486573e-01 5.486573e-01 1.980034e-06 1.980034e-06
141 5.521058e-01 5.521076e-01 5.521076e-01 1.805131e-06 1.805131e-06
142 5.521073e-01 5.521076e-01 5.521076e-01 2.674384e-07 2.674384e-07
143 5.555306e-01 5.555307e-01 5.555307e-01 5.237915e-08 5.237915e-08
