# Hello World! This is dune-eigensolver.
# hardware number of threads is 128 number of threads used is 1
# 8 8
# Smallest eigenvalues convergence test

#  n: 67600 A.N(): 67600 br: 1
# GeneralizedSymmetricStewart:  time_total=2.781234e+00 time_factorization=3.201867e-01 time_eigendecomposition=4.208820e-03 time_matmul_dense=9.721349e-02 iterations=3

# Arpack: time_total=1.568345e+01 iterations=1

# Eigensolver elapsed time 2.785261e+00

# N=67600 M=144 ACCURACY=7.500000e-01 TOL=2.000000e-01 THRESHOLD=9.000000e-02 ESARERROR=9.682081e-01 ARPERROR=5.597029e-01 ESANERROR=1.387779e-15 TIMERATIO= 1.775924e-01 \\

## gen: stw     ARP-SMALL-TOL  ARPACK-TOL  ES-ARP-SMALL  ES-AR ERROR
00 3.286217e-15 -1.025655e-16 -1.027824e-16 3.388782e-15 3.388999e-15
01 5.604527e-03 5.604527e-03 5.604527e-03 2.047612e-10 2.047612e-10
02 5.604528e-03 5.604527e-03 5.604527e-03 2.556038e-10 2.556038e-10
03 8.364572e-03 8.364570e-03 8.364570e-03 1.946086e-09 1.946086e-09
04 1.867859e-02 1.867846e-02 1.867846e-02 1.248848e-07 1.248848e-07
05 1.998245e-02 1.998226e-02 1.998226e-02 1.871314e-07 1.871314e-07
06 1.998256e-02 1.998226e-02 1.998226e-02 3.007932e-07 3.007932e-07
07 2.019317e-02 2.019289e-02 2.019289e-02 2.792082e-07 2.792082e-07
08 3.249446e-02 3.249102e-02 3.249102e-02 3.448151e-06 3.448151e-06
09 3.361257e-02 3.360925e-02 3.360925e-02 3.322728e-06 3.322728e-06
10 3.361497e-02 3.360925e-02 3.360925e-02 5.724533e-06 5.724533e-06
11 3.489175e-02 3.488629e-02 3.488629e-02 5.459015e-06 5.459015e-06
12 4.666802e-02 4.663988e-02 4.663988e-02 2.813831e-05 2.813831e-05
13 4.823273e-02 4.820242e-02 4.820242e-02 3.031164e-05 3.031164e-05
14 4.823652e-02 4.820242e-02 4.820242e-02 3.410233e-05 3.410233e-05
15 4.988237e-02 4.983381e-02 4.983381e-02 4.855913e-05 4.855913e-05
16 6.154849e-02 6.142594e-02 6.142594e-02 1.225498e-04 1.225498e-04
17 6.351392e-02 6.335507e-02 6.335507e-02 1.588526e-04 1.588526e-04
18 6.358622e-02 6.335507e-02 6.335507e-02 2.311587e-04 2.311587e-04
19 6.557600e-02 6.536816e-02 6.536816e-02 2.078346e-04 2.078346e-04
20 7.723037e-02 7.676862e-02 7.676862e-02 4.617530e-04 4.617530e-04
21 7.960122e-02 7.904383e-02 7.904383e-02 5.573912e-04 5.573912e-04
22 7.983345e-02 7.904383e-02 7.904383e-02 7.896150e-04 7.896150e-04
23 8.224939e-02 8.140616e-02 8.140616e-02 8.432318e-04 8.432318e-04
24 9.402448e-02 9.261371e-02 9.261371e-02 1.410765e-03 1.410765e-03
25 9.677580e-02 9.521091e-02 9.521091e-02 1.564885e-03 1.564885e-03
26 9.713923e-02 9.521091e-02 9.521091e-02 1.928324e-03 1.928324e-03
27 1.000826e-01 9.789732e-02 9.789732e-02 2.185259e-03 2.185259e-03
28 1.116568e-01 1.089021e-01 1.089021e-01 2.754738e-03 2.754738e-03
29 1.154088e-01 1.117968e-01 1.117968e-01 3.611984e-03 3.611984e-03
30 1.163201e-01 1.117968e-01 1.117968e-01 4.523300e-03 4.523300e-03
31 1.195265e-01 1.147802e-01 1.147802e-01 4.746263e-03 4.746263e-03
32 1.317088e-01 1.255726e-01 1.255726e-01 6.136196e-03 6.136196e-03
33 1.371755e-01 1.287399e-01 1.287399e-01 8.435684e-03 8.435684e-03
34 1.389952e-01 1.287399e-01 1.287399e-01 1.025533e-02 1.025533e-02
35 1.431887e-01 1.319938e-01 1.319938e-01 1.119489e-02 1.119489e-02
36 1.583563e-01 1.425633e-01 1.425633e-01 1.579305e-02 1.579305e-02
37 1.667305e-01 1.459774e-01 1.459774e-01 2.075313e-02 2.075313e-02
38 1.708109e-01 1.459774e-01 1.459774e-01 2.483350e-02 2.483350e-02
39 1.755175e-01 1.494745e-01 1.494745e-01 2.604297e-02 2.604297e-02
40 1.873162e-01 1.598118e-01 1.598118e-01 2.750436e-02 2.750436e-02
41 1.945850e-01 1.634468e-01 1.634468e-01 3.113821e-02 3.113821e-02
42 2.016280e-01 1.634468e-01 1.634468e-01 3.818118e-02 3.818118e-02
43 2.082460e-01 1.671603e-01 1.671603e-01 4.108573e-02 4.108573e-02
44 2.324612e-01 1.772567e-01 1.772567e-01 5.520447e-02 5.520447e-02
45 2.380054e-01 1.810866e-01 1.810866e-01 5.691881e-02 5.691881e-02
46 2.613375e-01 1.810866e-01 1.810866e-01 8.025091e-02 8.025091e-02
47 2.732065e-01 1.849893e-01 1.849893e-01 8.821712e-02 8.821712e-02
48 2.846689e-01 1.948380e-01 1.948380e-01 8.983090e-02 8.983090e-02
49 2.992555e-01 1.988370e-01 1.988370e-01 1.004185e-01 1.004185e-01
50 3.145439e-01 1.988370e-01 1.988370e-01 1.157069e-01 1.157069e-01
51 3.203791e-01 2.029026e-01 2.029026e-01 1.174765e-01 1.174765e-01
52 3.326289e-01 2.124980e-01 2.124980e-01 1.201309e-01 1.201309e-01
53 3.576679e-01 2.166407e-01 2.166407e-01 1.410273e-01 1.410273e-01
54 3.936860e-01 2.166407e-01 2.166407e-01 1.770454e-01 1.770454e-01
55 4.114298e-01 2.208433e-01 2.208433e-01 1.905865e-01 1.905865e-01
56 4.311395e-01 2.301815e-01 2.301815e-01 2.009579e-01 2.009579e-01
57 4.348193e-01 2.344434e-01 2.344434e-01 2.003759e-01 2.003759e-01
58 4.699971e-01 2.344434e-01 2.344434e-01 2.355537e-01 2.355537e-01
59 4.740885e-01 2.387584e-01 2.387584e-01 2.353301e-01 2.353301e-01
60 5.021421e-01 2.478370e-01 2.478370e-01 2.543051e-01 2.543051e-01
61 5.281865e-01 2.521946e-01 2.521946e-01 2.759919e-01 2.759919e-01
62 5.492547e-01 2.521946e-01 2.521946e-01 2.970601e-01 2.970601e-01
63 5.964710e-01 2.565981e-01 2.565981e-01 3.398729e-01 3.398729e-01
64 6.287268e-01 2.654163e-01 2.654163e-01 3.633105e-01 3.633105e-01
65 6.424693e-01 2.698472e-01 2.698472e-01 3.726221e-01 3.726221e-01
66 6.476960e-01 2.698472e-01 2.698472e-01 3.778488e-01 3.778488e-01
67 6.781455e-01 2.743170e-01 2.743170e-01 4.038285e-01 4.038285e-01
68 6.875966e-01 2.828752e-01 2.828752e-01 4.047213e-01 4.047213e-01
69 7.035164e-01 2.873583e-01 2.873583e-01 4.161581e-01 4.161581e-01
70 7.249777e-01 2.873583e-01 2.873583e-01 4.376194e-01 4.376194e-01
71 7.315090e-01 2.918735e-01 2.918735e-01 4.396355e-01 4.396355e-01
72 7.556012e-01 3.001736e-01 3.001736e-01 4.554276e-01 4.554276e-01
73 7.823808e-01 3.046893e-01 3.046893e-01 4.776915e-01 4.776915e-01
74 7.927641e-01 3.046893e-01 3.046893e-01 4.880747e-01 4.880747e-01
75 7.970326e-01 3.092304e-01 3.092304e-01 4.878021e-01 4.878021e-01
76 8.195834e-01 3.172753e-01 3.172753e-01 5.023081e-01 5.023081e-01
77 8.269861e-01 3.218056e-01 3.218056e-01 5.051805e-01 5.051805e-01
78 8.396706e-01 3.218056e-01 3.218056e-01 5.178650e-01 5.178650e-01
79 8.464241e-01 3.263550e-01 3.263550e-01 5.200691e-01 5.200691e-01
80 8.629241e-01 3.341484e-01 3.341484e-01 5.287757e-01 5.287757e-01
81 8.818503e-01 3.386768e-01 3.386768e-01 5.431735e-01 5.431735e-01
82 8.820521e-01 3.386768e-01 3.386768e-01 5.433753e-01 5.433753e-01
83 8.879749e-01 3.432182e-01 3.432182e-01 5.447567e-01 5.447567e-01
84 9.002252e-01 3.507650e-01 3.507650e-01 5.494602e-01 5.494602e-01
85 9.026151e-01 3.552764e-01 3.552764e-01 5.473387e-01 5.473387e-01
86 9.065571e-01 3.552764e-01 3.552764e-01 5.512806e-01 5.512806e-01
87 9.138901e-01 3.597955e-01 3.597955e-01 5.540946e-01 5.540946e-01
88 9.188191e-01 3.671009e-01 3.671009e-01 5.517182e-01 5.517182e-01
89 9.238099e-01 3.715821e-01 3.715821e-01 5.522278e-01 5.522278e-01
90 9.292904e-01 3.715821e-01 3.715821e-01 5.577084e-01 5.577084e-01
91 9.307187e-01 3.760657e-01 3.760657e-01 5.546529e-01 5.546529e-01
92 9.359368e-01 3.831358e-01 3.831358e-01 5.528009e-01 5.528009e-01
93 9.382739e-01 3.875748e-01 3.875748e-01 5.506991e-01 5.506991e-01
94 9.472777e-01 3.875748e-01 3.875748e-01 5.597029e-01 5.597029e-01
95 9.506876e-01 3.920116e-01 3.920116e-01 5.586759e-01 5.586759e-01
96 9.526946e-01 3.988528e-01 3.988528e-01 5.538418e-01 5.538418e-01
97 9.575153e-01 4.032392e-01 4.032392e-01 5.542761e-01 5.542761e-01
98 9.583506e-01 4.032392e-01 4.032392e-01 5.551114e-01 5.551114e-01
99 9.591249e-01 4.076193e-01 4.076193e-01 5.515056e-01 5.515056e-01
100 9.607974e-01 4.142382e-01 4.142382e-01 5.465591e-01 5.465591e-01
101 9.649004e-01 4.185629e-01 4.185629e-01 5.463374e-01 5.463374e-01
102 9.692120e-01 4.185629e-01 4.185629e-01 5.506491e-01 5.506491e-01
103 9.720657e-01 4.228776e-01 4.228776e-01 5.491881e-01 5.491881e-01
104 9.728945e-01 4.292813e-01 4.292813e-01 5.436132e-01 5.436132e-01
105 9.738766e-01 4.335367e-01 4.335367e-01 5.403400e-01 5.403400e-01
106 9.753866e-01 4.335367e-01 4.335367e-01 5.418499e-01 5.418499e-01
107 9.763398e-01 4.377787e-01 4.377787e-01 5.385611e-01 5.385611e-01
108 9.770333e-01 4.439743e-01 4.439743e-01 5.330591e-01 5.330591e-01
109 9.796201e-01 4.481537e-01 4.481537e-01 5.314664e-01 5.314664e-01
110 9.806214e-01 4.481537e-01 4.481537e-01 5.324677e-01 5.324677e-01
111 9.823536e-01 4.523169e-01 4.523169e-01 5.300367e-01 5.300367e-01
112 9.834693e-01 4.583115e-01 4.583115e-01 5.251578e-01 5.251578e-01
113 9.835668e-01 4.624096e-01 4.624096e-01 5.211572e-01 5.211572e-01
114 9.846774e-01 4.624096e-01 4.624096e-01 5.222678e-01 5.222678e-01
115 9.850273e-01 4.664889e-01 4.664889e-01 5.185384e-01 5.185384e-01
116 9.856988e-01 4.722899e-01 4.722899e-01 5.134090e-01 5.134090e-01
117 9.869398e-01 4.763021e-01 4.763021e-01 5.106377e-01 5.106377e-01
118 9.874961e-01 4.763021e-01 4.763021e-01 5.111940e-01 5.111940e-01
119 9.881124e-01 4.802936e-01 4.802936e-01 5.078188e-01 5.078188e-01
120 9.895432e-01 4.859079e-01 4.859079e-01 5.036353e-01 5.036353e-01
121 9.896187e-01 4.898309e-01 4.898309e-01 4.997878e-01 4.997878e-01
122 9.907005e-01 4.898309e-01 4.898309e-01 5.008697e-01 5.008697e-01
123 9.909327e-01 4.937313e-01 4.937313e-01 4.972013e-01 4.972013e-01
124 9.912699e-01 4.991661e-01 4.991661e-01 4.921037e-01 4.921037e-01
125 9.921640e-01 5.029972e-01 5.029972e-01 4.891668e-01 4.891668e-01
126 9.926360e-01 5.029972e-01 5.029972e-01 4.896388e-01 4.896388e-01
127 9.927520e-01 5.068042e-01 5.068042e-01 4.859477e-01 4.859477e-01
128 9.930639e-01 5.120665e-01 5.120665e-01 4.809974e-01 4.809974e-01
129 9.937138e-01 5.158036e-01 5.158036e-01 4.779102e-01 4.779102e-01
130 9.938849e-01 5.158036e-01 5.158036e-01 4.780813e-01 4.780813e-01
131 9.941474e-01 5.195157e-01 5.195157e-01 4.746318e-01 4.746318e-01
132 9.944961e-01 5.246120e-01 5.246120e-01 4.698840e-01 4.698840e-01
133 9.945363e-01 5.282541e-01 5.282541e-01 4.662822e-01 4.662822e-01
134 9.948066e-01 5.282541e-01 5.282541e-01 4.665525e-01 4.665525e-01
135 9.951017e-01 5.318701e-01 5.318701e-01 4.632316e-01 4.632316e-01
136 9.955150e-01 5.368072e-01 5.368072e-01 4.587077e-01 4.587077e-01
137 9.957708e-01 5.403535e-01 5.403535e-01 4.554173e-01 4.554173e-01
138 9.961602e-01 5.403535e-01 5.403535e-01 4.558067e-01 4.558067e-01
139 9.965017e-01 5.438730e-01 5.438730e-01 4.526287e-01 4.526287e-01
140 9.966302e-01 5.486573e-01 5.486573e-01 4.479730e-01 4.479730e-01
141 9.966502e-01 5.521076e-01 5.521076e-01 4.445427e-01 4.445427e-01
142 9.969719e-01 5.521076e-01 5.521076e-01 4.448644e-01 4.448644e-01
143 9.971498e-01 5.555307e-01 5.555307e-01 4.416191e-01 4.416191e-01
