# Hello World! This is dune-eigensolver.
# hardware number of threads is 128 number of threads used is 1
# 8 8
# Smallest eigenvalues convergence test

#  n: 67600 A.N(): 67600 br: 1
# GeneralizedInverse:  time_total=3.119357e+02 time_factorization=3.180473e-01 iterations=514

# Arpack: time_total=1.560473e+01 iterations=1

# Eigensolver elapsed time 3.119396e+02

# N=67600 M=144 ACCURACY=1.000000e+00 TOL=2.000000e-03 THRESHOLD=9.000000e-02 ESARERROR=5.265899e-01 ARPERROR=1.053667e-03 ESANERROR=1.387779e-15 TIMERATIO= 1.999007e+01 \\

## gen: ftw     ARP-SMALL-TOL  ARPACK-TOL  ES-ARP-SMALL  ES-AR ERROR
00 1.340941e-15 -1.025655e-16 -1.027824e-16 1.443507e-15 1.443724e-15
01 5.604527e-03 5.604527e-03 5.604527e-03 8.153200e-17 9.280771e-17
02 5.604527e-03 5.604527e-03 5.604527e-03 5.030698e-17 5.117434e-17
03 8.364570e-03 8.364570e-03 8.364570e-03 2.636780e-16 2.671474e-16
04 1.867846e-02 1.867846e-02 1.867846e-02 3.747003e-16 3.920475e-16
05 1.998227e-02 1.998226e-02 1.998226e-02 1.661478e-08 1.661478e-08
06 1.998368e-02 1.998226e-02 1.998226e-02 1.419422e-06 1.419422e-06
07 2.019146e-02 2.019289e-02 2.019289e-02 1.436037e-06 1.436037e-06
08 3.249102e-02 3.249102e-02 3.249102e-02 6.036838e-16 5.967449e-16
09 3.360925e-02 3.360925e-02 3.360925e-02 4.649059e-16 5.273559e-16
10 3.360925e-02 3.360925e-02 3.360925e-02 4.857226e-16 4.926615e-16
11 3.488629e-02 3.488629e-02 3.488629e-02 5.065393e-16 5.065393e-16
12 4.663988e-02 4.663988e-02 4.663988e-02 6.800116e-16 7.840950e-16
13 4.820242e-02 4.820242e-02 4.820242e-02 5.134781e-16 5.759282e-16
14 4.820242e-02 4.820242e-02 4.820242e-02 4.857226e-16 6.730727e-16
15 4.983381e-02 4.983381e-02 4.983381e-02 5.898060e-16 4.996004e-16
16 6.142594e-02 6.142594e-02 6.142594e-02 3.191891e-16 3.330669e-16
17 6.335507e-02 6.335507e-02 6.335507e-02 3.469447e-16 3.885781e-16
18 6.335507e-02 6.335507e-02 6.335507e-02 6.938894e-17 1.387779e-16
19 6.536816e-02 6.536816e-02 6.536816e-02 1.346145e-15 1.276756e-15
20 7.676862e-02 7.676862e-02 7.676862e-02 4.857226e-16 3.191891e-16
21 7.904383e-02 7.904383e-02 7.904383e-02 3.747003e-16 5.134781e-16
22 7.904383e-02 7.904383e-02 7.904383e-02 4.440892e-16 1.526557e-16
23 8.140616e-02 8.140616e-02 8.140616e-02 1.429412e-15 1.401657e-15
24 9.261371e-02 9.261371e-02 9.261371e-02 1.339207e-14 1.347533e-14
25 9.521091e-02 9.521091e-02 9.521091e-02 5.537237e-15 5.523360e-15
26 9.521091e-02 9.521091e-02 9.521091e-02 5.356826e-15 5.412337e-15
27 9.789732e-02 9.789732e-02 9.789732e-02 3.733125e-15 3.663736e-15
28 1.089021e-01 1.089021e-01 1.089021e-01 2.775558e-15 2.775558e-15
29 1.117968e-01 1.117968e-01 1.117968e-01 5.412337e-16 5.134781e-16
30 1.117968e-01 1.117968e-01 1.117968e-01 3.047562e-14 3.051726e-14
31 1.147802e-01 1.147802e-01 1.147802e-01 3.419487e-14 3.370915e-14
32 1.255726e-01 1.255726e-01 1.255726e-01 6.047912e-12 6.048079e-12
33 1.287399e-01 1.287399e-01 1.287399e-01 5.741435e-12 5.741185e-12
34 1.287399e-01 1.287399e-01 1.287399e-01 2.258471e-13 2.255696e-13
35 1.319938e-01 1.319938e-01 1.319938e-01 8.179568e-14 8.193446e-14
36 1.425633e-01 1.425633e-01 1.425633e-01 1.570966e-14 1.595946e-14
37 1.459774e-01 1.459774e-01 1.459774e-01 7.299716e-15 7.716050e-15
38 1.459774e-01 1.459774e-01 1.459774e-01 6.950829e-13 6.953049e-13
39 1.494745e-01 1.494745e-01 1.494745e-01 7.191192e-13 7.190359e-13
40 1.598118e-01 1.598118e-01 1.598118e-01 2.165101e-12 2.165518e-12
41 1.634468e-01 1.634468e-01 1.634468e-01 5.894452e-13 5.901668e-13
42 1.634468e-01 1.634468e-01 1.634468e-01 1.236150e-12 1.236150e-12
43 1.671603e-01 1.671603e-01 1.671603e-01 2.812472e-12 2.812278e-12
44 1.772567e-01 1.772567e-01 1.772567e-01 6.926404e-13 6.925294e-13
45 1.810866e-01 1.810866e-01 1.810866e-01 5.301315e-15 5.301315e-15
46 1.810866e-01 1.810866e-01 1.810866e-01 3.485617e-11 3.485595e-11
47 1.849893e-01 1.849893e-01 1.849893e-01 3.555356e-11 3.555389e-11
48 1.948380e-01 1.948380e-01 1.948380e-01 5.611039e-12 5.611178e-12
49 1.988370e-01 1.988370e-01 1.988370e-01 2.386980e-15 1.942890e-15
50 1.988370e-01 1.988370e-01 1.988370e-01 6.121492e-13 6.119549e-13
51 2.029026e-01 2.029026e-01 2.029026e-01 6.221301e-12 6.220996e-12
52 2.124980e-01 2.124980e-01 2.124980e-01 3.569053e-11 3.569064e-11
53 2.166407e-01 2.166407e-01 2.166407e-01 2.225772e-11 2.225828e-11
54 2.166407e-01 2.166407e-01 2.166407e-01 1.923080e-10 1.923081e-10
55 2.208433e-01 2.208433e-01 2.208433e-01 2.057405e-10 2.057407e-10
56 2.301815e-01 2.301815e-01 2.301815e-01 2.703773e-11 2.703740e-11
57 2.344434e-01 2.344434e-01 2.344434e-01 2.257913e-11 2.257958e-11
58 2.344434e-01 2.344434e-01 2.344434e-01 2.561002e-10 2.560999e-10
59 2.387584e-01 2.387584e-01 2.387584e-01 2.605591e-10 2.605587e-10
60 2.478370e-01 2.478370e-01 2.478370e-01 3.589903e-10 3.589906e-10
61 2.521946e-01 2.521946e-01 2.521946e-01 3.254242e-10 3.254242e-10
62 2.521946e-01 2.521946e-01 2.521946e-01 3.953532e-11 3.953537e-11
63 2.565981e-01 2.565981e-01 2.565981e-01 7.310036e-11 7.310030e-11
64 2.654163e-01 2.654163e-01 2.654163e-01 2.681366e-10 2.681363e-10
65 2.698472e-01 2.698472e-01 2.698472e-01 1.662159e-10 1.662163e-10
66 2.698472e-01 2.698472e-01 2.698472e-01 4.721995e-11 4.722028e-11
67 2.743170e-01 2.743170e-01 2.743170e-01 5.469902e-11 5.469886e-11
68 2.828752e-01 2.828752e-01 2.828752e-01 4.054399e-10 4.054405e-10
69 2.873583e-01 2.873583e-01 2.873583e-01 1.339093e-10 1.339097e-10
70 2.873583e-01 2.873583e-01 2.873583e-01 1.024031e-11 1.024070e-11
71 2.918735e-01 2.918735e-01 2.918735e-01 2.612894e-10 2.612899e-10
72 3.001737e-01 3.001736e-01 3.001736e-01 8.244359e-08 8.244359e-08
73 3.046892e-01 3.046893e-01 3.046893e-01 7.566404e-08 7.566404e-08
74 3.046893e-01 3.046893e-01 3.046893e-01 6.258446e-09 6.258446e-09
75 3.092304e-01 3.092304e-01 3.092304e-01 5.192621e-10 5.192615e-10
76 3.172753e-01 3.172753e-01 3.172753e-01 1.507378e-09 1.507378e-09
77 3.218056e-01 3.218056e-01 3.218056e-01 4.745094e-10 4.745084e-10
78 3.218056e-01 3.218056e-01 3.218056e-01 1.192066e-08 1.192066e-08
79 3.263549e-01 3.263550e-01 3.263550e-01 1.389304e-08 1.389304e-08
80 3.341485e-01 3.341484e-01 3.341484e-01 3.109862e-08 3.109862e-08
81 3.386767e-01 3.386768e-01 3.386768e-01 2.974062e-08 2.974062e-08
82 3.386768e-01 3.386768e-01 3.386768e-01 3.251714e-09 3.251714e-09
83 3.432182e-01 3.432182e-01 3.432182e-01 4.620193e-09 4.620192e-09
84 3.507650e-01 3.507650e-01 3.507650e-01 9.395124e-11 9.395040e-11
85 3.552764e-01 3.552764e-01 3.552764e-01 8.291907e-10 8.291913e-10
86 3.552764e-01 3.552764e-01 3.552764e-01 4.225975e-09 4.225975e-09
87 3.597955e-01 3.597955e-01 3.597955e-01 5.143167e-09 5.143167e-09
88 3.671011e-01 3.671009e-01 3.671009e-01 1.186359e-07 1.186359e-07
89 3.715820e-01 3.715821e-01 3.715821e-01 5.283348e-08 5.283348e-08
90 3.715822e-01 3.715821e-01 3.715821e-01 1.441007e-07 1.441007e-07
91 3.760655e-01 3.760657e-01 3.760657e-01 2.098960e-07 2.098960e-07
92 3.841895e-01 3.831358e-01 3.831358e-01 1.053667e-03 1.053667e-03
93 3.865211e-01 3.875748e-01 3.875748e-01 1.053658e-03 1.053658e-03
94 3.875748e-01 3.875748e-01 3.875748e-01 3.382979e-08 3.382979e-08
95 3.920117e-01 3.920116e-01 3.920116e-01 2.228291e-08 2.228291e-08
96 3.988531e-01 3.988528e-01 3.988528e-01 2.403120e-07 2.403120e-07
97 4.032390e-01 4.032392e-01 4.032392e-01 1.694351e-07 1.694351e-07
98 4.032391e-01 4.032392e-01 4.032392e-01 1.294927e-07 1.294927e-07
99 4.076193e-01 4.076193e-01 4.076193e-01 1.227816e-08 1.227816e-08
100 4.142383e-01 4.142382e-01 4.142382e-01 4.695159e-08 4.695159e-08
101 4.185631e-01 4.185629e-01 4.185629e-01 2.046707e-07 2.046707e-07
102 4.185633e-01 4.185629e-01 4.185629e-01 3.513996e-07 3.513996e-07
103 4.228770e-01 4.228776e-01 4.228776e-01 6.218521e-07 6.218521e-07
104 4.292814e-01 4.292813e-01 4.292813e-01 7.147699e-08 7.147699e-08
105 4.335368e-01 4.335367e-01 4.335367e-01 1.654839e-07 1.654839e-07
106 4.335445e-01 4.335367e-01 4.335367e-01 7.794166e-06 7.794166e-06
107 4.377707e-01 4.377787e-01 4.377787e-01 8.030446e-06 8.030446e-06
108 4.439743e-01 4.439743e-01 4.439743e-01 7.753864e-09 7.753863e-09
109 4.481538e-01 4.481537e-01 4.481537e-01 1.132509e-07 1.132509e-07
110 4.481542e-01 4.481537e-01 4.481537e-01 5.138306e-07 5.138306e-07
111 4.523163e-01 4.523169e-01 4.523169e-01 6.332170e-07 6.332170e-07
112 4.583197e-01 4.583115e-01 4.583115e-01 8.161504e-06 8.161504e-06
113 4.624016e-01 4.624096e-01 4.624096e-01 8.003780e-06 8.003780e-06
114 4.625935e-01 4.624096e-01 4.624096e-01 1.839386e-04 1.839386e-04
115 4.663050e-01 4.664889e-01 4.664889e-01 1.839662e-04 1.839662e-04
116 4.722904e-01 4.722899e-01 4.722899e-01 5.132761e-07 5.132761e-07
117 4.763018e-01 4.763021e-01 4.763021e-01 2.506543e-07 2.506543e-07
118 4.763025e-01 4.763021e-01 4.763021e-01 4.001069e-07 4.001069e-07
119 4.802934e-01 4.802936e-01 4.802936e-01 2.133662e-07 2.133662e-07
120 4.859074e-01 4.859079e-01 4.859079e-01 5.587581e-07 5.587581e-07
121 4.898310e-01 4.898309e-01 4.898309e-01 1.054859e-07 1.054859e-07
122 4.898384e-01 4.898309e-01 4.898309e-01 7.513251e-06 7.513251e-06
123 4.937237e-01 4.937313e-01 4.937313e-01 7.641498e-06 7.641498e-06
124 4.996535e-01 4.991661e-01 4.991661e-01 4.874001e-04 4.874001e-04
125 5.025513e-01 5.029972e-01 5.029972e-01 4.459167e-04 4.459167e-04
126 5.029657e-01 5.029972e-01 5.029972e-01 3.151051e-05 3.151051e-05
127 5.067943e-01 5.068042e-01 5.068042e-01 9.952861e-06 9.952861e-06
128 5.120717e-01 5.120665e-01 5.120665e-01 5.275782e-06 5.275782e-06
129 5.157999e-01 5.158036e-01 5.158036e-01 3.735836e-06 3.735836e-06
130 5.158086e-01 5.158036e-01 5.158036e-01 5.008186e-06 5.008186e-06
131 5.195093e-01 5.195157e-01 5.195157e-01 6.360290e-06 6.360290e-06
132 5.246143e-01 5.246120e-01 5.246120e-01 2.219237e-06 2.219237e-06
133 5.282607e-01 5.282541e-01 5.282541e-01 6.576700e-06 6.576700e-06
134 5.284574e-01 5.282541e-01 5.282541e-01 2.033384e-04 2.033384e-04
135 5.316578e-01 5.318701e-01 5.318701e-01 2.123383e-04 2.123383e-04
136 5.368105e-01 5.368072e-01 5.368072e-01 3.282475e-06 3.282475e-06
137 5.403517e-01 5.403535e-01 5.403535e-01 1.846086e-06 1.846086e-06
138 5.403540e-01 5.403535e-01 5.403535e-01 5.384386e-07 5.384386e-07
139 5.438961e-01 5.438730e-01 5.438730e-01 2.306404e-05 2.306404e-05
140 5.487054e-01 5.486573e-01 5.486573e-01 4.810218e-05 4.810218e-05
141 5.520467e-01 5.521076e-01 5.521076e-01 6.086465e-05 6.086465e-05
142 5.520983e-01 5.521076e-01 5.521076e-01 9.287472e-06 9.287472e-06
143 5.555317e-01 5.555307e-01 5.555307e-01 9.797596e-07 9.797596e-07
