# Hello World! This is dune-eigensolver.
# hardware number of threads is 128 number of threads used is 1
# 8 8
# Smallest eigenvalues convergence test

#  n: 67600 A.N(): 67600 br: 1
# GeneralizedSymmetricStewart:  time_total=3.952663e+01 time_factorization=3.229629e-01 time_eigendecomposition=8.549656e-02 time_matmul_dense=9.597444e-02 iterations=53

# Arpack: time_total=1.577167e+01 iterations=1

# Eigensolver elapsed time 3.953101e+01

# N=67600 M=144 ACCURACY=1.000000e+00 TOL=1.000000e-04 THRESHOLD=9.000000e-02 ESARERROR=5.358738e-01 ARPERROR=9.284893e-03 ESANERROR=1.387779e-15 TIMERATIO= 2.506456e+00 \\

## gen: stw     ARP-SMALL-TOL  ARPACK-TOL  ES-ARP-SMALL  ES-AR ERROR
00 1.079649e-15 -1.025655e-16 -1.027824e-16 1.182214e-15 1.182431e-15
01 5.604527e-03 5.604527e-03 5.604527e-03 1.474515e-17 2.602085e-17
02 5.604527e-03 5.604527e-03 5.604527e-03 1.292369e-16 1.283695e-16
03 8.364570e-03 8.364570e-03 8.364570e-03 2.255141e-16 2.289835e-16
04 1.867846e-02 1.867846e-02 1.867846e-02 1.595946e-16 1.769418e-16
05 1.998226e-02 1.998226e-02 1.998226e-02 4.059253e-16 3.712308e-16
06 1.998226e-02 1.998226e-02 1.998226e-02 3.087808e-16 2.671474e-16
07 2.019289e-02 2.019289e-02 2.019289e-02 4.787837e-16 4.926615e-16
08 3.249102e-02 3.249102e-02 3.249102e-02 4.024558e-16 3.955170e-16
09 3.360925e-02 3.360925e-02 3.360925e-02 2.636780e-16 3.261280e-16
10 3.360925e-02 3.360925e-02 3.360925e-02 3.053113e-16 3.122502e-16
11 3.488629e-02 3.488629e-02 3.488629e-02 2.359224e-16 2.359224e-16
12 4.663988e-02 4.663988e-02 4.663988e-02 4.857226e-16 5.898060e-16
13 4.820242e-02 4.820242e-02 4.820242e-02 4.371503e-16 4.996004e-16
14 4.820242e-02 4.820242e-02 4.820242e-02 1.665335e-16 2.081668e-17
15 4.983381e-02 4.983381e-02 4.983381e-02 3.816392e-16 2.914335e-16
16 6.142594e-02 6.142594e-02 6.142594e-02 2.359224e-16 2.498002e-16
17 6.335507e-02 6.335507e-02 6.335507e-02 2.359224e-16 2.775558e-16
18 6.335507e-02 6.335507e-02 6.335507e-02 3.191891e-16 2.498002e-16
19 6.536816e-02 6.536816e-02 6.536816e-02 1.526557e-16 8.326673e-17
20 7.676862e-02 7.676862e-02 7.676862e-02 1.110223e-16 5.551115e-17
21 7.904383e-02 7.904383e-02 7.904383e-02 8.326673e-17 2.220446e-16
22 7.904383e-02 7.904383e-02 7.904383e-02 1.804112e-16 1.110223e-16
23 8.140616e-02 8.140616e-02 8.140616e-02 2.081668e-16 1.804112e-16
24 9.261371e-02 9.261371e-02 9.261371e-02 1.526557e-16 2.359224e-16
25 9.521091e-02 9.521091e-02 9.521091e-02 1.942890e-16 2.081668e-16
26 9.521091e-02 9.521091e-02 9.521091e-02 3.885781e-16 3.330669e-16
27 9.789732e-02 9.789732e-02 9.789732e-02 5.134781e-16 4.440892e-16
28 1.089021e-01 1.089021e-01 1.089021e-01 1.387779e-17 1.387779e-17
29 1.117968e-01 1.117968e-01 1.117968e-01 4.440892e-16 4.163336e-16
30 1.117968e-01 1.117968e-01 1.117968e-01 5.551115e-16 5.134781e-16
31 1.147802e-01 1.147802e-01 1.147802e-01 8.881784e-16 4.024558e-16
32 1.255726e-01 1.255726e-01 1.255726e-01 5.828671e-16 4.163336e-16
33 1.287399e-01 1.287399e-01 1.287399e-01 8.326673e-17 3.330669e-16
34 1.287399e-01 1.287399e-01 1.287399e-01 5.551115e-17 2.220446e-16
35 1.319938e-01 1.319938e-01 1.319938e-01 1.387779e-16 0.000000e+00
36 1.425633e-01 1.425633e-01 1.425633e-01 5.551115e-16 8.049117e-16
37 1.459774e-01 1.459774e-01 1.459774e-01 8.326673e-17 4.996004e-16
38 1.459774e-01 1.459774e-01 1.459774e-01 2.498002e-16 4.718448e-16
39 1.494745e-01 1.494745e-01 1.494745e-01 5.828671e-16 6.661338e-16
40 1.598118e-01 1.598118e-01 1.598118e-01 8.049117e-16 3.885781e-16
41 1.634468e-01 1.634468e-01 1.634468e-01 6.106227e-16 1.110223e-16
42 1.634468e-01 1.634468e-01 1.634468e-01 2.498002e-16 2.498002e-16
43 1.671603e-01 1.671603e-01 1.671603e-01 2.775558e-16 8.326673e-17
44 1.772567e-01 1.772567e-01 1.772567e-01 5.828671e-16 6.938894e-16
45 1.810866e-01 1.810866e-01 1.810866e-01 3.885781e-16 3.885781e-16
46 1.810866e-01 1.810866e-01 1.810866e-01 3.053113e-16 8.326673e-17
47 1.849893e-01 1.849893e-01 1.849893e-01 2.220446e-16 1.110223e-16
48 1.948380e-01 1.948380e-01 1.948380e-01 5.273559e-16 3.885781e-16
49 1.988370e-01 1.988370e-01 1.988370e-01 2.775558e-17 4.718448e-16
50 1.988370e-01 1.988370e-01 1.988370e-01 2.775558e-17 2.220446e-16
51 2.029026e-01 2.029026e-01 2.029026e-01 2.775558e-17 2.775558e-16
52 2.124980e-01 2.124980e-01 2.124980e-01 2.220446e-16 3.330669e-16
53 2.166407e-01 2.166407e-01 2.166407e-01 1.110223e-15 5.551115e-16
54 2.166407e-01 2.166407e-01 2.166407e-01 1.054712e-15 1.193490e-15
55 2.208433e-01 2.208433e-01 2.208433e-01 4.996004e-16 3.053113e-16
56 2.301815e-01 2.301815e-01 2.301815e-01 1.387779e-16 4.718448e-16
57 2.344434e-01 2.344434e-01 2.344434e-01 3.330669e-16 1.110223e-16
58 2.344434e-01 2.344434e-01 2.344434e-01 1.110223e-16 4.163336e-16
59 2.387584e-01 2.387584e-01 2.387584e-01 0.000000e+00 4.163336e-16
60 2.478370e-01 2.478370e-01 2.478370e-01 8.326673e-17 4.163336e-16
61 2.521946e-01 2.521946e-01 2.521946e-01 3.885781e-16 3.885781e-16
62 2.521946e-01 2.521946e-01 2.521946e-01 3.330669e-16 3.885781e-16
63 2.565981e-01 2.565981e-01 2.565981e-01 1.054712e-15 1.110223e-15
64 2.654163e-01 2.654163e-01 2.654163e-01 3.330669e-16 0.000000e+00
65 2.698472e-01 2.698472e-01 2.698472e-01 9.436896e-16 5.551115e-16
66 2.698472e-01 2.698472e-01 2.698472e-01 2.220446e-16 1.110223e-16
67 2.743170e-01 2.743170e-01 2.743170e-01 5.551115e-16 3.885781e-16
68 2.828752e-01 2.828752e-01 2.828752e-01 3.330669e-16 8.881784e-16
69 2.873583e-01 2.873583e-01 2.873583e-01 7.771561e-16 4.440892e-16
70 2.873583e-01 2.873583e-01 2.873583e-01 3.885781e-16 0.000000e+00
71 2.918735e-01 2.918735e-01 2.918735e-01 7.216450e-16 1.276756e-15
72 3.001736e-01 3.001736e-01 3.001736e-01 5.551115e-17 8.881784e-16
73 3.046893e-01 3.046893e-01 3.046893e-01 0.000000e+00 5.551115e-17
74 3.046893e-01 3.046893e-01 3.046893e-01 5.551115e-17 1.110223e-16
75 3.092304e-01 3.092304e-01 3.092304e-01 3.885781e-16 9.992007e-16
76 3.172753e-01 3.172753e-01 3.172753e-01 2.775558e-16 3.330669e-16
77 3.218056e-01 3.218056e-01 3.218056e-01 1.998401e-15 1.054712e-15
78 3.218056e-01 3.218056e-01 3.218056e-01 1.054712e-15 1.776357e-15
79 3.263550e-01 3.263550e-01 3.263550e-01 2.775558e-16 5.551115e-16
80 3.341484e-01 3.341484e-01 3.341484e-01 6.661338e-16 2.775558e-16
81 3.386768e-01 3.386768e-01 3.386768e-01 1.110223e-16 4.440892e-16
82 3.386768e-01 3.386768e-01 3.386768e-01 6.106227e-16 2.220446e-16
83 3.432182e-01 3.432182e-01 3.432182e-01 8.881784e-16 1.054712e-15
84 3.507650e-01 3.507650e-01 3.507650e-01 7.216450e-16 1.110223e-16
85 3.552764e-01 3.552764e-01 3.552764e-01 7.216450e-16 1.276756e-15
86 3.552764e-01 3.552764e-01 3.552764e-01 1.276756e-15 7.771561e-16
87 3.597955e-01 3.597955e-01 3.597955e-01 8.881784e-16 1.554312e-15
88 3.671009e-01 3.671009e-01 3.671009e-01 7.216450e-16 9.992007e-16
89 3.715821e-01 3.715821e-01 3.715821e-01 8.326673e-16 5.551115e-16
90 3.715821e-01 3.715821e-01 3.715821e-01 1.110223e-16 6.106227e-16
91 3.760657e-01 3.760657e-01 3.760657e-01 3.330669e-16 3.330669e-16
92 3.831358e-01 3.831358e-01 3.831358e-01 0.000000e+00 1.110223e-16
93 3.875748e-01 3.875748e-01 3.875748e-01 5.551115e-16 3.885781e-16
94 3.875748e-01 3.875748e-01 3.875748e-01 2.220446e-16 3.885781e-16
95 3.920116e-01 3.920116e-01 3.920116e-01 7.771561e-16 1.665335e-15
96 3.988528e-01 3.988528e-01 3.988528e-01 5.551115e-17 2.220446e-16
97 4.032392e-01 4.032392e-01 4.032392e-01 3.330669e-16 1.110223e-16
98 4.032392e-01 4.032392e-01 4.032392e-01 2.220446e-16 6.106227e-16
99 4.076193e-01 4.076193e-01 4.076193e-01 7.771561e-16 7.771561e-16
100 4.142382e-01 4.142382e-01 4.142382e-01 1.942890e-15 1.498801e-15
101 4.185629e-01 4.185629e-01 4.185629e-01 7.216450e-16 4.440892e-16
102 4.185629e-01 4.185629e-01 4.185629e-01 8.992806e-15 9.436896e-15
103 4.228776e-01 4.228776e-01 4.228776e-01 7.549517e-15 8.604228e-15
104 4.292813e-01 4.292813e-01 4.292813e-01 1.953993e-14 1.926237e-14
105 4.335367e-01 4.335367e-01 4.335367e-01 4.601874e-14 4.662937e-14
106 4.335367e-01 4.335367e-01 4.335367e-01 6.371570e-13 6.377676e-13
107 4.377787e-01 4.377787e-01 4.377787e-01 7.149281e-13 7.149836e-13
108 4.439743e-01 4.439743e-01 4.439743e-01 1.918243e-12 1.917189e-12
109 4.481537e-01 4.481537e-01 4.481537e-01 6.364909e-13 6.377676e-13
110 4.481537e-01 4.481537e-01 4.481537e-01 3.844869e-12 3.844425e-12
111 4.523169e-01 4.523169e-01 4.523169e-01 8.930157e-11 8.930112e-11
112 4.583115e-01 4.583115e-01 4.583115e-01 4.457129e-11 4.457140e-11
113 4.624096e-01 4.624096e-01 4.624096e-01 1.047229e-10 1.047220e-10
114 4.624096e-01 4.624096e-01 4.624096e-01 2.977620e-10 2.977616e-10
115 4.664889e-01 4.664889e-01 4.664889e-01 2.757201e-10 2.757196e-10
116 4.722899e-01 4.722899e-01 4.722899e-01 1.441880e-09 1.441880e-09
117 4.763021e-01 4.763021e-01 4.763021e-01 7.230211e-10 7.230208e-10
118 4.763021e-01 4.763021e-01 4.763021e-01 2.197482e-09 2.197482e-09
119 4.802936e-01 4.802936e-01 4.802936e-01 7.718859e-09 7.718859e-09
120 4.859079e-01 4.859079e-01 4.859079e-01 9.515231e-09 9.515232e-09
121 4.898309e-01 4.898309e-01 4.898309e-01 1.140716e-08 1.140716e-08
122 4.898310e-01 4.898309e-01 4.898309e-01 8.249242e-08 8.249242e-08
123 4.937315e-01 4.937313e-01 4.937313e-01 1.602580e-07 1.602580e-07
124 4.991666e-01 4.991661e-01 4.991661e-01 4.756581e-07 4.756581e-07
125 5.029974e-01 5.029972e-01 5.029972e-01 2.095396e-07 2.095396e-07
126 5.029983e-01 5.029972e-01 5.029972e-01 1.144275e-06 1.144275e-06
127 5.068054e-01 5.068042e-01 5.068042e-01 1.136430e-06 1.136430e-06
128 5.120698e-01 5.120665e-01 5.120665e-01 3.304379e-06 3.304379e-06
129 5.158066e-01 5.158036e-01 5.158036e-01 3.015423e-06 3.015423e-06
130 5.158110e-01 5.158036e-01 5.158036e-01 7.423127e-06 7.423127e-06
131 5.195192e-01 5.195157e-01 5.195157e-01 3.537538e-06 3.537538e-06
132 5.246493e-01 5.246120e-01 5.246120e-01 3.722655e-05 3.722655e-05
133 5.282795e-01 5.282541e-01 5.282541e-01 2.543543e-05 2.543543e-05
134 5.284643e-01 5.282541e-01 5.282541e-01 2.101894e-04 2.101894e-04
135 5.319251e-01 5.318701e-01 5.318701e-01 5.494996e-05 5.494996e-05
136 5.369345e-01 5.368072e-01 5.368072e-01 1.272449e-04 1.272449e-04
137 5.404074e-01 5.403535e-01 5.403535e-01 5.388621e-05 5.388621e-05
138 5.407700e-01 5.403535e-01 5.403535e-01 4.165000e-04 4.165000e-04
139 5.444014e-01 5.438730e-01 5.438730e-01 5.283767e-04 5.283767e-04
140 5.506342e-01 5.486573e-01 5.486573e-01 1.976920e-03 1.976920e-03
141 5.540398e-01 5.521076e-01 5.521076e-01 1.932272e-03 1.932272e-03
142 5.558889e-01 5.521076e-01 5.521076e-01 3.781299e-03 3.781299e-03
143 5.648156e-01 5.555307e-01 5.555307e-01 9.284893e-03 9.284893e-03
