# Hello World! This is dune-eigensolver.
# hardware number of threads is 128 number of threads used is 1
# 8 8
# Smallest eigenvalues convergence test

#  n: 67600 A.N(): 67600 br: 1
# GeneralizedInverse:  time_total=3.945878e+01 time_factorization=3.180654e-01 iterations=64

# Arpack: time_total=1.576022e+01 iterations=1

# Eigensolver elapsed time 3.946330e+01

# N=67600 M=144 ACCURACY=5.000000e-01 TOL=1.000000e-02 THRESHOLD=9.000000e-02 ESARERROR=5.264732e-01 ARPERROR=6.589064e-03 ESANERROR=1.387779e-15 TIMERATIO= 2.503981e+00 \\

## gen: ftw     ARP-SMALL-TOL  ARPACK-TOL  ES-ARP-SMALL  ES-AR ERROR
00 1.340941e-15 -1.025655e-16 -1.027824e-16 1.443507e-15 1.443724e-15
01 5.604527e-03 5.604527e-03 5.604527e-03 9.627715e-17 1.075529e-16
02 5.604527e-03 5.604527e-03 5.604527e-03 6.938894e-17 7.025630e-17
03 8.364570e-03 8.364570e-03 8.364570e-03 1.318390e-16 1.353084e-16
04 1.867868e-02 1.867846e-02 1.867846e-02 2.223172e-07 2.223172e-07
05 1.998594e-02 1.998226e-02 1.998226e-02 3.680555e-06 3.680555e-06
06 2.006376e-02 1.998226e-02 1.998226e-02 8.150048e-05 8.150048e-05
07 2.010749e-02 2.019289e-02 2.019289e-02 8.540335e-05 8.540335e-05
08 3.252501e-02 3.249102e-02 3.249102e-02 3.399819e-05 3.399819e-05
09 3.357899e-02 3.360925e-02 3.360925e-02 3.025959e-05 3.025959e-05
10 3.360966e-02 3.360925e-02 3.360925e-02 4.100078e-07 4.100078e-07
11 3.488214e-02 3.488629e-02 3.488629e-02 4.148613e-06 4.148613e-06
12 4.664442e-02 4.663988e-02 4.663988e-02 4.538282e-06 4.538282e-06
13 4.820246e-02 4.820242e-02 4.820242e-02 4.404683e-08 4.404683e-08
14 4.821642e-02 4.820242e-02 4.820242e-02 1.400178e-05 1.400178e-05
15 4.981523e-02 4.983381e-02 4.983381e-02 1.858410e-05 1.858410e-05
16 6.143777e-02 6.142594e-02 6.142594e-02 1.183340e-05 1.183340e-05
17 6.348118e-02 6.335507e-02 6.335507e-02 1.261181e-04 1.261181e-04
18 6.378964e-02 6.335507e-02 6.335507e-02 4.345786e-04 4.345786e-04
19 6.479563e-02 6.536816e-02 6.536816e-02 5.725301e-04 5.725301e-04
20 7.677575e-02 7.676862e-02 7.676862e-02 7.126730e-06 7.126730e-06
21 7.907221e-02 7.904383e-02 7.904383e-02 2.837395e-05 2.837395e-05
22 7.921036e-02 7.904383e-02 7.904383e-02 1.665225e-04 1.665225e-04
23 8.120414e-02 8.140616e-02 8.140616e-02 2.020228e-04 2.020228e-04
24 9.316085e-02 9.261371e-02 9.261371e-02 5.471347e-04 5.471347e-04
25 9.497435e-02 9.521091e-02 9.521091e-02 2.365576e-04 2.365576e-04
26 9.507968e-02 9.521091e-02 9.521091e-02 1.312272e-04 1.312272e-04
27 9.771862e-02 9.789732e-02 9.789732e-02 1.786923e-04 1.786923e-04
28 1.089473e-01 1.089021e-01 1.089021e-01 4.523185e-05 4.523185e-05
29 1.117940e-01 1.117968e-01 1.117968e-01 2.779650e-06 2.779650e-06
30 1.122104e-01 1.117968e-01 1.117968e-01 4.135581e-04 4.135581e-04
31 1.143366e-01 1.147802e-01 1.147802e-01 4.435579e-04 4.435579e-04
32 1.269205e-01 1.255726e-01 1.255726e-01 1.347838e-03 1.347838e-03
33 1.281374e-01 1.287399e-01 1.287399e-01 6.025102e-04 6.025102e-04
34 1.284022e-01 1.287399e-01 1.287399e-01 3.376809e-04 3.376809e-04
35 1.315757e-01 1.319938e-01 1.319938e-01 4.180548e-04 4.180548e-04
36 1.425875e-01 1.425633e-01 1.425633e-01 2.419899e-05 2.419899e-05
37 1.459905e-01 1.459774e-01 1.459774e-01 1.309926e-05 1.309926e-05
38 1.467867e-01 1.459774e-01 1.459774e-01 8.093134e-04 8.093134e-04
39 1.486274e-01 1.494745e-01 1.494745e-01 8.471792e-04 8.471792e-04
40 1.607316e-01 1.598118e-01 1.598118e-01 9.197434e-04 9.197434e-04
41 1.633941e-01 1.634468e-01 1.634468e-01 5.272273e-05 5.272273e-05
42 1.637068e-01 1.634468e-01 1.634468e-01 2.599628e-04 2.599628e-04
43 1.662095e-01 1.671603e-01 1.671603e-01 9.507717e-04 9.507717e-04
44 1.772979e-01 1.772567e-01 1.772567e-01 4.120707e-05 4.120707e-05
45 1.810963e-01 1.810866e-01 1.810866e-01 9.697345e-06 9.697345e-06
46 1.822772e-01 1.810866e-01 1.810866e-01 1.190560e-03 1.190560e-03
47 1.835765e-01 1.849893e-01 1.849893e-01 1.412866e-03 1.412866e-03
48 1.952420e-01 1.948380e-01 1.948380e-01 4.039789e-04 4.039789e-04
49 1.988421e-01 1.988370e-01 1.988370e-01 5.088368e-06 5.088368e-06
50 1.988854e-01 1.988370e-01 1.988370e-01 4.845557e-05 4.845557e-05
51 2.024432e-01 2.029026e-01 2.029026e-01 4.593751e-04 4.593751e-04
52 2.135343e-01 2.124980e-01 2.124980e-01 1.036306e-03 1.036306e-03
53 2.159909e-01 2.166407e-01 2.166407e-01 6.497505e-04 6.497505e-04
54 2.189074e-01 2.166407e-01 2.166407e-01 2.266778e-03 2.266778e-03
55 2.209757e-01 2.208433e-01 2.208433e-01 1.323392e-04 1.323392e-04
56 2.278761e-01 2.301815e-01 2.301815e-01 2.305453e-03 2.305453e-03
57 2.341121e-01 2.344434e-01 2.344434e-01 3.313832e-04 3.313832e-04
58 2.365721e-01 2.344434e-01 2.344434e-01 2.128623e-03 2.128623e-03
59 2.380793e-01 2.387584e-01 2.387584e-01 6.790799e-04 6.790799e-04
60 2.482691e-01 2.478370e-01 2.478370e-01 4.320820e-04 4.320820e-04
61 2.507419e-01 2.521946e-01 2.521946e-01 1.452637e-03 1.452637e-03
62 2.520204e-01 2.521946e-01 2.521946e-01 1.741523e-04 1.741523e-04
63 2.568914e-01 2.565981e-01 2.565981e-01 2.932442e-04 2.932442e-04
64 2.660306e-01 2.654163e-01 2.654163e-01 6.142566e-04 6.142566e-04
65 2.693029e-01 2.698472e-01 2.698472e-01 5.442393e-04 5.442393e-04
66 2.693876e-01 2.698472e-01 2.698472e-01 4.595562e-04 4.595562e-04
67 2.741792e-01 2.743170e-01 2.743170e-01 1.377468e-04 1.377468e-04
68 2.832680e-01 2.828752e-01 2.828752e-01 3.927901e-04 3.927901e-04
69 2.871944e-01 2.873583e-01 2.873583e-01 1.639575e-04 1.639575e-04
70 2.874195e-01 2.873583e-01 2.873583e-01 6.122191e-05 6.122191e-05
71 2.915601e-01 2.918735e-01 2.918735e-01 3.133893e-04 3.133893e-04
72 3.029014e-01 3.001736e-01 3.001736e-01 2.727823e-03 2.727823e-03
73 3.030758e-01 3.046893e-01 3.046893e-01 1.613537e-03 1.613537e-03
74 3.048064e-01 3.046893e-01 3.046893e-01 1.170532e-04 1.170532e-04
75 3.103443e-01 3.092304e-01 3.092304e-01 1.113902e-03 1.113902e-03
76 3.153302e-01 3.172753e-01 3.172753e-01 1.945074e-03 1.945074e-03
77 3.222838e-01 3.218056e-01 3.218056e-01 4.782439e-04 4.782439e-04
78 3.272185e-01 3.218056e-01 3.218056e-01 5.412937e-03 5.412937e-03
79 3.277702e-01 3.263550e-01 3.263550e-01 1.415235e-03 1.415235e-03
80 3.327742e-01 3.341484e-01 3.341484e-01 1.374293e-03 1.374293e-03
81 3.330975e-01 3.386768e-01 3.386768e-01 5.579286e-03 5.579286e-03
82 3.389541e-01 3.386768e-01 3.386768e-01 2.773031e-04 2.773031e-04
83 3.426494e-01 3.432182e-01 3.432182e-01 5.688186e-04 5.688186e-04
84 3.505034e-01 3.507650e-01 3.507650e-01 2.616453e-04 2.616453e-04
85 3.553574e-01 3.552764e-01 3.552764e-01 8.092805e-05 8.092805e-05
86 3.555974e-01 3.552764e-01 3.552764e-01 3.210154e-04 3.210154e-04
87 3.600869e-01 3.597955e-01 3.597955e-01 2.914860e-04 2.914860e-04
88 3.695960e-01 3.671009e-01 3.671009e-01 2.495075e-03 2.495075e-03
89 3.709631e-01 3.715821e-01 3.715821e-01 6.189759e-04 6.189759e-04
90 3.725643e-01 3.715821e-01 3.715821e-01 9.822339e-04 9.822339e-04
91 3.730069e-01 3.760657e-01 3.760657e-01 3.058801e-03 3.058801e-03
92 3.829188e-01 3.831358e-01 3.831358e-01 2.170224e-04 2.170224e-04
93 3.879044e-01 3.875748e-01 3.875748e-01 3.296493e-04 3.296493e-04
94 3.941639e-01 3.875748e-01 3.875748e-01 6.589064e-03 6.589064e-03
95 3.942474e-01 3.920116e-01 3.920116e-01 2.235718e-03 2.235718e-03
96 3.943546e-01 3.988528e-01 3.988528e-01 4.498208e-03 4.498208e-03
97 4.006598e-01 4.032392e-01 4.032392e-01 2.579389e-03 2.579389e-03
98 4.015228e-01 4.032392e-01 4.032392e-01 1.716413e-03 1.716413e-03
99 4.099578e-01 4.076193e-01 4.076193e-01 2.338542e-03 2.338542e-03
100 4.132742e-01 4.142382e-01 4.142382e-01 9.640374e-04 9.640374e-04
101 4.187501e-01 4.185629e-01 4.185629e-01 1.871218e-04 1.871218e-04
102 4.198574e-01 4.185629e-01 4.185629e-01 1.294470e-03 1.294470e-03
103 4.252710e-01 4.228776e-01 4.228776e-01 2.393341e-03 2.393341e-03
104 4.284880e-01 4.292813e-01 4.292813e-01 7.933591e-04 7.933591e-04
105 4.303979e-01 4.335367e-01 4.335367e-01 3.138740e-03 3.138740e-03
106 4.350035e-01 4.335367e-01 4.335367e-01 1.466860e-03 1.466860e-03
107 4.366728e-01 4.377787e-01 4.377787e-01 1.105944e-03 1.105944e-03
108 4.436291e-01 4.439743e-01 4.439743e-01 3.452036e-04 3.452036e-04
109 4.496081e-01 4.481537e-01 4.481537e-01 1.454404e-03 1.454404e-03
110 4.498987e-01 4.481537e-01 4.481537e-01 1.745052e-03 1.745052e-03
111 4.558435e-01 4.523169e-01 4.523169e-01 3.526659e-03 3.526659e-03
112 4.596749e-01 4.583115e-01 4.583115e-01 1.363390e-03 1.363390e-03
113 4.608459e-01 4.624096e-01 4.624096e-01 1.563682e-03 1.563682e-03
114 4.649724e-01 4.624096e-01 4.624096e-01 2.562856e-03 2.562856e-03
115 4.656651e-01 4.664889e-01 4.664889e-01 8.238579e-04 8.238579e-04
116 4.671054e-01 4.722899e-01 4.722899e-01 5.184459e-03 5.184459e-03
117 4.757153e-01 4.763021e-01 4.763021e-01 5.867788e-04 5.867788e-04
118 4.784533e-01 4.763021e-01 4.763021e-01 2.151223e-03 2.151223e-03
119 4.793495e-01 4.802936e-01 4.802936e-01 9.440352e-04 9.440352e-04
120 4.821653e-01 4.859079e-01 4.859079e-01 3.742663e-03 3.742663e-03
121 4.910382e-01 4.898309e-01 4.898309e-01 1.207346e-03 1.207346e-03
122 4.912642e-01 4.898309e-01 4.898309e-01 1.433357e-03 1.433357e-03
123 4.927736e-01 4.937313e-01 4.937313e-01 9.577568e-04 9.577568e-04
124 5.041337e-01 4.991661e-01 4.991661e-01 4.967543e-03 4.967543e-03
125 5.042577e-01 5.029972e-01 5.029972e-01 1.260538e-03 1.260538e-03
126 5.043619e-01 5.029972e-01 5.029972e-01 1.364700e-03 1.364700e-03
127 5.059419e-01 5.068042e-01 5.068042e-01 8.623333e-04 8.623333e-04
128 5.097880e-01 5.120665e-01 5.120665e-01 2.278469e-03 2.278469e-03
129 5.155403e-01 5.158036e-01 5.158036e-01 2.632975e-04 2.632975e-04
130 5.183702e-01 5.158036e-01 5.158036e-01 2.566531e-03 2.566531e-03
131 5.202205e-01 5.195157e-01 5.195157e-01 7.048016e-04 7.048016e-04
132 5.226061e-01 5.246120e-01 5.246120e-01 2.005919e-03 2.005919e-03
133 5.262536e-01 5.282541e-01 5.282541e-01 2.000509e-03 2.000509e-03
134 5.295749e-01 5.282541e-01 5.282541e-01 1.320758e-03 1.320758e-03
135 5.328072e-01 5.318701e-01 5.318701e-01 9.370958e-04 9.370958e-04
136 5.364381e-01 5.368072e-01 5.368072e-01 3.690908e-04 3.690908e-04
137 5.377353e-01 5.403535e-01 5.403535e-01 2.618234e-03 2.618234e-03
138 5.419881e-01 5.403535e-01 5.403535e-01 1.634561e-03 1.634561e-03
139 5.471582e-01 5.438730e-01 5.438730e-01 3.285121e-03 3.285121e-03
140 5.474599e-01 5.486573e-01 5.486573e-01 1.197403e-03 1.197403e-03
141 5.532934e-01 5.521076e-01 5.521076e-01 1.185862e-03 1.185862e-03
142 5.543880e-01 5.521076e-01 5.521076e-01 2.280407e-03 2.280407e-03
143 5.554150e-01 5.555307e-01 5.555307e-01 1.157140e-04 1.157140e-04
