# Hello World! This is dune-eigensolver.
# hardware number of threads is 128 number of threads used is 1
# 8 8
# Smallest eigenvalues convergence test

#  n: 67600 A.N(): 67600 br: 1
# GeneralizedInverse:  time_total=7.892829e+01 time_factorization=3.190709e-01 iterations=127

# Arpack: time_total=1.576332e+01 iterations=1

# Eigensolver elapsed time 7.893270e+01

# N=67600 M=144 ACCURACY=7.500000e-01 TOL=1.000000e-02 THRESHOLD=9.000000e-02 ESARERROR=5.256735e-01 ARPERROR=4.194438e-03 ESANERROR=1.387779e-15 TIMERATIO= 5.007365e+00 \\

## gen: ftw     ARP-SMALL-TOL  ARPACK-TOL  ES-ARP-SMALL  ES-AR ERROR
00 1.343977e-15 -1.025655e-16 -1.027824e-16 1.446543e-15 1.446759e-15
01 5.604527e-03 5.604527e-03 5.604527e-03 1.517883e-16 1.630640e-16
02 5.604527e-03 5.604527e-03 5.604527e-03 7.806256e-17 7.892992e-17
03 8.364570e-03 8.364570e-03 8.364570e-03 2.567391e-16 2.602085e-16
04 1.867846e-02 1.867846e-02 1.867846e-02 3.760907e-11 3.760905e-11
05 1.999492e-02 1.998226e-02 1.998226e-02 1.265892e-05 1.265892e-05
06 2.001435e-02 1.998226e-02 1.998226e-02 3.208858e-05 3.208858e-05
07 2.014814e-02 2.019289e-02 2.019289e-02 4.474753e-05 4.474753e-05
08 3.249157e-02 3.249102e-02 3.249102e-02 5.587212e-07 5.587212e-07
09 3.360873e-02 3.360925e-02 3.360925e-02 5.207311e-07 5.207311e-07
10 3.360925e-02 3.360925e-02 3.360925e-02 4.205807e-09 4.205807e-09
11 3.488625e-02 3.488629e-02 3.488629e-02 4.219593e-08 4.219593e-08
12 4.663996e-02 4.663988e-02 4.663988e-02 7.800718e-08 7.800718e-08
13 4.820242e-02 4.820242e-02 4.820242e-02 6.680694e-10 6.680693e-10
14 4.820265e-02 4.820242e-02 4.820242e-02 2.280729e-07 2.280729e-07
15 4.983351e-02 4.983381e-02 4.983381e-02 3.067481e-07 3.067481e-07
16 6.142614e-02 6.142594e-02 6.142594e-02 2.055608e-07 2.055608e-07
17 6.335776e-02 6.335507e-02 6.335507e-02 2.690978e-06 2.690978e-06
18 6.336833e-02 6.335507e-02 6.335507e-02 1.326632e-05 1.326632e-05
19 6.535200e-02 6.536816e-02 6.536816e-02 1.616286e-05 1.616286e-05
20 7.676878e-02 7.676862e-02 7.676862e-02 1.605519e-07 1.605519e-07
21 7.904469e-02 7.904383e-02 7.904383e-02 8.579333e-07 8.579333e-07
22 7.904846e-02 7.904383e-02 7.904383e-02 4.625395e-06 4.625395e-06
23 8.140052e-02 8.140616e-02 8.140616e-02 5.643880e-06 5.643880e-06
24 9.263469e-02 9.261371e-02 9.261371e-02 2.098216e-05 2.098216e-05
25 9.520339e-02 9.521091e-02 9.521091e-02 7.519536e-06 7.519536e-06
26 9.520341e-02 9.521091e-02 9.521091e-02 7.503461e-06 7.503461e-06
27 9.789136e-02 9.789732e-02 9.789732e-02 5.959161e-06 5.959161e-06
28 1.089038e-01 1.089021e-01 1.089021e-01 1.729924e-06 1.729924e-06
29 1.117967e-01 1.117968e-01 1.117968e-01 1.024643e-07 1.024643e-07
30 1.118152e-01 1.117968e-01 1.117968e-01 1.833706e-05 1.833706e-05
31 1.147602e-01 1.147802e-01 1.147802e-01 1.996451e-05 1.996451e-05
32 1.264579e-01 1.255726e-01 1.255726e-01 8.853249e-04 8.853249e-04
33 1.279158e-01 1.287399e-01 1.287399e-01 8.240158e-04 8.240158e-04
34 1.286959e-01 1.287399e-01 1.287399e-01 4.394823e-05 4.394823e-05
35 1.319764e-01 1.319938e-01 1.319938e-01 1.736073e-05 1.736073e-05
36 1.425646e-01 1.425633e-01 1.425633e-01 1.271026e-06 1.271026e-06
37 1.459780e-01 1.459774e-01 1.459774e-01 6.237367e-07 6.237367e-07
38 1.460323e-01 1.459774e-01 1.459774e-01 5.487520e-05 5.487520e-05
39 1.494178e-01 1.494745e-01 1.494745e-01 5.677009e-05 5.677009e-05
40 1.598813e-01 1.598118e-01 1.598118e-01 6.947472e-05 6.947472e-05
41 1.634282e-01 1.634468e-01 1.634468e-01 1.865824e-05 1.865824e-05
42 1.634844e-01 1.634468e-01 1.634468e-01 3.759445e-05 3.759445e-05
43 1.670720e-01 1.671603e-01 1.671603e-01 8.833231e-05 8.833231e-05
44 1.772667e-01 1.772567e-01 1.772567e-01 1.000243e-05 1.000243e-05
45 1.810867e-01 1.810866e-01 1.810866e-01 5.718865e-08 5.718865e-08
46 1.815061e-01 1.810866e-01 1.810866e-01 4.194773e-04 4.194773e-04
47 1.845597e-01 1.849893e-01 1.849893e-01 4.296114e-04 4.296114e-04
48 1.948728e-01 1.948380e-01 1.948380e-01 3.472477e-05 3.472477e-05
49 1.988363e-01 1.988370e-01 1.988370e-01 6.520310e-07 6.520310e-07
50 1.988395e-01 1.988370e-01 1.988370e-01 2.561521e-06 2.561521e-06
51 2.028660e-01 2.029026e-01 2.029026e-01 3.663711e-05 3.663711e-05
52 2.125998e-01 2.124980e-01 2.124980e-01 1.018436e-04 1.018436e-04
53 2.165746e-01 2.166407e-01 2.166407e-01 6.603758e-05 6.603758e-05
54 2.170935e-01 2.166407e-01 2.166407e-01 4.528284e-04 4.528284e-04
55 2.203661e-01 2.208433e-01 2.208433e-01 4.771993e-04 4.771993e-04
56 2.302072e-01 2.301815e-01 2.301815e-01 2.569170e-05 2.569170e-05
57 2.344126e-01 2.344434e-01 2.344434e-01 3.087234e-05 3.087234e-05
58 2.347468e-01 2.344434e-01 2.344434e-01 3.033571e-04 3.033571e-04
59 2.384587e-01 2.387584e-01 2.387584e-01 2.997206e-04 2.997206e-04
60 2.480609e-01 2.478370e-01 2.478370e-01 2.238600e-04 2.238600e-04
61 2.519814e-01 2.521946e-01 2.521946e-01 2.132049e-04 2.132049e-04
62 2.522193e-01 2.521946e-01 2.521946e-01 2.475050e-05 2.475050e-05
63 2.565565e-01 2.565981e-01 2.565981e-01 4.165648e-05 4.165648e-05
64 2.655084e-01 2.654163e-01 2.654163e-01 9.207796e-05 9.207796e-05
65 2.697868e-01 2.698472e-01 2.698472e-01 6.032607e-05 6.032607e-05
66 2.698308e-01 2.698472e-01 2.698472e-01 1.633369e-05 1.633369e-05
67 2.742992e-01 2.743170e-01 2.743170e-01 1.781675e-05 1.781675e-05
68 2.829479e-01 2.828752e-01 2.828752e-01 7.264114e-05 7.264114e-05
69 2.873328e-01 2.873583e-01 2.873583e-01 2.551752e-05 2.551752e-05
70 2.873554e-01 2.873583e-01 2.873583e-01 2.961603e-06 2.961603e-06
71 2.918294e-01 2.918735e-01 2.918735e-01 4.405654e-05 4.405654e-05
72 3.023170e-01 3.001736e-01 3.001736e-01 2.143451e-03 2.143451e-03
73 3.031744e-01 3.046893e-01 3.046893e-01 1.514869e-03 1.514869e-03
74 3.041311e-01 3.046893e-01 3.046893e-01 5.582337e-04 5.582337e-04
75 3.098707e-01 3.092304e-01 3.092304e-01 6.402457e-04 6.402457e-04
76 3.166471e-01 3.172753e-01 3.172753e-01 6.281832e-04 6.281832e-04
77 3.218327e-01 3.218056e-01 3.218056e-01 2.715222e-05 2.715222e-05
78 3.224206e-01 3.218056e-01 3.218056e-01 6.149841e-04 6.149841e-04
79 3.264947e-01 3.263550e-01 3.263550e-01 1.397608e-04 1.397608e-04
80 3.342568e-01 3.341484e-01 3.341484e-01 1.083913e-04 1.083913e-04
81 3.377571e-01 3.386768e-01 3.386768e-01 9.196674e-04 9.196674e-04
82 3.387697e-01 3.386768e-01 3.386768e-01 9.291040e-05 9.291040e-05
83 3.430908e-01 3.432182e-01 3.432182e-01 1.274403e-04 1.274403e-04
84 3.507501e-01 3.507650e-01 3.507650e-01 1.495758e-05 1.495758e-05
85 3.552910e-01 3.552764e-01 3.552764e-01 1.455236e-05 1.455236e-05
86 3.553481e-01 3.552764e-01 3.552764e-01 7.166667e-05 7.166667e-05
87 3.597500e-01 3.597955e-01 3.597955e-01 4.549462e-05 4.549462e-05
88 3.688085e-01 3.671009e-01 3.671009e-01 1.707595e-03 1.707595e-03
89 3.710610e-01 3.715821e-01 3.715821e-01 5.210371e-04 5.210371e-04
90 3.719290e-01 3.715821e-01 3.715821e-01 3.469439e-04 3.469439e-04
91 3.745216e-01 3.760657e-01 3.760657e-01 1.544098e-03 1.544098e-03
92 3.831195e-01 3.831358e-01 3.831358e-01 1.634525e-05 1.634525e-05
93 3.876325e-01 3.875748e-01 3.875748e-01 5.772464e-05 5.772464e-05
94 3.895211e-01 3.875748e-01 3.875748e-01 1.946305e-03 1.946305e-03
95 3.935593e-01 3.920116e-01 3.920116e-01 1.547703e-03 1.547703e-03
96 3.983571e-01 3.988528e-01 3.988528e-01 4.957540e-04 4.957540e-04
97 4.013478e-01 4.032392e-01 4.032392e-01 1.891386e-03 1.891386e-03
98 4.021002e-01 4.032392e-01 4.032392e-01 1.138959e-03 1.138959e-03
99 4.104285e-01 4.076193e-01 4.076193e-01 2.809215e-03 2.809215e-03
100 4.116328e-01 4.142382e-01 4.142382e-01 2.605390e-03 2.605390e-03
101 4.202715e-01 4.185629e-01 4.185629e-01 1.708527e-03 1.708527e-03
102 4.203087e-01 4.185629e-01 4.185629e-01 1.745769e-03 1.745769e-03
103 4.228987e-01 4.228776e-01 4.228776e-01 2.110213e-05 2.110213e-05
104 4.272308e-01 4.292813e-01 4.292813e-01 2.050573e-03 2.050573e-03
105 4.322988e-01 4.335367e-01 4.335367e-01 1.237874e-03 1.237874e-03
106 4.344348e-01 4.335367e-01 4.335367e-01 8.981465e-04 8.981465e-04
107 4.365314e-01 4.377787e-01 4.377787e-01 1.247341e-03 1.247341e-03
108 4.439407e-01 4.439743e-01 4.439743e-01 3.355217e-05 3.355217e-05
109 4.484406e-01 4.481537e-01 4.481537e-01 2.869594e-04 2.869594e-04
110 4.486966e-01 4.481537e-01 4.481537e-01 5.429664e-04 5.429664e-04
111 4.520153e-01 4.523169e-01 4.523169e-01 3.015475e-04 3.015475e-04
112 4.596245e-01 4.583115e-01 4.583115e-01 1.312922e-03 1.312922e-03
113 4.610604e-01 4.624096e-01 4.624096e-01 1.349204e-03 1.349204e-03
114 4.631270e-01 4.624096e-01 4.624096e-01 7.174774e-04 7.174774e-04
115 4.681654e-01 4.664889e-01 4.664889e-01 1.676421e-03 1.676421e-03
116 4.698565e-01 4.722899e-01 4.722899e-01 2.433407e-03 2.433407e-03
117 4.764863e-01 4.763021e-01 4.763021e-01 1.842098e-04 1.842098e-04
118 4.765246e-01 4.763021e-01 4.763021e-01 2.225346e-04 2.225346e-04
119 4.826634e-01 4.802936e-01 4.802936e-01 2.369801e-03 2.369801e-03
120 4.826847e-01 4.859079e-01 4.859079e-01 3.223250e-03 3.223250e-03
121 4.900538e-01 4.898309e-01 4.898309e-01 2.229038e-04 2.229038e-04
122 4.916781e-01 4.898309e-01 4.898309e-01 1.847185e-03 1.847185e-03
123 4.919358e-01 4.937313e-01 4.937313e-01 1.795566e-03 1.795566e-03
124 5.010893e-01 4.991661e-01 4.991661e-01 1.923192e-03 1.923192e-03
125 5.031149e-01 5.029972e-01 5.029972e-01 1.177050e-04 1.177050e-04
126 5.036799e-01 5.029972e-01 5.029972e-01 6.827401e-04 6.827401e-04
127 5.046906e-01 5.068042e-01 5.068042e-01 2.113653e-03 2.113653e-03
128 5.126078e-01 5.120665e-01 5.120665e-01 5.413667e-04 5.413667e-04
129 5.148648e-01 5.158036e-01 5.158036e-01 9.388690e-04 9.388690e-04
130 5.169210e-01 5.158036e-01 5.158036e-01 1.117387e-03 1.117387e-03
131 5.188886e-01 5.195157e-01 5.195157e-01 6.270487e-04 6.270487e-04
132 5.250192e-01 5.246120e-01 5.246120e-01 4.071914e-04 4.071914e-04
133 5.284566e-01 5.282541e-01 5.282541e-01 2.025441e-04 2.025441e-04
134 5.293451e-01 5.282541e-01 5.282541e-01 1.091033e-03 1.091033e-03
135 5.304268e-01 5.318701e-01 5.318701e-01 1.443335e-03 1.443335e-03
136 5.364556e-01 5.368072e-01 5.368072e-01 3.515962e-04 3.515962e-04
137 5.399443e-01 5.403535e-01 5.403535e-01 4.091840e-04 4.091840e-04
138 5.405467e-01 5.403535e-01 5.403535e-01 1.932015e-04 1.932015e-04
139 5.480675e-01 5.438730e-01 5.438730e-01 4.194438e-03 4.194438e-03
140 5.481164e-01 5.486573e-01 5.486573e-01 5.408403e-04 5.408403e-04
141 5.520248e-01 5.521076e-01 5.521076e-01 8.274895e-05 8.274895e-05
142 5.520314e-01 5.521076e-01 5.521076e-01 7.616955e-05 7.616955e-05
143 5.546152e-01 5.555307e-01 5.555307e-01 9.154266e-04 9.154266e-04
