# Hello World! This is dune-eigensolver.
# hardware number of threads is 128 number of threads used is 1
# 8 8
# Smallest eigenvalues convergence test

#  n: 67600 A.N(): 67600 br: 1
# GeneralizedSymmetricStewart:  time_total=6.480550e+00 time_factorization=3.188464e-01 time_eigendecomposition=1.204745e-02 time_matmul_dense=9.849846e-02 iterations=8

# Arpack: time_total=1.549509e+01 iterations=1

# Eigensolver elapsed time 6.485323e+00

# N=67600 M=144 ACCURACY=7.500000e-01 TOL=2.000000e-02 THRESHOLD=9.000000e-02 ESARERROR=8.326999e-01 ARPERROR=3.061109e-01 ESANERROR=1.387779e-15 TIMERATIO= 4.185404e-01 \\

## gen: stw     ARP-SMALL-TOL  ARPACK-TOL  ES-ARP-SMALL  ES-AR ERROR
00 8.456777e-16 -1.025655e-16 -1.027824e-16 9.482432e-16 9.484601e-16
01 5.604527e-03 5.604527e-03 5.604527e-03 8.231263e-16 8.344020e-16
02 5.604527e-03 5.604527e-03 5.604527e-03 1.327063e-16 1.335737e-16
03 8.364570e-03 8.364570e-03 8.364570e-03 2.428613e-17 2.081668e-17
04 1.867846e-02 1.867846e-02 1.867846e-02 7.285839e-17 5.551115e-17
05 1.998226e-02 1.998226e-02 1.998226e-02 1.838807e-16 1.491862e-16
06 1.998226e-02 1.998226e-02 1.998226e-02 2.740863e-16 2.324529e-16
07 2.019289e-02 2.019289e-02 2.019289e-02 1.700029e-16 1.838807e-16
08 3.249102e-02 3.249102e-02 3.249102e-02 3.053113e-16 2.983724e-16
09 3.360925e-02 3.360925e-02 3.360925e-02 6.869505e-16 7.494005e-16
10 3.360925e-02 3.360925e-02 3.360925e-02 3.885781e-16 3.816392e-16
11 3.488629e-02 3.488629e-02 3.488629e-02 2.012279e-16 2.012279e-16
12 4.663988e-02 4.663988e-02 4.663988e-02 2.012279e-16 9.714451e-17
13 4.820242e-02 4.820242e-02 4.820242e-02 6.938894e-17 1.318390e-16
14 4.820242e-02 4.820242e-02 4.820242e-02 3.191891e-16 1.318390e-16
15 4.983381e-02 4.983381e-02 4.983381e-02 1.124101e-15 1.214306e-15
16 6.142594e-02 6.142594e-02 6.142594e-02 8.396062e-16 8.257284e-16
17 6.335507e-02 6.335507e-02 6.335507e-02 1.762479e-15 1.720846e-15
18 6.335507e-02 6.335507e-02 6.335507e-02 2.137179e-15 2.206568e-15
19 6.536816e-02 6.536816e-02 6.536816e-02 4.010681e-15 4.080070e-15
20 7.676862e-02 7.676862e-02 7.676862e-02 3.337608e-14 3.354261e-14
21 7.904383e-02 7.904383e-02 7.904383e-02 5.315193e-14 5.301315e-14
22 7.904383e-02 7.904383e-02 7.904383e-02 6.061818e-14 6.032674e-14
23 8.140616e-02 8.140616e-02 8.140616e-02 9.080237e-14 9.083012e-14
24 9.261371e-02 9.261371e-02 9.261371e-02 8.489737e-13 8.490569e-13
25 9.521091e-02 9.521091e-02 9.521091e-02 9.509477e-13 9.509615e-13
26 9.521091e-02 9.521091e-02 9.521091e-02 1.944514e-12 1.944458e-12
27 9.789732e-02 9.789732e-02 9.789732e-02 1.370334e-12 1.370404e-12
28 1.089021e-01 1.089021e-01 1.089021e-01 5.466128e-12 5.466128e-12
29 1.117968e-01 1.117968e-01 1.117968e-01 9.446513e-12 9.446541e-12
30 1.117968e-01 1.117968e-01 1.117968e-01 1.775942e-11 1.775946e-11
31 1.147802e-01 1.147802e-01 1.147802e-01 1.463263e-11 1.463311e-11
32 1.255726e-01 1.255726e-01 1.255726e-01 4.794112e-11 4.794129e-11
33 1.287399e-01 1.287399e-01 1.287399e-01 8.057222e-11 8.057247e-11
34 1.287399e-01 1.287399e-01 1.287399e-01 1.426420e-10 1.426423e-10
35 1.319938e-01 1.319938e-01 1.319938e-01 1.343508e-10 1.343506e-10
36 1.425633e-01 1.425633e-01 1.425633e-01 4.245659e-10 4.245661e-10
37 1.459774e-01 1.459774e-01 1.459774e-01 7.049431e-10 7.049435e-10
38 1.459774e-01 1.459774e-01 1.459774e-01 9.607152e-10 9.607155e-10
39 1.494745e-01 1.494745e-01 1.494745e-01 7.814686e-10 7.814687e-10
40 1.598118e-01 1.598118e-01 1.598118e-01 2.780114e-09 2.780115e-09
41 1.634468e-01 1.634468e-01 1.634468e-01 2.850324e-09 2.850323e-09
42 1.634468e-01 1.634468e-01 1.634468e-01 5.044486e-09 5.044486e-09
43 1.671603e-01 1.671603e-01 1.671603e-01 5.588563e-09 5.588563e-09
44 1.772567e-01 1.772567e-01 1.772567e-01 1.306700e-08 1.306700e-08
45 1.810866e-01 1.810866e-01 1.810866e-01 1.368614e-08 1.368614e-08
46 1.810866e-01 1.810866e-01 1.810866e-01 5.438851e-08 5.438851e-08
47 1.849894e-01 1.849893e-01 1.849893e-01 2.635847e-08 2.635847e-08
48 1.948381e-01 1.948380e-01 1.948380e-01 7.763464e-08 7.763464e-08
49 1.988371e-01 1.988370e-01 1.988370e-01 9.613596e-08 9.613596e-08
50 1.988371e-01 1.988370e-01 1.988370e-01 1.264072e-07 1.264072e-07
51 2.029027e-01 2.029026e-01 2.029026e-01 1.425953e-07 1.425953e-07
52 2.124982e-01 2.124980e-01 2.124980e-01 2.495820e-07 2.495820e-07
53 2.166409e-01 2.166407e-01 2.166407e-01 2.273367e-07 2.273367e-07
54 2.166411e-01 2.166407e-01 2.166407e-01 4.246370e-07 4.246370e-07
55 2.208437e-01 2.208433e-01 2.208433e-01 3.547825e-07 3.547825e-07
56 2.301832e-01 2.301815e-01 2.301815e-01 1.641925e-06 1.641925e-06
57 2.344442e-01 2.344434e-01 2.344434e-01 7.536736e-07 7.536736e-07
58 2.344448e-01 2.344434e-01 2.344434e-01 1.409118e-06 1.409118e-06
59 2.387599e-01 2.387584e-01 2.387584e-01 1.541669e-06 1.541669e-06
60 2.478392e-01 2.478370e-01 2.478370e-01 2.183491e-06 2.183491e-06
61 2.521977e-01 2.521946e-01 2.521946e-01 3.074409e-06 3.074409e-06
62 2.521985e-01 2.521946e-01 2.521946e-01 3.938375e-06 3.938375e-06
63 2.566025e-01 2.565981e-01 2.565981e-01 4.329045e-06 4.329045e-06
64 2.654259e-01 2.654163e-01 2.654163e-01 9.604094e-06 9.604094e-06
65 2.698545e-01 2.698472e-01 2.698472e-01 7.359028e-06 7.359028e-06
66 2.698588e-01 2.698472e-01 2.698472e-01 1.164715e-05 1.164715e-05
67 2.743247e-01 2.743170e-01 2.743170e-01 7.727287e-06 7.727287e-06
68 2.828897e-01 2.828752e-01 2.828752e-01 1.447647e-05 1.447647e-05
69 2.873799e-01 2.873583e-01 2.873583e-01 2.155029e-05 2.155029e-05
70 2.873925e-01 2.873583e-01 2.873583e-01 3.422040e-05 3.422040e-05
71 2.919214e-01 2.918735e-01 2.918735e-01 4.792214e-05 4.792214e-05
72 3.002353e-01 3.001736e-01 3.001736e-01 6.171839e-05 6.171839e-05
73 3.047453e-01 3.046893e-01 3.046893e-01 5.596306e-05 5.596306e-05
74 3.047478e-01 3.046893e-01 3.046893e-01 5.845604e-05 5.845604e-05
75 3.093127e-01 3.092304e-01 3.092304e-01 8.221567e-05 8.221567e-05
76 3.173843e-01 3.172753e-01 3.172753e-01 1.089629e-04 1.089629e-04
77 3.218885e-01 3.218056e-01 3.218056e-01 8.285803e-05 8.285803e-05
78 3.220168e-01 3.218056e-01 3.218056e-01 2.111850e-04 2.111850e-04
79 3.264607e-01 3.263550e-01 3.263550e-01 1.057606e-04 1.057606e-04
80 3.343070e-01 3.341484e-01 3.341484e-01 1.585769e-04 1.585769e-04
81 3.389244e-01 3.386768e-01 3.386768e-01 2.476068e-04 2.476068e-04
82 3.389844e-01 3.386768e-01 3.386768e-01 3.076540e-04 3.076540e-04
83 3.435931e-01 3.432182e-01 3.432182e-01 3.748847e-04 3.748847e-04
84 3.509832e-01 3.507650e-01 3.507650e-01 2.181944e-04 2.181944e-04
85 3.556600e-01 3.552764e-01 3.552764e-01 3.835511e-04 3.835511e-04
86 3.562956e-01 3.552764e-01 3.552764e-01 1.019168e-03 1.019168e-03
87 3.603629e-01 3.597955e-01 3.597955e-01 5.674500e-04 5.674500e-04
88 3.679131e-01 3.671009e-01 3.671009e-01 8.121910e-04 8.121910e-04
89 3.722205e-01 3.715821e-01 3.715821e-01 6.383945e-04 6.383945e-04
90 3.727512e-01 3.715821e-01 3.715821e-01 1.169088e-03 1.169088e-03
91 3.774109e-01 3.760657e-01 3.760657e-01 1.345145e-03 1.345145e-03
92 3.853065e-01 3.831358e-01 3.831358e-01 2.170669e-03 2.170669e-03
93 3.893572e-01 3.875748e-01 3.875748e-01 1.782405e-03 1.782405e-03
94 3.921976e-01 3.875748e-01 3.875748e-01 4.622795e-03 4.622795e-03
95 3.942558e-01 3.920116e-01 3.920116e-01 2.244205e-03 2.244205e-03
96 4.013972e-01 3.988528e-01 3.988528e-01 2.544367e-03 2.544367e-03
97 4.056981e-01 4.032392e-01 4.032392e-01 2.458915e-03 2.458915e-03
98 4.076380e-01 4.032392e-01 4.032392e-01 4.398778e-03 4.398778e-03
99 4.132720e-01 4.076193e-01 4.076193e-01 5.652715e-03 5.652715e-03
100 4.177000e-01 4.142382e-01 4.142382e-01 3.461829e-03 3.461829e-03
101 4.241218e-01 4.185629e-01 4.185629e-01 5.558914e-03 5.558914e-03
102 4.286591e-01 4.185629e-01 4.185629e-01 1.009619e-02 1.009619e-02
103 4.302202e-01 4.228776e-01 4.228776e-01 7.342599e-03 7.342599e-03
104 4.362347e-01 4.292813e-01 4.292813e-01 6.953387e-03 6.953387e-03
105 4.408834e-01 4.335367e-01 4.335367e-01 7.346694e-03 7.346694e-03
106 4.450473e-01 4.335367e-01 4.335367e-01 1.151064e-02 1.151064e-02
107 4.492522e-01 4.377787e-01 4.377787e-01 1.147346e-02 1.147346e-02
108 4.547401e-01 4.439743e-01 4.439743e-01 1.076583e-02 1.076583e-02
109 4.566974e-01 4.481537e-01 4.481537e-01 8.543723e-03 8.543723e-03
110 4.610412e-01 4.481537e-01 4.481537e-01 1.288756e-02 1.288756e-02
111 4.694051e-01 4.523169e-01 4.523169e-01 1.708819e-02 1.708819e-02
112 4.763669e-01 4.583115e-01 4.583115e-01 1.805537e-02 1.805537e-02
113 4.837664e-01 4.624096e-01 4.624096e-01 2.135684e-02 2.135684e-02
114 4.868602e-01 4.624096e-01 4.624096e-01 2.445067e-02 2.445067e-02
115 4.920350e-01 4.664889e-01 4.664889e-01 2.554611e-02 2.554611e-02
116 4.983733e-01 4.722899e-01 4.722899e-01 2.608345e-02 2.608345e-02
117 5.040216e-01 4.763021e-01 4.763021e-01 2.771946e-02 2.771946e-02
118 5.086891e-01 4.763021e-01 4.763021e-01 3.238698e-02 3.238698e-02
119 5.152782e-01 4.802936e-01 4.802936e-01 3.498466e-02 3.498466e-02
120 5.170073e-01 4.859079e-01 4.859079e-01 3.109942e-02 3.109942e-02
121 5.278694e-01 4.898309e-01 4.898309e-01 3.803853e-02 3.803853e-02
122 5.415131e-01 4.898309e-01 4.898309e-01 5.168219e-02 5.168219e-02
123 5.530844e-01 4.937313e-01 4.937313e-01 5.935303e-02 5.935303e-02
124 5.633837e-01 4.991661e-01 4.991661e-01 6.421759e-02 6.421759e-02
125 5.745859e-01 5.029972e-01 5.029972e-01 7.158870e-02 7.158870e-02
126 5.788572e-01 5.029972e-01 5.029972e-01 7.586005e-02 7.586005e-02
127 5.866688e-01 5.068042e-01 5.068042e-01 7.986456e-02 7.986456e-02
128 5.990589e-01 5.120665e-01 5.120665e-01 8.699247e-02 8.699247e-02
129 6.197307e-01 5.158036e-01 5.158036e-01 1.039271e-01 1.039271e-01
130 6.267911e-01 5.158036e-01 5.158036e-01 1.109875e-01 1.109875e-01
131 6.400311e-01 5.195157e-01 5.195157e-01 1.205155e-01 1.205155e-01
132 6.512752e-01 5.246120e-01 5.246120e-01 1.266632e-01 1.266632e-01
133 6.591542e-01 5.282541e-01 5.282541e-01 1.309001e-01 1.309001e-01
134 6.652618e-01 5.282541e-01 5.282541e-01 1.370077e-01 1.370077e-01
135 7.119966e-01 5.318701e-01 5.318701e-01 1.801265e-01 1.801265e-01
136 7.227573e-01 5.368072e-01 5.368072e-01 1.859501e-01 1.859501e-01
137 7.625196e-01 5.403535e-01 5.403535e-01 2.221661e-01 2.221661e-01
138 7.673437e-01 5.403535e-01 5.403535e-01 2.269902e-01 2.269902e-01
139 7.757059e-01 5.438730e-01 5.438730e-01 2.318329e-01 2.318329e-01
140 8.106957e-01 5.486573e-01 5.486573e-01 2.620384e-01 2.620384e-01
141 8.196644e-01 5.521076e-01 5.521076e-01 2.675568e-01 2.675568e-01
142 8.509320e-01 5.521076e-01 5.521076e-01 2.988244e-01 2.988244e-01
143 8.616416e-01 5.555307e-01 5.555307e-01 3.061109e-01 3.061109e-01
