# Hello World! This is dune-eigensolver.
# hardware number of threads is 128 number of threads used is 1
# 8 8
# Smallest eigenvalues convergence test

#  n: 67600 A.N(): 67600 br: 1
# GeneralizedSymmetricStewart:  time_total=2.123199e+00 time_factorization=3.217258e-01 time_eigendecomposition=2.819243e-03 time_matmul_dense=1.001758e-01 iterations=2

# Arpack: time_total=1.548636e+01 iterations=1

# Eigensolver elapsed time 2.127421e+00

# N=67600 M=144 ACCURACY=2.500000e-01 TOL=2.000000e-01 THRESHOLD=9.000000e-02 ESARERROR=9.720042e-01 ARPERROR=6.803386e-01 ESANERROR=1.387779e-15 TIMERATIO= 1.373739e-01 \\

## gen: stw     ARP-SMALL-TOL  ARPACK-TOL  ES-ARP-SMALL  ES-AR ERROR
00 2.549134e-09 -1.025655e-16 -1.027824e-16 2.549134e-09 2.549134e-09
01 5.608053e-03 5.604527e-03 5.604527e-03 3.525795e-06 3.525795e-06
02 5.608935e-03 5.604527e-03 5.604527e-03 4.407690e-06 4.407690e-06
03 8.381131e-03 8.364570e-03 8.364570e-03 1.656095e-05 1.656095e-05
04 1.893098e-02 1.867846e-02 1.867846e-02 2.525139e-04 2.525139e-04
05 2.030486e-02 1.998226e-02 1.998226e-02 3.226066e-04 3.226066e-04
06 2.042239e-02 1.998226e-02 1.998226e-02 4.401360e-04 4.401360e-04
07 2.071713e-02 2.019289e-02 2.019289e-02 5.242404e-04 5.242404e-04
08 3.467031e-02 3.249102e-02 3.249102e-02 2.179297e-03 2.179297e-03
09 3.568424e-02 3.360925e-02 3.360925e-02 2.074987e-03 2.074987e-03
10 3.676795e-02 3.360925e-02 3.360925e-02 3.158702e-03 3.158702e-03
11 3.810380e-02 3.488629e-02 3.488629e-02 3.217516e-03 3.217516e-03
12 5.521070e-02 4.663988e-02 4.663988e-02 8.570818e-03 8.570818e-03
13 5.802807e-02 4.820242e-02 4.820242e-02 9.825648e-03 9.825648e-03
14 5.828520e-02 4.820242e-02 4.820242e-02 1.008278e-02 1.008278e-02
15 6.475874e-02 4.983381e-02 4.983381e-02 1.492492e-02 1.492492e-02
16 8.390525e-02 6.142594e-02 6.142594e-02 2.247931e-02 2.247931e-02
17 9.011177e-02 6.335507e-02 6.335507e-02 2.675670e-02 2.675670e-02
18 9.667099e-02 6.335507e-02 6.335507e-02 3.331592e-02 3.331592e-02
19 1.012321e-01 6.536816e-02 6.536816e-02 3.586396e-02 3.586396e-02
20 1.319811e-01 7.676862e-02 7.676862e-02 5.521249e-02 5.521249e-02
21 1.439840e-01 7.904383e-02 7.904383e-02 6.494020e-02 6.494020e-02
22 1.552096e-01 7.904383e-02 7.904383e-02 7.616575e-02 7.616575e-02
23 1.780055e-01 8.140616e-02 8.140616e-02 9.659936e-02 9.659936e-02
24 1.944848e-01 9.261371e-02 9.261371e-02 1.018711e-01 1.018711e-01
25 2.151934e-01 9.521091e-02 9.521091e-02 1.199825e-01 1.199825e-01
26 2.301788e-01 9.521091e-02 9.521091e-02 1.349679e-01 1.349679e-01
27 2.534586e-01 9.789732e-02 9.789732e-02 1.555613e-01 1.555613e-01
28 2.740650e-01 1.089021e-01 1.089021e-01 1.651629e-01 1.651629e-01
29 3.102135e-01 1.117968e-01 1.117968e-01 1.984167e-01 1.984167e-01
30 3.209035e-01 1.117968e-01 1.117968e-01 2.091067e-01 2.091067e-01
31 3.352083e-01 1.147802e-01 1.147802e-01 2.204281e-01 2.204281e-01
32 3.808606e-01 1.255726e-01 1.255726e-01 2.552879e-01 2.552879e-01
33 4.242027e-01 1.287399e-01 1.287399e-01 2.954628e-01 2.954628e-01
34 4.389061e-01 1.287399e-01 1.287399e-01 3.101662e-01 3.101662e-01
35 4.640917e-01 1.319938e-01 1.319938e-01 3.320980e-01 3.320980e-01
36 5.164843e-01 1.425633e-01 1.425633e-01 3.739211e-01 3.739211e-01
37 5.567549e-01 1.459774e-01 1.459774e-01 4.107775e-01 4.107775e-01
38 5.914231e-01 1.459774e-01 1.459774e-01 4.454457e-01 4.454457e-01
39 6.110943e-01 1.494745e-01 1.494745e-01 4.616197e-01 4.616197e-01
40 6.245460e-01 1.598118e-01 1.598118e-01 4.647341e-01 4.647341e-01
41 6.455049e-01 1.634468e-01 1.634468e-01 4.820581e-01 4.820581e-01
42 6.705138e-01 1.634468e-01 1.634468e-01 5.070670e-01 5.070670e-01
43 6.884511e-01 1.671603e-01 1.671603e-01 5.212909e-01 5.212909e-01
44 7.319900e-01 1.772567e-01 1.772567e-01 5.547332e-01 5.547332e-01
45 7.521505e-01 1.810866e-01 1.810866e-01 5.710639e-01 5.710639e-01
46 7.667804e-01 1.810866e-01 1.810866e-01 5.856938e-01 5.856938e-01
47 7.899754e-01 1.849893e-01 1.849893e-01 6.049860e-01 6.049860e-01
48 7.983384e-01 1.948380e-01 1.948380e-01 6.035004e-01 6.035004e-01
49 8.146070e-01 1.988370e-01 1.988370e-01 6.157701e-01 6.157701e-01
50 8.222752e-01 1.988370e-01 1.988370e-01 6.234382e-01 6.234382e-01
51 8.317797e-01 2.029026e-01 2.029026e-01 6.288771e-01 6.288771e-01
52 8.395975e-01 2.124980e-01 2.124980e-01 6.270996e-01 6.270996e-01
53 8.614488e-01 2.166407e-01 2.166407e-01 6.448082e-01 6.448082e-01
54 8.673727e-01 2.166407e-01 2.166407e-01 6.507320e-01 6.507320e-01
55 8.830633e-01 2.208433e-01 2.208433e-01 6.622200e-01 6.622200e-01
56 8.905776e-01 2.301815e-01 2.301815e-01 6.603961e-01 6.603961e-01
57 8.933934e-01 2.344434e-01 2.344434e-01 6.589500e-01 6.589500e-01
58 9.035952e-01 2.344434e-01 2.344434e-01 6.691518e-01 6.691518e-01
59 9.121454e-01 2.387584e-01 2.387584e-01 6.733870e-01 6.733870e-01
60 9.177139e-01 2.478370e-01 2.478370e-01 6.698768e-01 6.698768e-01
61 9.199162e-01 2.521946e-01 2.521946e-01 6.677217e-01 6.677217e-01
62 9.261570e-01 2.521946e-01 2.521946e-01 6.739625e-01 6.739625e-01
63 9.369367e-01 2.565981e-01 2.565981e-01 6.803386e-01 6.803386e-01
64 9.439777e-01 2.654163e-01 2.654163e-01 6.785613e-01 6.785613e-01
65 9.474811e-01 2.698472e-01 2.698472e-01 6.776340e-01 6.776340e-01
66 9.497826e-01 2.698472e-01 2.698472e-01 6.799354e-01 6.799354e-01
67 9.511833e-01 2.743170e-01 2.743170e-01 6.768663e-01 6.768663e-01
68 9.551609e-01 2.828752e-01 2.828752e-01 6.722857e-01 6.722857e-01
69 9.561985e-01 2.873583e-01 2.873583e-01 6.688402e-01 6.688402e-01
70 9.599322e-01 2.873583e-01 2.873583e-01 6.725738e-01 6.725738e-01
71 9.620976e-01 2.918735e-01 2.918735e-01 6.702241e-01 6.702241e-01
72 9.635527e-01 3.001736e-01 3.001736e-01 6.633791e-01 6.633791e-01
73 9.664510e-01 3.046893e-01 3.046893e-01 6.617617e-01 6.617617e-01
74 9.675130e-01 3.046893e-01 3.046893e-01 6.628237e-01 6.628237e-01
75 9.688318e-01 3.092304e-01 3.092304e-01 6.596013e-01 6.596013e-01
76 9.722442e-01 3.172753e-01 3.172753e-01 6.549689e-01 6.549689e-01
77 9.729422e-01 3.218056e-01 3.218056e-01 6.511367e-01 6.511367e-01
78 9.749846e-01 3.218056e-01 3.218056e-01 6.531790e-01 6.531790e-01
79 9.763607e-01 3.263550e-01 3.263550e-01 6.500058e-01 6.500058e-01
80 9.778234e-01 3.341484e-01 3.341484e-01 6.436750e-01 6.436750e-01
81 9.800306e-01 3.386768e-01 3.386768e-01 6.413538e-01 6.413538e-01
82 9.803904e-01 3.386768e-01 3.386768e-01 6.417137e-01 6.417137e-01
83 9.816238e-01 3.432182e-01 3.432182e-01 6.384055e-01 6.384055e-01
84 9.825176e-01 3.507650e-01 3.507650e-01 6.317526e-01 6.317526e-01
85 9.837578e-01 3.552764e-01 3.552764e-01 6.284813e-01 6.284813e-01
86 9.842741e-01 3.552764e-01 3.552764e-01 6.289977e-01 6.289977e-01
87 9.851025e-01 3.597955e-01 3.597955e-01 6.253071e-01 6.253071e-01
88 9.857351e-01 3.671009e-01 3.671009e-01 6.186342e-01 6.186342e-01
89 9.862168e-01 3.715821e-01 3.715821e-01 6.146347e-01 6.146347e-01
90 9.866150e-01 3.715821e-01 3.715821e-01 6.150329e-01 6.150329e-01
91 9.870209e-01 3.760657e-01 3.760657e-01 6.109552e-01 6.109552e-01
92 9.876672e-01 3.831358e-01 3.831358e-01 6.045314e-01 6.045314e-01
93 9.878511e-01 3.875748e-01 3.875748e-01 6.002763e-01 6.002763e-01
94 9.890208e-01 3.875748e-01 3.875748e-01 6.014460e-01 6.014460e-01
95 9.895398e-01 3.920116e-01 3.920116e-01 5.975281e-01 5.975281e-01
96 9.897788e-01 3.988528e-01 3.988528e-01 5.909259e-01 5.909259e-01
97 9.899760e-01 4.032392e-01 4.032392e-01 5.867368e-01 5.867368e-01
98 9.904380e-01 4.032392e-01 4.032392e-01 5.871989e-01 5.871989e-01
99 9.906724e-01 4.076193e-01 4.076193e-01 5.830532e-01 5.830532e-01
100 9.910808e-01 4.142382e-01 4.142382e-01 5.768426e-01 5.768426e-01
101 9.915078e-01 4.185629e-01 4.185629e-01 5.729449e-01 5.729449e-01
102 9.923953e-01 4.185629e-01 4.185629e-01 5.738323e-01 5.738323e-01
103 9.924632e-01 4.228776e-01 4.228776e-01 5.695855e-01 5.695855e-01
104 9.928107e-01 4.292813e-01 4.292813e-01 5.635293e-01 5.635293e-01
105 9.930416e-01 4.335367e-01 4.335367e-01 5.595049e-01 5.595049e-01
106 9.932799e-01 4.335367e-01 4.335367e-01 5.597432e-01 5.597432e-01
107 9.935211e-01 4.377787e-01 4.377787e-01 5.557424e-01 5.557424e-01
108 9.936901e-01 4.439743e-01 4.439743e-01 5.497158e-01 5.497158e-01
109 9.941349e-01 4.481537e-01 4.481537e-01 5.459813e-01 5.459813e-01
110 9.942495e-01 4.481537e-01 4.481537e-01 5.460958e-01 5.460958e-01
111 9.945881e-01 4.523169e-01 4.523169e-01 5.422712e-01 5.422712e-01
112 9.947781e-01 4.583115e-01 4.583115e-01 5.364666e-01 5.364666e-01
113 9.949945e-01 4.624096e-01 4.624096e-01 5.325849e-01 5.325849e-01
114 9.950859e-01 4.624096e-01 4.624096e-01 5.326764e-01 5.326764e-01
115 9.952139e-01 4.664889e-01 4.664889e-01 5.287249e-01 5.287249e-01
116 9.953951e-01 4.722899e-01 4.722899e-01 5.231053e-01 5.231053e-01
117 9.955829e-01 4.763021e-01 4.763021e-01 5.192808e-01 5.192808e-01
118 9.958795e-01 4.763021e-01 4.763021e-01 5.195774e-01 5.195774e-01
119 9.960554e-01 4.802936e-01 4.802936e-01 5.157618e-01 5.157618e-01
120 9.962682e-01 4.859079e-01 4.859079e-01 5.103602e-01 5.103602e-01
121 9.963259e-01 4.898309e-01 4.898309e-01 5.064950e-01 5.064950e-01
122 9.964875e-01 4.898309e-01 4.898309e-01 5.066566e-01 5.066566e-01
123 9.966421e-01 4.937313e-01 4.937313e-01 5.029108e-01 5.029108e-01
124 9.967052e-01 4.991661e-01 4.991661e-01 4.975390e-01 4.975390e-01
125 9.967981e-01 5.029972e-01 5.029972e-01 4.938010e-01 4.938010e-01
126 9.969206e-01 5.029972e-01 5.029972e-01 4.939234e-01 4.939234e-01
127 9.970265e-01 5.068042e-01 5.068042e-01 4.902223e-01 4.902223e-01
128 9.971675e-01 5.120665e-01 5.120665e-01 4.851011e-01 4.851011e-01
129 9.972349e-01 5.158036e-01 5.158036e-01 4.814313e-01 4.814313e-01
130 9.973414e-01 5.158036e-01 5.158036e-01 4.815377e-01 4.815377e-01
131 9.974157e-01 5.195157e-01 5.195157e-01 4.779001e-01 4.779001e-01
132 9.974789e-01 5.246120e-01 5.246120e-01 4.728669e-01 4.728669e-01
133 9.975637e-01 5.282541e-01 5.282541e-01 4.693096e-01 4.693096e-01
134 9.976597e-01 5.282541e-01 5.282541e-01 4.694056e-01 4.694056e-01
135 9.977646e-01 5.318701e-01 5.318701e-01 4.658945e-01 4.658945e-01
136 9.978245e-01 5.368072e-01 5.368072e-01 4.610173e-01 4.610173e-01
137 9.979546e-01 5.403535e-01 5.403535e-01 4.576011e-01 4.576011e-01
138 9.979871e-01 5.403535e-01 5.403535e-01 4.576336e-01 4.576336e-01
139 9.981047e-01 5.438730e-01 5.438730e-01 4.542317e-01 4.542317e-01
140 9.981428e-01 5.486573e-01 5.486573e-01 4.494855e-01 4.494855e-01
141 9.982392e-01 5.521076e-01 5.521076e-01 4.461316e-01 4.461316e-01
142 9.983375e-01 5.521076e-01 5.521076e-01 4.462299e-01 4.462299e-01
143 9.984138e-01 5.555307e-01 5.555307e-01 4.428831e-01 4.428831e-01
