# Hello World! This is dune-eigensolver.
# hardware number of threads is 128 number of threads used is 1
# 8 8
# Smallest eigenvalues convergence test

#  n: 67600 A.N(): 67600 br: 1
# GeneralizedInverse:  time_total=1.092789e+01 time_factorization=3.207714e-01 iterations=17

# Arpack: time_total=1.570171e+01 iterations=1

# Eigensolver elapsed time 1.093233e+01

# N=67600 M=144 ACCURACY=2.500000e-01 TOL=2.000000e-02 THRESHOLD=9.000000e-02 ESARERROR=5.340856e-01 ARPERROR=1.153153e-02 ESANERROR=1.387779e-15 TIMERATIO= 6.962512e-01 \\

## gen: ftw     ARP-SMALL-TOL  ARPACK-TOL  ES-ARP-SMALL  ES-AR ERROR
00 1.349615e-15 -1.025655e-16 -1.027824e-16 1.452180e-15 1.452397e-15
01 5.604530e-03 5.604527e-03 5.604527e-03 2.261009e-09 2.261009e-09
02 5.604751e-03 5.604527e-03 5.604527e-03 2.238742e-07 2.238742e-07
03 8.364344e-03 8.364570e-03 8.364570e-03 2.261351e-07 2.261351e-07
04 1.884151e-02 1.867846e-02 1.867846e-02 1.630456e-04 1.630456e-04
05 1.995223e-02 1.998226e-02 1.998226e-02 3.002660e-05 3.002660e-05
06 1.999744e-02 1.998226e-02 1.998226e-02 1.518562e-05 1.518562e-05
07 2.004474e-02 2.019289e-02 2.019289e-02 1.481490e-04 1.481490e-04
08 3.295173e-02 3.249102e-02 3.249102e-02 4.607112e-04 4.607112e-04
09 3.331274e-02 3.360925e-02 3.360925e-02 2.965098e-04 2.965098e-04
10 3.361925e-02 3.360925e-02 3.360925e-02 1.000555e-05 1.000555e-05
11 3.471918e-02 3.488629e-02 3.488629e-02 1.671039e-04 1.671039e-04
12 4.672464e-02 4.663988e-02 4.663988e-02 8.476531e-05 8.476531e-05
13 4.820903e-02 4.820242e-02 4.820242e-02 6.613143e-06 6.613143e-06
14 4.848046e-02 4.820242e-02 4.820242e-02 2.780449e-04 2.780449e-04
15 5.142900e-02 4.983381e-02 4.983381e-02 1.595191e-03 1.595191e-03
16 6.019877e-02 6.142594e-02 6.142594e-02 1.227165e-03 1.227165e-03
17 6.360066e-02 6.335507e-02 6.335507e-02 2.455943e-04 2.455943e-04
18 6.414446e-02 6.335507e-02 6.335507e-02 7.893949e-04 7.893949e-04
19 6.432852e-02 6.536816e-02 6.536816e-02 1.039648e-03 1.039648e-03
20 7.640599e-02 7.676862e-02 7.676862e-02 3.626301e-04 3.626301e-04
21 7.951122e-02 7.904383e-02 7.904383e-02 4.673839e-04 4.673839e-04
22 8.007046e-02 7.904383e-02 7.904383e-02 1.026623e-03 1.026623e-03
23 8.094068e-02 8.140616e-02 8.140616e-02 4.654774e-04 4.654774e-04
24 9.441048e-02 9.261371e-02 9.261371e-02 1.796771e-03 1.796771e-03
25 9.444674e-02 9.521091e-02 9.521091e-02 7.641688e-04 7.641688e-04
26 9.600147e-02 9.521091e-02 9.521091e-02 7.905633e-04 7.905633e-04
27 1.035323e-01 9.789732e-02 9.789732e-02 5.634970e-03 5.634970e-03
28 1.040990e-01 1.089021e-01 1.089021e-01 4.803052e-03 4.803052e-03
29 1.089742e-01 1.117968e-01 1.117968e-01 2.822665e-03 2.822665e-03
30 1.140876e-01 1.117968e-01 1.117968e-01 2.290800e-03 2.290800e-03
31 1.172054e-01 1.147802e-01 1.147802e-01 2.425173e-03 2.425173e-03
32 1.253526e-01 1.255726e-01 1.255726e-01 2.199821e-04 2.199821e-04
33 1.282705e-01 1.287399e-01 1.287399e-01 4.693326e-04 4.693326e-04
34 1.284390e-01 1.287399e-01 1.287399e-01 3.008372e-04 3.008372e-04
35 1.354077e-01 1.319938e-01 1.319938e-01 3.413940e-03 3.413940e-03
36 1.380603e-01 1.425633e-01 1.425633e-01 4.502972e-03 4.502972e-03
37 1.444455e-01 1.459774e-01 1.459774e-01 1.531837e-03 1.531837e-03
38 1.511542e-01 1.459774e-01 1.459774e-01 5.176824e-03 5.176824e-03
39 1.527315e-01 1.494745e-01 1.494745e-01 3.256985e-03 3.256985e-03
40 1.544431e-01 1.598118e-01 1.598118e-01 5.368742e-03 5.368742e-03
41 1.623212e-01 1.634468e-01 1.634468e-01 1.125609e-03 1.125609e-03
42 1.648926e-01 1.634468e-01 1.634468e-01 1.445739e-03 1.445739e-03
43 1.716148e-01 1.671603e-01 1.671603e-01 4.454494e-03 4.454494e-03
44 1.777853e-01 1.772567e-01 1.772567e-01 5.285307e-04 5.285307e-04
45 1.805489e-01 1.810866e-01 1.810866e-01 5.376924e-04 5.376924e-04
46 1.814340e-01 1.810866e-01 1.810866e-01 3.474095e-04 3.474095e-04
47 1.841797e-01 1.849893e-01 1.849893e-01 8.096268e-04 8.096268e-04
48 1.906903e-01 1.948380e-01 1.948380e-01 4.147709e-03 4.147709e-03
49 1.981808e-01 1.988370e-01 1.988370e-01 6.561431e-04 6.561431e-04
50 2.021529e-01 1.988370e-01 1.988370e-01 3.315890e-03 3.315890e-03
51 2.030144e-01 2.029026e-01 2.029026e-01 1.118173e-04 1.118173e-04
52 2.141883e-01 2.124980e-01 2.124980e-01 1.690378e-03 1.690378e-03
53 2.188251e-01 2.166407e-01 2.166407e-01 2.184450e-03 2.184450e-03
54 2.192780e-01 2.166407e-01 2.166407e-01 2.637334e-03 2.637334e-03
55 2.302547e-01 2.208433e-01 2.208433e-01 9.411385e-03 9.411385e-03
56 2.309566e-01 2.301815e-01 2.301815e-01 7.750527e-04 7.750527e-04
57 2.334266e-01 2.344434e-01 2.344434e-01 1.016796e-03 1.016796e-03
58 2.381778e-01 2.344434e-01 2.344434e-01 3.734331e-03 3.734331e-03
59 2.420076e-01 2.387584e-01 2.387584e-01 3.249181e-03 3.249181e-03
60 2.446855e-01 2.478370e-01 2.478370e-01 3.151550e-03 3.151550e-03
61 2.462360e-01 2.521946e-01 2.521946e-01 5.958623e-03 5.958623e-03
62 2.533074e-01 2.521946e-01 2.521946e-01 1.112803e-03 1.112803e-03
63 2.582048e-01 2.565981e-01 2.565981e-01 1.606635e-03 1.606635e-03
64 2.655060e-01 2.654163e-01 2.654163e-01 8.967175e-05 8.967175e-05
65 2.685171e-01 2.698472e-01 2.698472e-01 1.330112e-03 1.330112e-03
66 2.701168e-01 2.698472e-01 2.698472e-01 2.696523e-04 2.696523e-04
67 2.768514e-01 2.743170e-01 2.743170e-01 2.534481e-03 2.534481e-03
68 2.798750e-01 2.828752e-01 2.828752e-01 3.000193e-03 3.000193e-03
69 2.884450e-01 2.873583e-01 2.873583e-01 1.086702e-03 1.086702e-03
70 2.931037e-01 2.873583e-01 2.873583e-01 5.745397e-03 5.745397e-03
71 2.948206e-01 2.918735e-01 2.918735e-01 2.947174e-03 2.947174e-03
72 2.968328e-01 3.001736e-01 3.001736e-01 3.340763e-03 3.340763e-03
73 2.977051e-01 3.046893e-01 3.046893e-01 6.984241e-03 6.984241e-03
74 3.092578e-01 3.046893e-01 3.046893e-01 4.568443e-03 4.568443e-03
75 3.112995e-01 3.092304e-01 3.092304e-01 2.069095e-03 2.069095e-03
76 3.142665e-01 3.172753e-01 3.172753e-01 3.008780e-03 3.008780e-03
77 3.202958e-01 3.218056e-01 3.218056e-01 1.509784e-03 1.509784e-03
78 3.228119e-01 3.218056e-01 3.218056e-01 1.006338e-03 1.006338e-03
79 3.315446e-01 3.263550e-01 3.263550e-01 5.189670e-03 5.189670e-03
80 3.343893e-01 3.341484e-01 3.341484e-01 2.408239e-04 2.408239e-04
81 3.378362e-01 3.386768e-01 3.386768e-01 8.405567e-04 8.405567e-04
82 3.429943e-01 3.386768e-01 3.386768e-01 4.317515e-03 4.317515e-03
83 3.447501e-01 3.432182e-01 3.432182e-01 1.531909e-03 1.531909e-03
84 3.483636e-01 3.507650e-01 3.507650e-01 2.401377e-03 2.401377e-03
85 3.529729e-01 3.552764e-01 3.552764e-01 2.303579e-03 2.303579e-03
86 3.580349e-01 3.552764e-01 3.552764e-01 2.758451e-03 2.758451e-03
87 3.607723e-01 3.597955e-01 3.597955e-01 9.768829e-04 9.768829e-04
88 3.705321e-01 3.671009e-01 3.671009e-01 3.431152e-03 3.431152e-03
89 3.798395e-01 3.715821e-01 3.715821e-01 8.257453e-03 8.257453e-03
90 3.804050e-01 3.715821e-01 3.715821e-01 8.822920e-03 8.822920e-03
91 3.818646e-01 3.760657e-01 3.760657e-01 5.798855e-03 5.798855e-03
92 3.844115e-01 3.831358e-01 3.831358e-01 1.275661e-03 1.275661e-03
93 3.922216e-01 3.875748e-01 3.875748e-01 4.646763e-03 4.646763e-03
94 3.928629e-01 3.875748e-01 3.875748e-01 5.288124e-03 5.288124e-03
95 3.950899e-01 3.920116e-01 3.920116e-01 3.078225e-03 3.078225e-03
96 3.972641e-01 3.988528e-01 3.988528e-01 1.588733e-03 1.588733e-03
97 3.995383e-01 4.032392e-01 4.032392e-01 3.700905e-03 3.700905e-03
98 4.024614e-01 4.032392e-01 4.032392e-01 7.777574e-04 7.777574e-04
99 4.070015e-01 4.076193e-01 4.076193e-01 6.177341e-04 6.177341e-04
100 4.184795e-01 4.142382e-01 4.142382e-01 4.241299e-03 4.241299e-03
101 4.217565e-01 4.185629e-01 4.185629e-01 3.193538e-03 3.193538e-03
102 4.232546e-01 4.185629e-01 4.185629e-01 4.691699e-03 4.691699e-03
103 4.256779e-01 4.228776e-01 4.228776e-01 2.800238e-03 2.800238e-03
104 4.259475e-01 4.292813e-01 4.292813e-01 3.333809e-03 3.333809e-03
105 4.319811e-01 4.335367e-01 4.335367e-01 1.555607e-03 1.555607e-03
106 4.328963e-01 4.335367e-01 4.335367e-01 6.404079e-04 6.404079e-04
107 4.475860e-01 4.377787e-01 4.377787e-01 9.807302e-03 9.807302e-03
108 4.476990e-01 4.439743e-01 4.439743e-01 3.724759e-03 3.724759e-03
109 4.479844e-01 4.481537e-01 4.481537e-01 1.692782e-04 1.692782e-04
110 4.484143e-01 4.481537e-01 4.481537e-01 2.606485e-04 2.606485e-04
111 4.514873e-01 4.523169e-01 4.523169e-01 8.295794e-04 8.295794e-04
112 4.572476e-01 4.583115e-01 4.583115e-01 1.063951e-03 1.063951e-03
113 4.623989e-01 4.624096e-01 4.624096e-01 1.065396e-05 1.065396e-05
114 4.625835e-01 4.624096e-01 4.624096e-01 1.739652e-04 1.739652e-04
115 4.686789e-01 4.664889e-01 4.664889e-01 2.189965e-03 2.189965e-03
116 4.708862e-01 4.722899e-01 4.722899e-01 1.403624e-03 1.403624e-03
117 4.722135e-01 4.763021e-01 4.763021e-01 4.088624e-03 4.088624e-03
118 4.730562e-01 4.763021e-01 4.763021e-01 3.245885e-03 3.245885e-03
119 4.864835e-01 4.802936e-01 4.802936e-01 6.189899e-03 6.189899e-03
120 4.881192e-01 4.859079e-01 4.859079e-01 2.211293e-03 2.211293e-03
121 4.886568e-01 4.898309e-01 4.898309e-01 1.174128e-03 1.174128e-03
122 4.970048e-01 4.898309e-01 4.898309e-01 7.173933e-03 7.173933e-03
123 5.052629e-01 4.937313e-01 4.937313e-01 1.153153e-02 1.153153e-02
124 5.082990e-01 4.991661e-01 4.991661e-01 9.132853e-03 9.132853e-03
125 5.097357e-01 5.029972e-01 5.029972e-01 6.738522e-03 6.738522e-03
126 5.117487e-01 5.029972e-01 5.029972e-01 8.751544e-03 8.751544e-03
127 5.128615e-01 5.068042e-01 5.068042e-01 6.057277e-03 6.057277e-03
128 5.136327e-01 5.120665e-01 5.120665e-01 1.566239e-03 1.566239e-03
129 5.149622e-01 5.158036e-01 5.158036e-01 8.414268e-04 8.414268e-04
130 5.150668e-01 5.158036e-01 5.158036e-01 7.368192e-04 7.368192e-04
131 5.162147e-01 5.195157e-01 5.195157e-01 3.300939e-03 3.300939e-03
132 5.282452e-01 5.246120e-01 5.246120e-01 3.633136e-03 3.633136e-03
133 5.302870e-01 5.282541e-01 5.282541e-01 2.032948e-03 2.032948e-03
134 5.331761e-01 5.282541e-01 5.282541e-01 4.921978e-03 4.921978e-03
135 5.345820e-01 5.318701e-01 5.318701e-01 2.711840e-03 2.711840e-03
136 5.346465e-01 5.368072e-01 5.368072e-01 2.160688e-03 2.160688e-03
137 5.360637e-01 5.403535e-01 5.403535e-01 4.289813e-03 4.289813e-03
138 5.374147e-01 5.403535e-01 5.403535e-01 2.938829e-03 2.938829e-03
139 5.412928e-01 5.438730e-01 5.438730e-01 2.580242e-03 2.580242e-03
140 5.476561e-01 5.486573e-01 5.486573e-01 1.001125e-03 1.001125e-03
141 5.550901e-01 5.521076e-01 5.521076e-01 2.982556e-03 2.982556e-03
142 5.610685e-01 5.521076e-01 5.521076e-01 8.960977e-03 8.960977e-03
143 5.630273e-01 5.555307e-01 5.555307e-01 7.496607e-03 7.496607e-03
