# Hello World! This is dune-eigensolver.
# hardware number of threads is 128 number of threads used is 1
# 8 8
# Smallest eigenvalues convergence test

#  n: 67600 A.N(): 67600 br: 1
# GeneralizedSymmetricStewart:  time_total=1.076902e+01 time_factorization=3.189897e-01 time_eigendecomposition=2.189311e-02 time_matmul_dense=9.540886e-02 iterations=14

# Arpack: time_total=1.559653e+01 iterations=1

# Eigensolver elapsed time 1.077345e+01

# N=67600 M=144 ACCURACY=7.500000e-01 TOL=1.000000e-04 THRESHOLD=9.000000e-02 ESARERROR=5.654157e-01 ARPERROR=3.882675e-02 ESANERROR=1.387779e-15 TIMERATIO= 6.907594e-01 \\

## gen: stw     ARP-SMALL-TOL  ARPACK-TOL  ES-ARP-SMALL  ES-AR ERROR
00 1.147736e-15 -1.025655e-16 -1.027824e-16 1.250302e-15 1.250519e-15
01 5.604527e-03 5.604527e-03 5.604527e-03 1.118897e-16 1.006140e-16
02 5.604527e-03 5.604527e-03 5.604527e-03 3.278627e-16 3.269954e-16
03 8.364570e-03 8.364570e-03 8.364570e-03 1.040834e-17 6.938894e-18
04 1.867846e-02 1.867846e-02 1.867846e-02 2.914335e-16 3.087808e-16
05 1.998226e-02 1.998226e-02 1.998226e-02 5.481726e-16 5.134781e-16
06 1.998226e-02 1.998226e-02 1.998226e-02 1.214306e-16 1.630640e-16
07 2.019289e-02 2.019289e-02 2.019289e-02 4.649059e-16 4.787837e-16
08 3.249102e-02 3.249102e-02 3.249102e-02 4.926615e-16 4.857226e-16
09 3.360925e-02 3.360925e-02 3.360925e-02 4.718448e-16 5.342948e-16
10 3.360925e-02 3.360925e-02 3.360925e-02 3.955170e-16 4.024558e-16
11 3.488629e-02 3.488629e-02 3.488629e-02 7.077672e-16 7.077672e-16
12 4.663988e-02 4.663988e-02 4.663988e-02 4.926615e-16 5.967449e-16
13 4.820242e-02 4.820242e-02 4.820242e-02 4.718448e-16 5.342948e-16
14 4.820242e-02 4.820242e-02 4.820242e-02 4.024558e-16 5.898060e-16
15 4.983381e-02 4.983381e-02 4.983381e-02 4.579670e-16 3.677614e-16
16 6.142594e-02 6.142594e-02 6.142594e-02 2.498002e-16 2.636780e-16
17 6.335507e-02 6.335507e-02 6.335507e-02 5.134781e-16 5.551115e-16
18 6.335507e-02 6.335507e-02 6.335507e-02 4.302114e-16 3.608225e-16
19 6.536816e-02 6.536816e-02 6.536816e-02 2.775558e-17 9.714451e-17
20 7.676862e-02 7.676862e-02 7.676862e-02 6.938894e-17 9.714451e-17
21 7.904383e-02 7.904383e-02 7.904383e-02 5.828671e-16 7.216450e-16
22 7.904383e-02 7.904383e-02 7.904383e-02 2.359224e-16 5.273559e-16
23 8.140616e-02 8.140616e-02 8.140616e-02 1.110223e-16 1.387779e-16
24 9.261371e-02 9.261371e-02 9.261371e-02 7.077672e-16 7.910339e-16
25 9.521091e-02 9.521091e-02 9.521091e-02 6.522560e-16 6.661338e-16
26 9.521091e-02 9.521091e-02 9.521091e-02 5.551115e-16 4.996004e-16
27 9.789732e-02 9.789732e-02 9.789732e-02 5.828671e-16 6.522560e-16
28 1.089021e-01 1.089021e-01 1.089021e-01 7.494005e-16 7.494005e-16
29 1.117968e-01 1.117968e-01 1.117968e-01 1.582068e-15 1.554312e-15
30 1.117968e-01 1.117968e-01 1.117968e-01 1.249001e-16 1.665335e-16
31 1.147802e-01 1.147802e-01 1.147802e-01 9.436896e-16 4.579670e-16
32 1.255726e-01 1.255726e-01 1.255726e-01 6.106227e-16 7.771561e-16
33 1.287399e-01 1.287399e-01 1.287399e-01 1.609823e-15 1.859624e-15
34 1.287399e-01 1.287399e-01 1.287399e-01 2.137179e-15 2.414735e-15
35 1.319938e-01 1.319938e-01 1.319938e-01 1.665335e-16 2.775558e-17
36 1.425633e-01 1.425633e-01 1.425633e-01 1.526557e-15 1.776357e-15
37 1.459774e-01 1.459774e-01 1.459774e-01 8.326673e-16 4.163336e-16
38 1.459774e-01 1.459774e-01 1.459774e-01 3.330669e-16 5.551115e-16
39 1.494745e-01 1.494745e-01 1.494745e-01 5.551115e-16 6.383782e-16
40 1.598118e-01 1.598118e-01 1.598118e-01 2.192690e-15 1.776357e-15
41 1.634468e-01 1.634468e-01 1.634468e-01 2.248202e-15 1.526557e-15
42 1.634468e-01 1.634468e-01 1.634468e-01 1.720846e-15 1.720846e-15
43 1.671603e-01 1.671603e-01 1.671603e-01 1.665335e-16 2.775558e-17
44 1.772567e-01 1.772567e-01 1.772567e-01 7.410739e-15 7.299716e-15
45 1.810866e-01 1.810866e-01 1.810866e-01 4.996004e-15 4.996004e-15
46 1.810866e-01 1.810866e-01 1.810866e-01 3.402834e-14 3.380629e-14
47 1.849893e-01 1.849893e-01 1.849893e-01 1.484923e-14 1.451617e-14
48 1.948380e-01 1.948380e-01 1.948380e-01 7.224776e-14 7.238654e-14
49 1.988370e-01 1.988370e-01 1.988370e-01 1.204037e-13 1.208478e-13
50 1.988370e-01 1.988370e-01 1.988370e-01 1.806888e-13 1.804945e-13
51 2.029026e-01 2.029026e-01 2.029026e-01 3.640421e-13 3.643474e-13
52 2.124980e-01 2.124980e-01 2.124980e-01 9.916790e-13 9.917900e-13
53 2.166407e-01 2.166407e-01 2.166407e-01 7.150391e-13 7.144840e-13
54 2.166407e-01 2.166407e-01 2.166407e-01 2.444767e-12 2.444905e-12
55 2.208433e-01 2.208433e-01 2.208433e-01 1.310729e-12 1.310535e-12
56 2.301815e-01 2.301815e-01 2.301815e-01 2.334896e-11 2.334863e-11
57 2.344434e-01 2.344434e-01 2.344434e-01 3.772677e-12 3.772233e-12
58 2.344434e-01 2.344434e-01 2.344434e-01 2.956052e-11 2.956022e-11
59 2.387584e-01 2.387584e-01 2.387584e-01 2.462322e-11 2.462364e-11
60 2.478370e-01 2.478370e-01 2.478370e-01 5.443687e-11 5.443720e-11
61 2.521946e-01 2.521946e-01 2.521946e-01 4.714773e-11 4.714773e-11
62 2.521946e-01 2.521946e-01 2.521946e-01 1.296873e-10 1.296874e-10
63 2.565981e-01 2.565981e-01 2.565981e-01 1.363101e-10 1.363101e-10
64 2.654163e-01 2.654163e-01 2.654163e-01 6.482960e-10 6.482956e-10
65 2.698472e-01 2.698472e-01 2.698472e-01 4.511972e-10 4.511968e-10
66 2.698472e-01 2.698472e-01 2.698472e-01 6.501026e-10 6.501023e-10
67 2.743170e-01 2.743170e-01 2.743170e-01 4.423771e-10 4.423772e-10
68 2.828752e-01 2.828752e-01 2.828752e-01 4.422950e-10 4.422956e-10
69 2.873583e-01 2.873583e-01 2.873583e-01 1.179911e-09 1.179911e-09
70 2.873583e-01 2.873583e-01 2.873583e-01 3.181698e-09 3.181698e-09
71 2.918735e-01 2.918735e-01 2.918735e-01 4.922290e-09 4.922289e-09
72 3.001736e-01 3.001736e-01 3.001736e-01 1.504085e-08 1.504085e-08
73 3.046893e-01 3.046893e-01 3.046893e-01 1.146773e-08 1.146773e-08
74 3.046893e-01 3.046893e-01 3.046893e-01 1.404397e-08 1.404397e-08
75 3.092305e-01 3.092304e-01 3.092304e-01 2.406227e-08 2.406227e-08
76 3.172754e-01 3.172753e-01 3.172753e-01 4.377852e-08 4.377852e-08
77 3.218056e-01 3.218056e-01 3.218056e-01 2.719602e-08 2.719602e-08
78 3.218058e-01 3.218056e-01 3.218056e-01 1.902657e-07 1.902657e-07
79 3.263550e-01 3.263550e-01 3.263550e-01 3.887310e-08 3.887310e-08
80 3.341485e-01 3.341484e-01 3.341484e-01 8.394069e-08 8.394069e-08
81 3.386769e-01 3.386768e-01 3.386768e-01 1.100641e-07 1.100641e-07
82 3.386771e-01 3.386768e-01 3.386768e-01 3.329133e-07 3.329133e-07
83 3.432186e-01 3.432182e-01 3.432182e-01 3.264228e-07 3.264228e-07
84 3.507652e-01 3.507650e-01 3.507650e-01 2.313126e-07 2.313126e-07
85 3.552768e-01 3.552764e-01 3.552764e-01 3.618173e-07 3.618173e-07
86 3.552782e-01 3.552764e-01 3.552764e-01 1.799212e-06 1.799212e-06
87 3.597963e-01 3.597955e-01 3.597955e-01 8.571530e-07 8.571530e-07
88 3.671029e-01 3.671009e-01 3.671009e-01 1.957944e-06 1.957944e-06
89 3.715835e-01 3.715821e-01 3.715821e-01 1.431881e-06 1.431881e-06
90 3.715846e-01 3.715821e-01 3.715821e-01 2.514350e-06 2.514350e-06
91 3.760693e-01 3.760657e-01 3.760657e-01 3.579147e-06 3.579147e-06
92 3.831402e-01 3.831358e-01 3.831358e-01 4.412122e-06 4.412122e-06
93 3.875798e-01 3.875748e-01 3.875748e-01 4.973209e-06 4.973209e-06
94 3.875978e-01 3.875748e-01 3.875748e-01 2.304646e-05 2.304646e-05
95 3.920169e-01 3.920116e-01 3.920116e-01 5.245225e-06 5.245225e-06
96 3.988742e-01 3.988528e-01 3.988528e-01 2.139017e-05 2.139017e-05
97 4.032499e-01 4.032392e-01 4.032392e-01 1.073510e-05 1.073510e-05
98 4.032687e-01 4.032392e-01 4.032392e-01 2.954833e-05 2.954833e-05
99 4.076425e-01 4.076193e-01 4.076193e-01 2.325628e-05 2.325628e-05
100 4.142615e-01 4.142382e-01 4.142382e-01 2.333864e-05 2.333864e-05
101 4.186305e-01 4.185629e-01 4.185629e-01 6.752396e-05 6.752396e-05
102 4.186427e-01 4.185629e-01 4.185629e-01 7.978305e-05 7.978305e-05
103 4.229280e-01 4.228776e-01 4.228776e-01 5.032930e-05 5.032930e-05
104 4.293485e-01 4.292813e-01 4.292813e-01 6.717569e-05 6.717569e-05
105 4.335805e-01 4.335367e-01 4.335367e-01 4.379560e-05 4.379560e-05
106 4.337014e-01 4.335367e-01 4.335367e-01 1.647314e-04 1.647314e-04
107 4.379558e-01 4.377787e-01 4.377787e-01 1.771340e-04 1.771340e-04
108 4.441862e-01 4.439743e-01 4.439743e-01 2.118762e-04 2.118762e-04
109 4.482251e-01 4.481537e-01 4.481537e-01 7.139660e-05 7.139660e-05
110 4.483123e-01 4.481537e-01 4.481537e-01 1.585811e-04 1.585811e-04
111 4.532907e-01 4.523169e-01 4.523169e-01 9.737995e-04 9.737995e-04
112 4.586026e-01 4.583115e-01 4.583115e-01 2.910312e-04 2.910312e-04
113 4.628760e-01 4.624096e-01 4.624096e-01 4.664559e-04 4.664559e-04
114 4.633937e-01 4.624096e-01 4.624096e-01 9.841420e-04 9.841420e-04
115 4.670464e-01 4.664889e-01 4.664889e-01 5.574990e-04 5.574990e-04
116 4.731244e-01 4.722899e-01 4.722899e-01 8.345685e-04 8.345685e-04
117 4.768149e-01 4.763021e-01 4.763021e-01 5.127841e-04 5.127841e-04
118 4.770902e-01 4.763021e-01 4.763021e-01 7.880750e-04 7.880750e-04
119 4.816402e-01 4.802936e-01 4.802936e-01 1.346593e-03 1.346593e-03
120 4.869266e-01 4.859079e-01 4.859079e-01 1.018680e-03 1.018680e-03
121 4.907801e-01 4.898309e-01 4.898309e-01 9.492521e-04 9.492521e-04
122 4.920347e-01 4.898309e-01 4.898309e-01 2.203809e-03 2.203809e-03
123 4.986148e-01 4.937313e-01 4.937313e-01 4.883462e-03 4.883462e-03
124 5.041829e-01 4.991661e-01 4.991661e-01 5.016764e-03 5.016764e-03
125 5.056988e-01 5.029972e-01 5.029972e-01 2.701607e-03 2.701607e-03
126 5.068527e-01 5.029972e-01 5.029972e-01 3.855541e-03 3.855541e-03
127 5.116740e-01 5.068042e-01 5.068042e-01 4.869736e-03 4.869736e-03
128 5.160162e-01 5.120665e-01 5.120665e-01 3.949703e-03 3.949703e-03
129 5.220645e-01 5.158036e-01 5.158036e-01 6.260873e-03 6.260873e-03
130 5.235614e-01 5.158036e-01 5.158036e-01 7.757769e-03 7.757769e-03
131 5.261138e-01 5.195157e-01 5.195157e-01 6.598175e-03 6.598175e-03
132 5.347812e-01 5.246120e-01 5.246120e-01 1.016920e-02 1.016920e-02
133 5.381081e-01 5.282541e-01 5.282541e-01 9.853972e-03 9.853972e-03
134 5.441531e-01 5.282541e-01 5.282541e-01 1.589899e-02 1.589899e-02
135 5.457030e-01 5.318701e-01 5.318701e-01 1.383291e-02 1.383291e-02
136 5.478616e-01 5.368072e-01 5.368072e-01 1.105434e-02 1.105434e-02
137 5.481743e-01 5.403535e-01 5.403535e-01 7.820827e-03 7.820827e-03
138 5.560308e-01 5.403535e-01 5.403535e-01 1.567729e-02 1.567729e-02
139 5.613553e-01 5.438730e-01 5.438730e-01 1.748230e-02 1.748230e-02
140 5.638852e-01 5.486573e-01 5.486573e-01 1.522797e-02 1.522797e-02
141 5.664288e-01 5.521076e-01 5.521076e-01 1.432119e-02 1.432119e-02
142 5.750931e-01 5.521076e-01 5.521076e-01 2.298557e-02 2.298557e-02
143 5.943574e-01 5.555307e-01 5.555307e-01 3.882675e-02 3.882675e-02
