# Hello World! This is dune-eigensolver.
# hardware number of threads is 128 number of threads used is 1
# 8 8
# Smallest eigenvalues convergence test

#  n: 67600 A.N(): 67600 br: 1
# GeneralizedSymmetricStewart:  time_total=3.499670e+00 time_factorization=3.179444e-01 time_eigendecomposition=5.744219e-03 time_matmul_dense=9.528135e-02 iterations=4

# Arpack: time_total=1.577555e+01 iterations=1

# Eigensolver elapsed time 3.504413e+00

# N=67600 M=144 ACCURACY=5.000000e-01 TOL=1.000000e-01 THRESHOLD=9.000000e-02 ESARERROR=9.654370e-01 ARPERROR=4.852399e-01 ESANERROR=1.387779e-15 TIMERATIO= 2.221420e-01 \\

## gen: stw     ARP-SMALL-TOL  ARPACK-TOL  ES-ARP-SMALL  ES-AR ERROR
00 -1.517883e-16 -1.025655e-16 -1.027824e-16 4.922278e-17 4.900594e-17
01 5.604527e-03 5.604527e-03 5.604527e-03 1.186117e-14 1.184990e-14
02 5.604527e-03 5.604527e-03 5.604527e-03 1.596553e-14 1.596466e-14
03 8.364570e-03 8.364570e-03 8.364570e-03 2.433435e-13 2.433401e-13
04 1.867846e-02 1.867846e-02 1.867846e-02 6.772986e-11 6.772984e-11
05 1.998226e-02 1.998226e-02 1.998226e-02 1.209953e-10 1.209953e-10
06 1.998226e-02 1.998226e-02 1.998226e-02 1.779106e-10 1.779106e-10
07 2.019289e-02 2.019289e-02 2.019289e-02 1.565428e-10 1.565428e-10
08 3.249102e-02 3.249102e-02 3.249102e-02 5.249806e-09 5.249806e-09
09 3.360925e-02 3.360925e-02 3.360925e-02 5.746871e-09 5.746871e-09
10 3.360926e-02 3.360925e-02 3.360925e-02 1.062142e-08 1.062142e-08
11 3.488630e-02 3.488629e-02 3.488629e-02 1.026989e-08 1.026989e-08
12 4.663996e-02 4.663988e-02 4.663988e-02 8.137422e-08 8.137422e-08
13 4.820251e-02 4.820242e-02 4.820242e-02 9.468108e-08 9.468108e-08
14 4.820254e-02 4.820242e-02 4.820242e-02 1.177127e-07 1.177127e-07
15 4.983398e-02 4.983381e-02 4.983381e-02 1.652363e-07 1.652363e-07
16 6.142655e-02 6.142594e-02 6.142594e-02 6.178147e-07 6.178147e-07
17 6.335601e-02 6.335507e-02 6.335507e-02 9.447352e-07 9.447352e-07
18 6.335636e-02 6.335507e-02 6.335507e-02 1.298530e-06 1.298530e-06
19 6.536942e-02 6.536816e-02 6.536816e-02 1.255070e-06 1.255070e-06
20 7.677246e-02 7.676862e-02 7.676862e-02 3.844342e-06 3.844342e-06
21 7.904899e-02 7.904383e-02 7.904383e-02 5.161129e-06 5.161129e-06
22 7.905051e-02 7.904383e-02 7.904383e-02 6.682190e-06 6.682190e-06
23 8.141363e-02 8.140616e-02 8.140616e-02 7.471439e-06 7.471439e-06
24 9.263225e-02 9.261371e-02 9.261371e-02 1.853369e-05 1.853369e-05
25 9.523430e-02 9.521091e-02 9.521091e-02 2.338438e-05 2.338438e-05
26 9.523834e-02 9.521091e-02 9.521091e-02 2.742810e-05 2.742810e-05
27 9.792680e-02 9.789732e-02 9.789732e-02 2.948554e-05 2.948554e-05
28 1.089469e-01 1.089021e-01 1.089021e-01 4.485648e-05 4.485648e-05
29 1.118600e-01 1.117968e-01 1.117968e-01 6.322594e-05 6.322594e-05
30 1.118847e-01 1.117968e-01 1.117968e-01 8.788963e-05 8.788963e-05
31 1.148746e-01 1.147802e-01 1.147802e-01 9.438324e-05 9.438324e-05
32 1.257078e-01 1.255726e-01 1.255726e-01 1.352291e-04 1.352291e-04
33 1.289387e-01 1.287399e-01 1.287399e-01 1.988101e-04 1.988101e-04
34 1.290125e-01 1.287399e-01 1.287399e-01 2.726226e-04 2.726226e-04
35 1.322810e-01 1.319938e-01 1.319938e-01 2.871802e-04 2.871802e-04
36 1.430395e-01 1.425633e-01 1.425633e-01 4.762083e-04 4.762083e-04
37 1.466787e-01 1.459774e-01 1.459774e-01 7.013022e-04 7.013022e-04
38 1.467579e-01 1.459774e-01 1.459774e-01 7.805623e-04 7.805623e-04
39 1.502764e-01 1.494745e-01 1.494745e-01 8.018170e-04 8.018170e-04
40 1.607914e-01 1.598118e-01 1.598118e-01 9.795861e-04 9.795861e-04
41 1.645539e-01 1.634468e-01 1.634468e-01 1.107070e-03 1.107070e-03
42 1.648880e-01 1.634468e-01 1.634468e-01 1.441199e-03 1.441199e-03
43 1.686986e-01 1.671603e-01 1.671603e-01 1.538349e-03 1.538349e-03
44 1.798159e-01 1.772567e-01 1.772567e-01 2.559128e-03 2.559128e-03
45 1.835979e-01 1.810866e-01 1.810866e-01 2.511288e-03 2.511288e-03
46 1.871525e-01 1.810866e-01 1.810866e-01 6.065902e-03 6.065902e-03
47 1.887615e-01 1.849893e-01 1.849893e-01 3.772171e-03 3.772171e-03
48 2.002023e-01 1.948380e-01 1.948380e-01 5.364252e-03 5.364252e-03
49 2.044380e-01 1.988370e-01 1.988370e-01 5.601061e-03 5.601061e-03
50 2.053993e-01 1.988370e-01 1.988370e-01 6.562330e-03 6.562330e-03
51 2.100879e-01 2.029026e-01 2.029026e-01 7.185316e-03 7.185316e-03
52 2.221754e-01 2.124980e-01 2.124980e-01 9.677403e-03 9.677403e-03
53 2.244137e-01 2.166407e-01 2.166407e-01 7.773035e-03 7.773035e-03
54 2.308756e-01 2.166407e-01 2.166407e-01 1.423493e-02 1.423493e-02
55 2.350332e-01 2.208433e-01 2.208433e-01 1.418981e-02 1.418981e-02
56 2.480811e-01 2.301815e-01 2.301815e-01 1.789962e-02 1.789962e-02
57 2.524452e-01 2.344434e-01 2.344434e-01 1.800181e-02 1.800181e-02
58 2.540590e-01 2.344434e-01 2.344434e-01 1.961556e-02 1.961556e-02
59 2.618522e-01 2.387584e-01 2.387584e-01 2.309380e-02 2.309380e-02
60 2.735169e-01 2.478370e-01 2.478370e-01 2.567990e-02 2.567990e-02
61 2.810683e-01 2.521946e-01 2.521946e-01 2.887370e-02 2.887370e-02
62 2.967438e-01 2.521946e-01 2.521946e-01 4.454927e-02 4.454927e-02
63 3.007928e-01 2.565981e-01 2.565981e-01 4.419467e-02 4.419467e-02
64 3.092424e-01 2.654163e-01 2.654163e-01 4.382603e-02 4.382603e-02
65 3.240660e-01 2.698472e-01 2.698472e-01 5.421882e-02 5.421882e-02
66 3.304340e-01 2.698472e-01 2.698472e-01 6.058684e-02 6.058684e-02
67 3.409462e-01 2.743170e-01 2.743170e-01 6.662924e-02 6.662924e-02
68 3.611522e-01 2.828752e-01 2.828752e-01 7.827700e-02 7.827700e-02
69 3.671669e-01 2.873583e-01 2.873583e-01 7.980860e-02 7.980860e-02
70 3.783216e-01 2.873583e-01 2.873583e-01 9.096333e-02 9.096333e-02
71 3.816980e-01 2.918735e-01 2.918735e-01 8.982457e-02 8.982457e-02
72 4.151339e-01 3.001736e-01 3.001736e-01 1.149603e-01 1.149603e-01
73 4.412071e-01 3.046893e-01 3.046893e-01 1.365178e-01 1.365178e-01
74 4.504925e-01 3.046893e-01 3.046893e-01 1.458032e-01 1.458032e-01
75 4.598699e-01 3.092304e-01 3.092304e-01 1.506394e-01 1.506394e-01
76 4.724022e-01 3.172753e-01 3.172753e-01 1.551269e-01 1.551269e-01
77 4.917557e-01 3.218056e-01 3.218056e-01 1.699501e-01 1.699501e-01
78 5.015530e-01 3.218056e-01 3.218056e-01 1.797474e-01 1.797474e-01
79 5.165589e-01 3.263550e-01 3.263550e-01 1.902040e-01 1.902040e-01
80 5.493558e-01 3.341484e-01 3.341484e-01 2.152074e-01 2.152074e-01
81 5.703117e-01 3.386768e-01 3.386768e-01 2.316350e-01 2.316350e-01
82 5.846605e-01 3.386768e-01 3.386768e-01 2.459838e-01 2.459838e-01
83 5.951468e-01 3.432182e-01 3.432182e-01 2.519286e-01 2.519286e-01
84 6.165760e-01 3.507650e-01 3.507650e-01 2.658110e-01 2.658110e-01
85 6.302935e-01 3.552764e-01 3.552764e-01 2.750170e-01 2.750170e-01
86 6.498343e-01 3.552764e-01 3.552764e-01 2.945579e-01 2.945579e-01
87 6.622165e-01 3.597955e-01 3.597955e-01 3.024210e-01 3.024210e-01
88 6.895558e-01 3.671009e-01 3.671009e-01 3.224549e-01 3.224549e-01
89 6.941027e-01 3.715821e-01 3.715821e-01 3.225207e-01 3.225207e-01
90 7.075881e-01 3.715821e-01 3.715821e-01 3.360060e-01 3.360060e-01
91 7.282496e-01 3.760657e-01 3.760657e-01 3.521839e-01 3.521839e-01
92 7.579712e-01 3.831358e-01 3.831358e-01 3.748354e-01 3.748354e-01
93 7.637891e-01 3.875748e-01 3.875748e-01 3.762143e-01 3.762143e-01
94 7.807445e-01 3.875748e-01 3.875748e-01 3.931697e-01 3.931697e-01
95 7.944219e-01 3.920116e-01 3.920116e-01 4.024102e-01 4.024102e-01
96 8.072511e-01 3.988528e-01 3.988528e-01 4.083983e-01 4.083983e-01
97 8.213221e-01 4.032392e-01 4.032392e-01 4.180829e-01 4.180829e-01
98 8.315716e-01 4.032392e-01 4.032392e-01 4.283324e-01 4.283324e-01
99 8.338533e-01 4.076193e-01 4.076193e-01 4.262340e-01 4.262340e-01
100 8.466985e-01 4.142382e-01 4.142382e-01 4.324603e-01 4.324603e-01
101 8.595827e-01 4.185629e-01 4.185629e-01 4.410198e-01 4.410198e-01
102 8.735824e-01 4.185629e-01 4.185629e-01 4.550195e-01 4.550195e-01
103 8.885652e-01 4.228776e-01 4.228776e-01 4.656875e-01 4.656875e-01
104 8.991753e-01 4.292813e-01 4.292813e-01 4.698939e-01 4.698939e-01
105 8.995995e-01 4.335367e-01 4.335367e-01 4.660628e-01 4.660628e-01
106 9.057742e-01 4.335367e-01 4.335367e-01 4.722376e-01 4.722376e-01
107 9.074752e-01 4.377787e-01 4.377787e-01 4.696965e-01 4.696965e-01
108 9.148981e-01 4.439743e-01 4.439743e-01 4.709238e-01 4.709238e-01
109 9.239903e-01 4.481537e-01 4.481537e-01 4.758366e-01 4.758366e-01
110 9.291821e-01 4.481537e-01 4.481537e-01 4.810285e-01 4.810285e-01
111 9.367930e-01 4.523169e-01 4.523169e-01 4.844761e-01 4.844761e-01
112 9.422438e-01 4.583115e-01 4.583115e-01 4.839322e-01 4.839322e-01
113 9.439165e-01 4.624096e-01 4.624096e-01 4.815069e-01 4.815069e-01
114 9.476494e-01 4.624096e-01 4.624096e-01 4.852399e-01 4.852399e-01
115 9.480141e-01 4.664889e-01 4.664889e-01 4.815252e-01 4.815252e-01
116 9.505500e-01 4.722899e-01 4.722899e-01 4.782601e-01 4.782601e-01
117 9.554170e-01 4.763021e-01 4.763021e-01 4.791149e-01 4.791149e-01
118 9.584074e-01 4.763021e-01 4.763021e-01 4.821053e-01 4.821053e-01
119 9.596824e-01 4.802936e-01 4.802936e-01 4.793889e-01 4.793889e-01
120 9.642343e-01 4.859079e-01 4.859079e-01 4.783264e-01 4.783264e-01
121 9.664162e-01 4.898309e-01 4.898309e-01 4.765853e-01 4.765853e-01
122 9.699899e-01 4.898309e-01 4.898309e-01 4.801590e-01 4.801590e-01
123 9.728499e-01 4.937313e-01 4.937313e-01 4.791186e-01 4.791186e-01
124 9.742694e-01 4.991661e-01 4.991661e-01 4.751032e-01 4.751032e-01
125 9.776543e-01 5.029972e-01 5.029972e-01 4.746571e-01 4.746571e-01
126 9.781217e-01 5.029972e-01 5.029972e-01 4.751245e-01 4.751245e-01
127 9.788599e-01 5.068042e-01 5.068042e-01 4.720557e-01 4.720557e-01
128 9.808682e-01 5.120665e-01 5.120665e-01 4.688017e-01 4.688017e-01
129 9.826058e-01 5.158036e-01 5.158036e-01 4.668022e-01 4.668022e-01
130 9.841900e-01 5.158036e-01 5.158036e-01 4.683864e-01 4.683864e-01
131 9.846857e-01 5.195157e-01 5.195157e-01 4.651701e-01 4.651701e-01
132 9.859635e-01 5.246120e-01 5.246120e-01 4.613515e-01 4.613515e-01
133 9.861925e-01 5.282541e-01 5.282541e-01 4.579384e-01 4.579384e-01
134 9.872406e-01 5.282541e-01 5.282541e-01 4.589865e-01 4.589865e-01
135 9.879070e-01 5.318701e-01 5.318701e-01 4.560369e-01 4.560369e-01
136 9.887508e-01 5.368072e-01 5.368072e-01 4.519436e-01 4.519436e-01
137 9.906001e-01 5.403535e-01 5.403535e-01 4.502466e-01 4.502466e-01
138 9.916149e-01 5.403535e-01 5.403535e-01 4.512614e-01 4.512614e-01
139 9.921685e-01 5.438730e-01 5.438730e-01 4.482955e-01 4.482955e-01
140 9.930326e-01 5.486573e-01 5.486573e-01 4.443754e-01 4.443754e-01
141 9.933922e-01 5.521076e-01 5.521076e-01 4.412846e-01 4.412846e-01
142 9.937660e-01 5.521076e-01 5.521076e-01 4.416584e-01 4.416584e-01
143 9.943788e-01 5.555307e-01 5.555307e-01 4.388481e-01 4.388481e-01
