# Hello World! This is dune-eigensolver.
# hardware number of threads is 128 number of threads used is 1
# 8 8
# Smallest eigenvalues convergence test

#  n: 67600 A.N(): 67600 br: 1
# GeneralizedSymmetricStewart:  time_total=8.007269e+00 time_factorization=3.247757e-01 time_eigendecomposition=1.545248e-02 time_matmul_dense=9.590699e-02 iterations=10

# Arpack: time_total=1.572787e+01 iterations=1

# Eigensolver elapsed time 8.011163e+00

# N=67600 M=144 ACCURACY=7.500000e-01 TOL=2.000000e-03 THRESHOLD=9.000000e-02 ESARERROR=6.522007e-01 ARPERROR=1.256118e-01 ESANERROR=1.387779e-15 TIMERATIO= 5.093610e-01 \\

## gen: stw     ARP-SMALL-TOL  ARPACK-TOL  ES-ARP-SMALL  ES-AR ERROR
00 1.147303e-15 -1.025655e-16 -1.027824e-16 1.249868e-15 1.250085e-15
01 5.604527e-03 5.604527e-03 5.604527e-03 1.951564e-16 1.838807e-16
02 5.604527e-03 5.604527e-03 5.604527e-03 1.760744e-16 1.752071e-16
03 8.364570e-03 8.364570e-03 8.364570e-03 1.318390e-16 1.353084e-16
04 1.867846e-02 1.867846e-02 1.867846e-02 9.367507e-17 1.110223e-16
05 1.998226e-02 1.998226e-02 1.998226e-02 1.387779e-17 2.081668e-17
06 1.998226e-02 1.998226e-02 1.998226e-02 9.714451e-17 5.551115e-17
07 2.019289e-02 2.019289e-02 2.019289e-02 1.040834e-17 2.428613e-17
08 3.249102e-02 3.249102e-02 3.249102e-02 4.579670e-16 4.510281e-16
09 3.360925e-02 3.360925e-02 3.360925e-02 6.245005e-17 0.000000e+00
10 3.360925e-02 3.360925e-02 3.360925e-02 1.387779e-17 6.938894e-18
11 3.488629e-02 3.488629e-02 3.488629e-02 2.775558e-16 2.775558e-16
12 4.663988e-02 4.663988e-02 4.663988e-02 4.440892e-16 3.400058e-16
13 4.820242e-02 4.820242e-02 4.820242e-02 1.734723e-16 2.359224e-16
14 4.820242e-02 4.820242e-02 4.820242e-02 4.579670e-16 2.706169e-16
15 4.983381e-02 4.983381e-02 4.983381e-02 2.220446e-16 3.122502e-16
16 6.142594e-02 6.142594e-02 6.142594e-02 6.730727e-16 6.869505e-16
17 6.335507e-02 6.335507e-02 6.335507e-02 2.220446e-16 2.636780e-16
18 6.335507e-02 6.335507e-02 6.335507e-02 4.996004e-16 5.689893e-16
19 6.536816e-02 6.536816e-02 6.536816e-02 1.526557e-16 2.220446e-16
20 7.676862e-02 7.676862e-02 7.676862e-02 1.804112e-16 1.387779e-17
21 7.904383e-02 7.904383e-02 7.904383e-02 9.714451e-16 1.110223e-15
22 7.904383e-02 7.904383e-02 7.904383e-02 2.775558e-16 1.387779e-17
23 8.140616e-02 8.140616e-02 8.140616e-02 3.469447e-16 3.747003e-16
24 9.261371e-02 9.261371e-02 9.261371e-02 1.040834e-15 1.124101e-15
25 9.521091e-02 9.521091e-02 9.521091e-02 3.330669e-16 3.469447e-16
26 9.521091e-02 9.521091e-02 9.521091e-02 2.470246e-15 2.414735e-15
27 9.789732e-02 9.789732e-02 9.789732e-02 1.887379e-15 1.956768e-15
28 1.089021e-01 1.089021e-01 1.089021e-01 3.844147e-15 3.844147e-15
29 1.117968e-01 1.117968e-01 1.117968e-01 9.631185e-15 9.658940e-15
30 1.117968e-01 1.117968e-01 1.117968e-01 1.604272e-14 1.608436e-14
31 1.147802e-01 1.147802e-01 1.147802e-01 8.895662e-15 9.381385e-15
32 1.255726e-01 1.255726e-01 1.255726e-01 5.187517e-14 5.204170e-14
33 1.287399e-01 1.287399e-01 1.287399e-01 1.062483e-13 1.064981e-13
34 1.287399e-01 1.287399e-01 1.287399e-01 2.119971e-13 2.122746e-13
35 1.319938e-01 1.319938e-01 1.319938e-01 1.849632e-13 1.848244e-13
36 1.425633e-01 1.425633e-01 1.425633e-01 7.763234e-13 7.765733e-13
37 1.459774e-01 1.459774e-01 1.459774e-01 1.371042e-12 1.371459e-12
38 1.459774e-01 1.459774e-01 1.459774e-01 2.361972e-12 2.362194e-12
39 1.494745e-01 1.494745e-01 1.494745e-01 1.879830e-12 1.879913e-12
40 1.598118e-01 1.598118e-01 1.598118e-01 1.032696e-11 1.032738e-11
41 1.634468e-01 1.634468e-01 1.634468e-01 1.109940e-11 1.109868e-11
42 1.634468e-01 1.634468e-01 1.634468e-01 1.944106e-11 1.944106e-11
43 1.671603e-01 1.671603e-01 1.671603e-01 2.248884e-11 2.248904e-11
44 1.772567e-01 1.772567e-01 1.772567e-01 7.272841e-11 7.272830e-11
45 1.810866e-01 1.810866e-01 1.810866e-01 5.389439e-11 5.389439e-11
46 1.810866e-01 1.810866e-01 1.810866e-01 3.294427e-10 3.294425e-10
47 1.849893e-01 1.849893e-01 1.849893e-01 1.668761e-10 1.668758e-10
48 1.948380e-01 1.948380e-01 1.948380e-01 5.340848e-10 5.340849e-10
49 1.988370e-01 1.988370e-01 1.988370e-01 7.718176e-10 7.718181e-10
50 1.988370e-01 1.988370e-01 1.988370e-01 9.633651e-10 9.633649e-10
51 2.029026e-01 2.029026e-01 2.029026e-01 1.580162e-09 1.580162e-09
52 2.124980e-01 2.124980e-01 2.124980e-01 2.597464e-09 2.597464e-09
53 2.166407e-01 2.166407e-01 2.166407e-01 2.357263e-09 2.357262e-09
54 2.166407e-01 2.166407e-01 2.166407e-01 5.215259e-09 5.215260e-09
55 2.208433e-01 2.208433e-01 2.208433e-01 3.341024e-09 3.341023e-09
56 2.301816e-01 2.301815e-01 2.301815e-01 3.132615e-08 3.132615e-08
57 2.344434e-01 2.344434e-01 2.344434e-01 8.379398e-09 8.379397e-09
58 2.344435e-01 2.344434e-01 2.344434e-01 2.947033e-08 2.947033e-08
59 2.387584e-01 2.387584e-01 2.387584e-01 2.859340e-08 2.859340e-08
60 2.478371e-01 2.478370e-01 2.478370e-01 4.652344e-08 4.652344e-08
61 2.521946e-01 2.521946e-01 2.521946e-01 4.992065e-08 4.992065e-08
62 2.521947e-01 2.521946e-01 2.521946e-01 7.759095e-08 7.759095e-08
63 2.565982e-01 2.565981e-01 2.565981e-01 9.247645e-08 9.247645e-08
64 2.654166e-01 2.654163e-01 2.654163e-01 3.045161e-07 3.045161e-07
65 2.698474e-01 2.698472e-01 2.698472e-01 2.048180e-07 2.048180e-07
66 2.698474e-01 2.698472e-01 2.698472e-01 2.795912e-07 2.795912e-07
67 2.743172e-01 2.743170e-01 2.743170e-01 2.017058e-07 2.017058e-07
68 2.828755e-01 2.828752e-01 2.828752e-01 2.568148e-07 2.568148e-07
69 2.873589e-01 2.873583e-01 2.873583e-01 5.408347e-07 5.408347e-07
70 2.873593e-01 2.873583e-01 2.873583e-01 1.030471e-06 1.030471e-06
71 2.918749e-01 2.918735e-01 2.918735e-01 1.410984e-06 1.410984e-06
72 3.001763e-01 3.001736e-01 3.001736e-01 2.672129e-06 2.672129e-06
73 3.046915e-01 3.046893e-01 3.046893e-01 2.227977e-06 2.227977e-06
74 3.046920e-01 3.046893e-01 3.046893e-01 2.699515e-06 2.699515e-06
75 3.092339e-01 3.092304e-01 3.092304e-01 3.462500e-06 3.462500e-06
76 3.172803e-01 3.172753e-01 3.172753e-01 4.989485e-06 4.989485e-06
77 3.218092e-01 3.218056e-01 3.218056e-01 3.609765e-06 3.609765e-06
78 3.218228e-01 3.218056e-01 3.218056e-01 1.717020e-05 1.717020e-05
79 3.263597e-01 3.263550e-01 3.263550e-01 4.714495e-06 4.714495e-06
80 3.341557e-01 3.341484e-01 3.341484e-01 7.289391e-06 7.289391e-06
81 3.386883e-01 3.386768e-01 3.386768e-01 1.156253e-05 1.156253e-05
82 3.386989e-01 3.386768e-01 3.386768e-01 2.214143e-05 2.214143e-05
83 3.432420e-01 3.432182e-01 3.432182e-01 2.380368e-05 2.380368e-05
84 3.507780e-01 3.507650e-01 3.507650e-01 1.298577e-05 1.298577e-05
85 3.552985e-01 3.552764e-01 3.552764e-01 2.211699e-05 2.211699e-05
86 3.553664e-01 3.552764e-01 3.552764e-01 9.000246e-05 9.000246e-05
87 3.598365e-01 3.597955e-01 3.597955e-01 4.106260e-05 4.106260e-05
88 3.671805e-01 3.671009e-01 3.671009e-01 7.952285e-05 7.952285e-05
89 3.716330e-01 3.715821e-01 3.715821e-01 5.090412e-05 5.090412e-05
90 3.716711e-01 3.715821e-01 3.715821e-01 8.901265e-05 8.901265e-05
91 3.762052e-01 3.760657e-01 3.760657e-01 1.394545e-04 1.394545e-04
92 3.833186e-01 3.831358e-01 3.831358e-01 1.827621e-04 1.827621e-04
93 3.877375e-01 3.875748e-01 3.875748e-01 1.627063e-04 1.627063e-04
94 3.881237e-01 3.875748e-01 3.875748e-01 5.488808e-04 5.488808e-04
95 3.921917e-01 3.920116e-01 3.920116e-01 1.800607e-04 1.800607e-04
96 3.992361e-01 3.988528e-01 3.988528e-01 3.832967e-04 3.832967e-04
97 4.035179e-01 4.032392e-01 4.032392e-01 2.787318e-04 2.787318e-04
98 4.037637e-01 4.032392e-01 4.032392e-01 5.245062e-04 5.245062e-04
99 4.081966e-01 4.076193e-01 4.076193e-01 5.773732e-04 5.773732e-04
100 4.146170e-01 4.142382e-01 4.142382e-01 3.788297e-04 3.788297e-04
101 4.194602e-01 4.185629e-01 4.185629e-01 8.972489e-04 8.972489e-04
102 4.199761e-01 4.185629e-01 4.185629e-01 1.413206e-03 1.413206e-03
103 4.239193e-01 4.228776e-01 4.228776e-01 1.041665e-03 1.041665e-03
104 4.301805e-01 4.292813e-01 4.292813e-01 8.991434e-04 8.991434e-04
105 4.342546e-01 4.335367e-01 4.335367e-01 7.178967e-04 7.178967e-04
106 4.356865e-01 4.335367e-01 4.335367e-01 2.149791e-03 2.149791e-03
107 4.394518e-01 4.377787e-01 4.377787e-01 1.673145e-03 1.673145e-03
108 4.458574e-01 4.439743e-01 4.439743e-01 1.883141e-03 1.883141e-03
109 4.491566e-01 4.481537e-01 4.481537e-01 1.002922e-03 1.002922e-03
110 4.499376e-01 4.481537e-01 4.481537e-01 1.783910e-03 1.783910e-03
111 4.577561e-01 4.523169e-01 4.523169e-01 5.439236e-03 5.439236e-03
112 4.608567e-01 4.583115e-01 4.583115e-01 2.545179e-03 2.545179e-03
113 4.657944e-01 4.624096e-01 4.624096e-01 3.384788e-03 3.384788e-03
114 4.682927e-01 4.624096e-01 4.624096e-01 5.883101e-03 5.883101e-03
115 4.702938e-01 4.664889e-01 4.664889e-01 3.804816e-03 3.804816e-03
116 4.777227e-01 4.722899e-01 4.722899e-01 5.432791e-03 5.432791e-03
117 4.800722e-01 4.763021e-01 4.763021e-01 3.770130e-03 3.770130e-03
118 4.818179e-01 4.763021e-01 4.763021e-01 5.515830e-03 5.515830e-03
119 4.882413e-01 4.802936e-01 4.802936e-01 7.947679e-03 7.947679e-03
120 4.914651e-01 4.859079e-01 4.859079e-01 5.557193e-03 5.557193e-03
121 4.966662e-01 4.898309e-01 4.898309e-01 6.835365e-03 6.835365e-03
122 4.987107e-01 4.898309e-01 4.898309e-01 8.879860e-03 8.879860e-03
123 5.100567e-01 4.937313e-01 4.937313e-01 1.632541e-02 1.632541e-02
124 5.150105e-01 4.991661e-01 4.991661e-01 1.584432e-02 1.584432e-02
125 5.165198e-01 5.029972e-01 5.029972e-01 1.352265e-02 1.352265e-02
126 5.206872e-01 5.029972e-01 5.029972e-01 1.769006e-02 1.769006e-02
127 5.271727e-01 5.068042e-01 5.068042e-01 2.036848e-02 2.036848e-02
128 5.301808e-01 5.120665e-01 5.120665e-01 1.811437e-02 1.811437e-02
129 5.384668e-01 5.158036e-01 5.158036e-01 2.266315e-02 2.266315e-02
130 5.392727e-01 5.158036e-01 5.158036e-01 2.346909e-02 2.346909e-02
131 5.506290e-01 5.195157e-01 5.195157e-01 3.111330e-02 3.111330e-02
132 5.550820e-01 5.246120e-01 5.246120e-01 3.046999e-02 3.046999e-02
133 5.637535e-01 5.282541e-01 5.282541e-01 3.549943e-02 3.549943e-02
134 5.658868e-01 5.282541e-01 5.282541e-01 3.763267e-02 3.763267e-02
135 5.744456e-01 5.318701e-01 5.318701e-01 4.257553e-02 4.257553e-02
136 5.849836e-01 5.368072e-01 5.368072e-01 4.817636e-02 4.817636e-02
137 5.974946e-01 5.403535e-01 5.403535e-01 5.714109e-02 5.714109e-02
138 6.010857e-01 5.403535e-01 5.403535e-01 6.073224e-02 6.073224e-02
139 6.109301e-01 5.438730e-01 5.438730e-01 6.705707e-02 6.705707e-02
140 6.269278e-01 5.486573e-01 5.486573e-01 7.827055e-02 7.827055e-02
141 6.291048e-01 5.521076e-01 5.521076e-01 7.699719e-02 7.699719e-02
142 6.595919e-01 5.521076e-01 5.521076e-01 1.074843e-01 1.074843e-01
143 6.811424e-01 5.555307e-01 5.555307e-01 1.256118e-01 1.256118e-01
