# Hello World! This is dune-eigensolver.
# hardware number of threads is 128 number of threads used is 1
# 8 8
# Smallest eigenvalues convergence test

#  n: 67600 A.N(): 67600 br: 1
# GeneralizedInverse:  time_total=2.487373e+01 time_factorization=3.184766e-01 iterations=40

# Arpack: time_total=1.577767e+01 iterations=1

# Eigensolver elapsed time 2.487748e+01

# N=67600 M=144 ACCURACY=5.000000e-01 TOL=2.000000e-02 THRESHOLD=9.000000e-02 ESARERROR=5.325673e-01 ARPERROR=7.653337e-03 ESANERROR=1.387779e-15 TIMERATIO= 1.576752e+00 \\

## gen: ftw     ARP-SMALL-TOL  ARPACK-TOL  ES-ARP-SMALL  ES-AR ERROR
00 1.340941e-15 -1.025655e-16 -1.027824e-16 1.443507e-15 1.443724e-15
01 5.604527e-03 5.604527e-03 5.604527e-03 9.194034e-17 8.066464e-17
02 5.604527e-03 5.604527e-03 5.604527e-03 2.365989e-14 2.365903e-14
03 8.364570e-03 8.364570e-03 8.364570e-03 2.413000e-14 2.413347e-14
04 1.868514e-02 1.867846e-02 1.867846e-02 6.681774e-06 6.681774e-06
05 1.998292e-02 1.998226e-02 1.998226e-02 6.593522e-07 6.593522e-07
06 2.008338e-02 1.998226e-02 1.998226e-02 1.011253e-04 1.011253e-04
07 2.008443e-02 2.019289e-02 2.019289e-02 1.084665e-04 1.084665e-04
08 3.263862e-02 3.249102e-02 3.249102e-02 1.476051e-04 1.476051e-04
09 3.348498e-02 3.360925e-02 3.360925e-02 1.242671e-04 1.242671e-04
10 3.361147e-02 3.360925e-02 3.360925e-02 2.222020e-06 2.222020e-06
11 3.486073e-02 3.488629e-02 3.488629e-02 2.556010e-05 2.556010e-05
12 4.666101e-02 4.663988e-02 4.663988e-02 2.113616e-05 2.113616e-05
13 4.820264e-02 4.820242e-02 4.820242e-02 2.219134e-07 2.219134e-07
14 4.826799e-02 4.820242e-02 4.820242e-02 6.556788e-05 6.556788e-05
15 4.974700e-02 4.983381e-02 4.983381e-02 8.681309e-05 8.681309e-05
16 6.150987e-02 6.142594e-02 6.142594e-02 8.392972e-05 8.392972e-05
17 6.383438e-02 6.335507e-02 6.335507e-02 4.793108e-04 4.793108e-04
18 6.405468e-02 6.335507e-02 6.335507e-02 6.996098e-04 6.996098e-04
19 6.410534e-02 6.536816e-02 6.536816e-02 1.262825e-03 1.262825e-03
20 7.680976e-02 7.676862e-02 7.676862e-02 4.114448e-05 4.114448e-05
21 7.911682e-02 7.904383e-02 7.904383e-02 7.298468e-05 7.298468e-05
22 7.957754e-02 7.904383e-02 7.904383e-02 5.337090e-04 5.337090e-04
23 8.075874e-02 8.140616e-02 8.140616e-02 6.474246e-04 6.474246e-04
24 9.401394e-02 9.261371e-02 9.261371e-02 1.400225e-03 1.400225e-03
25 9.438580e-02 9.521091e-02 9.521091e-02 8.251123e-04 8.251123e-04
26 9.520706e-02 9.521091e-02 9.521091e-02 3.850276e-06 3.850276e-06
27 9.744929e-02 9.789732e-02 9.789732e-02 4.480255e-04 4.480255e-04
28 1.089458e-01 1.089021e-01 1.089021e-01 4.376613e-05 4.376613e-05
29 1.117761e-01 1.117968e-01 1.117968e-01 2.068156e-05 2.068156e-05
30 1.128223e-01 1.117968e-01 1.117968e-01 1.025459e-03 1.025459e-03
31 1.168019e-01 1.147802e-01 1.147802e-01 2.021734e-03 2.021734e-03
32 1.254465e-01 1.255726e-01 1.255726e-01 1.260996e-04 1.260996e-04
33 1.278057e-01 1.287399e-01 1.287399e-01 9.341898e-04 9.341898e-04
34 1.280435e-01 1.287399e-01 1.287399e-01 6.963365e-04 6.963365e-04
35 1.307121e-01 1.319938e-01 1.319938e-01 1.281649e-03 1.281649e-03
36 1.425252e-01 1.425633e-01 1.425633e-01 3.808860e-05 3.808860e-05
37 1.460183e-01 1.459774e-01 1.459774e-01 4.090089e-05 4.090089e-05
38 1.477263e-01 1.459774e-01 1.459774e-01 1.748893e-03 1.748893e-03
39 1.477961e-01 1.494745e-01 1.494745e-01 1.678420e-03 1.678420e-03
40 1.615169e-01 1.598118e-01 1.598118e-01 1.705050e-03 1.705050e-03
41 1.633555e-01 1.634468e-01 1.634468e-01 9.131849e-05 9.131849e-05
42 1.639105e-01 1.634468e-01 1.634468e-01 4.637304e-04 4.637304e-04
43 1.689320e-01 1.671603e-01 1.671603e-01 1.771709e-03 1.771709e-03
44 1.741923e-01 1.772567e-01 1.772567e-01 3.064441e-03 3.064441e-03
45 1.811358e-01 1.810866e-01 1.810866e-01 4.917096e-05 4.917096e-05
46 1.812314e-01 1.810866e-01 1.810866e-01 1.447669e-04 1.447669e-04
47 1.840143e-01 1.849893e-01 1.849893e-01 9.750726e-04 9.750726e-04
48 1.956338e-01 1.948380e-01 1.948380e-01 7.958085e-04 7.958085e-04
49 1.989438e-01 1.988370e-01 1.988370e-01 1.068709e-04 1.068709e-04
50 1.989952e-01 1.988370e-01 1.988370e-01 1.582501e-04 1.582501e-04
51 2.017728e-01 2.029026e-01 2.029026e-01 1.129800e-03 1.129800e-03
52 2.149067e-01 2.124980e-01 2.124980e-01 2.408697e-03 2.408697e-03
53 2.153096e-01 2.166407e-01 2.166407e-01 1.331044e-03 1.331044e-03
54 2.200661e-01 2.166407e-01 2.166407e-01 3.425433e-03 3.425433e-03
55 2.239889e-01 2.208433e-01 2.208433e-01 3.145515e-03 3.145515e-03
56 2.260829e-01 2.301815e-01 2.301815e-01 4.098642e-03 4.098642e-03
57 2.324491e-01 2.344434e-01 2.344434e-01 1.994374e-03 1.994374e-03
58 2.398259e-01 2.344434e-01 2.344434e-01 5.382505e-03 5.382505e-03
59 2.403251e-01 2.387584e-01 2.387584e-01 1.566685e-03 1.566685e-03
60 2.475757e-01 2.478370e-01 2.478370e-01 2.613242e-04 2.613242e-04
61 2.483477e-01 2.521946e-01 2.521946e-01 3.846917e-03 3.846917e-03
62 2.489722e-01 2.521946e-01 2.521946e-01 3.222418e-03 3.222418e-03
63 2.609502e-01 2.565981e-01 2.565981e-01 4.352034e-03 4.352034e-03
64 2.654813e-01 2.654163e-01 2.654163e-01 6.496870e-05 6.496870e-05
65 2.666415e-01 2.698472e-01 2.698472e-01 3.205616e-03 3.205616e-03
66 2.692268e-01 2.698472e-01 2.698472e-01 6.203379e-04 6.203379e-04
67 2.741735e-01 2.743170e-01 2.743170e-01 1.434385e-04 1.434385e-04
68 2.835533e-01 2.828752e-01 2.828752e-01 6.780555e-04 6.780555e-04
69 2.863228e-01 2.873583e-01 2.873583e-01 1.035485e-03 1.035485e-03
70 2.882943e-01 2.873583e-01 2.873583e-01 9.360276e-04 9.360276e-04
71 2.915050e-01 2.918735e-01 2.918735e-01 3.684354e-04 3.684354e-04
72 3.042679e-01 3.001736e-01 3.001736e-01 4.094331e-03 4.094331e-03
73 3.045437e-01 3.046893e-01 3.046893e-01 1.456392e-04 1.456392e-04
74 3.046637e-01 3.046893e-01 3.046893e-01 2.559267e-05 2.559267e-05
75 3.072508e-01 3.092304e-01 3.092304e-01 1.979651e-03 1.979651e-03
76 3.163502e-01 3.172753e-01 3.172753e-01 9.251553e-04 9.251553e-04
77 3.224814e-01 3.218056e-01 3.218056e-01 6.757596e-04 6.757596e-04
78 3.290473e-01 3.218056e-01 3.218056e-01 7.241749e-03 7.241749e-03
79 3.300367e-01 3.263550e-01 3.263550e-01 3.681786e-03 3.681786e-03
80 3.312752e-01 3.341484e-01 3.341484e-01 2.873289e-03 2.873289e-03
81 3.316029e-01 3.386768e-01 3.386768e-01 7.073866e-03 7.073866e-03
82 3.382526e-01 3.386768e-01 3.386768e-01 4.241904e-04 4.241904e-04
83 3.427064e-01 3.432182e-01 3.432182e-01 5.118188e-04 5.118188e-04
84 3.500898e-01 3.507650e-01 3.507650e-01 6.752440e-04 6.752440e-04
85 3.551847e-01 3.552764e-01 3.552764e-01 9.175504e-05 9.175504e-05
86 3.556832e-01 3.552764e-01 3.552764e-01 4.067560e-04 4.067560e-04
87 3.606632e-01 3.597955e-01 3.597955e-01 8.677851e-04 8.677851e-04
88 3.671908e-01 3.671009e-01 3.671009e-01 8.990408e-05 8.990408e-05
89 3.722012e-01 3.715821e-01 3.715821e-01 6.190913e-04 6.190913e-04
90 3.727272e-01 3.715821e-01 3.715821e-01 1.145111e-03 1.145111e-03
91 3.744745e-01 3.760657e-01 3.760657e-01 1.591231e-03 1.591231e-03
92 3.830258e-01 3.831358e-01 3.831358e-01 1.100147e-04 1.100147e-04
93 3.885166e-01 3.875748e-01 3.875748e-01 9.418308e-04 9.418308e-04
94 3.913095e-01 3.875748e-01 3.875748e-01 3.734733e-03 3.734733e-03
95 3.931297e-01 3.920116e-01 3.920116e-01 1.118015e-03 1.118015e-03
96 3.977888e-01 3.988528e-01 3.988528e-01 1.063982e-03 1.063982e-03
97 4.012841e-01 4.032392e-01 4.032392e-01 1.955033e-03 1.955033e-03
98 4.031189e-01 4.032392e-01 4.032392e-01 1.202639e-04 1.202639e-04
99 4.104535e-01 4.076193e-01 4.076193e-01 2.834286e-03 2.834286e-03
100 4.149933e-01 4.142382e-01 4.142382e-01 7.550941e-04 7.550941e-04
101 4.177690e-01 4.185629e-01 4.185629e-01 7.939700e-04 7.939700e-04
102 4.198244e-01 4.185629e-01 4.185629e-01 1.261483e-03 1.261483e-03
103 4.245480e-01 4.228776e-01 4.228776e-01 1.670334e-03 1.670334e-03
104 4.286628e-01 4.292813e-01 4.292813e-01 6.185310e-04 6.185310e-04
105 4.306465e-01 4.335367e-01 4.335367e-01 2.890153e-03 2.890153e-03
106 4.348244e-01 4.335367e-01 4.335367e-01 1.287756e-03 1.287756e-03
107 4.414423e-01 4.377787e-01 4.377787e-01 3.663596e-03 3.663596e-03
108 4.427933e-01 4.439743e-01 4.439743e-01 1.180994e-03 1.180994e-03
109 4.484340e-01 4.481537e-01 4.481537e-01 2.803592e-04 2.803592e-04
110 4.496580e-01 4.481537e-01 4.481537e-01 1.504352e-03 1.504352e-03
111 4.545321e-01 4.523169e-01 4.523169e-01 2.215249e-03 2.215249e-03
112 4.549603e-01 4.583115e-01 4.583115e-01 3.351263e-03 3.351263e-03
113 4.610515e-01 4.624096e-01 4.624096e-01 1.358074e-03 1.358074e-03
114 4.667054e-01 4.624096e-01 4.624096e-01 4.295808e-03 4.295808e-03
115 4.698881e-01 4.664889e-01 4.664889e-01 3.399128e-03 3.399128e-03
116 4.716432e-01 4.722899e-01 4.722899e-01 6.466638e-04 6.466638e-04
117 4.743516e-01 4.763021e-01 4.763021e-01 1.950455e-03 1.950455e-03
118 4.757510e-01 4.763021e-01 4.763021e-01 5.511363e-04 5.511363e-04
119 4.803721e-01 4.802936e-01 4.802936e-01 7.854192e-05 7.854192e-05
120 4.812320e-01 4.859079e-01 4.859079e-01 4.675945e-03 4.675945e-03
121 4.896616e-01 4.898309e-01 4.898309e-01 1.692847e-04 1.692847e-04
122 4.912850e-01 4.898309e-01 4.898309e-01 1.454156e-03 1.454156e-03
123 4.933960e-01 4.937313e-01 4.937313e-01 3.353303e-04 3.353303e-04
124 5.068195e-01 4.991661e-01 4.991661e-01 7.653337e-03 7.653337e-03
125 5.072299e-01 5.029972e-01 5.029972e-01 4.232775e-03 4.232775e-03
126 5.080293e-01 5.029972e-01 5.029972e-01 5.032128e-03 5.032128e-03
127 5.082392e-01 5.068042e-01 5.068042e-01 1.434983e-03 1.434983e-03
128 5.128263e-01 5.120665e-01 5.120665e-01 7.598882e-04 7.598882e-04
129 5.160100e-01 5.158036e-01 5.158036e-01 2.063964e-04 2.063964e-04
130 5.161151e-01 5.158036e-01 5.158036e-01 3.114423e-04 3.114423e-04
131 5.184816e-01 5.195157e-01 5.195157e-01 1.034077e-03 1.034077e-03
132 5.238767e-01 5.246120e-01 5.246120e-01 7.353709e-04 7.353709e-04
133 5.249530e-01 5.282541e-01 5.282541e-01 3.301116e-03 3.301116e-03
134 5.301433e-01 5.282541e-01 5.282541e-01 1.889174e-03 1.889174e-03
135 5.322715e-01 5.318701e-01 5.318701e-01 4.013459e-04 4.013459e-04
136 5.337705e-01 5.368072e-01 5.368072e-01 3.036726e-03 3.036726e-03
137 5.360142e-01 5.403535e-01 5.403535e-01 4.339319e-03 4.339319e-03
138 5.439828e-01 5.403535e-01 5.403535e-01 3.629283e-03 3.629283e-03
139 5.448776e-01 5.438730e-01 5.438730e-01 1.004523e-03 1.004523e-03
140 5.449701e-01 5.486573e-01 5.486573e-01 3.687128e-03 3.687128e-03
141 5.476106e-01 5.521076e-01 5.521076e-01 4.496949e-03 4.496949e-03
142 5.551348e-01 5.521076e-01 5.521076e-01 3.027203e-03 3.027203e-03
143 5.615090e-01 5.555307e-01 5.555307e-01 5.978320e-03 5.978320e-03
