# Hello World! This is dune-eigensolver.
# hardware number of threads is 128 number of threads used is 1
# 8 8
# Smallest eigenvalues convergence test

#  n: 67600 A.N(): 67600 br: 1
# GeneralizedSymmetricStewart:  time_total=8.607544e+00 time_factorization=3.202593e-01 time_eigendecomposition=1.698407e-02 time_matmul_dense=9.709920e-02 iterations=11

# Arpack: time_total=1.576251e+01 iterations=1

# Eigensolver elapsed time 8.611964e+00

# N=67600 M=144 ACCURACY=7.500000e-01 TOL=1.000000e-03 THRESHOLD=9.000000e-02 ESARERROR=6.046448e-01 ARPERROR=7.805580e-02 ESANERROR=1.387779e-15 TIMERATIO= 5.463574e-01 \\

## gen: stw     ARP-SMALL-TOL  ARPACK-TOL  ES-ARP-SMALL  ES-AR ERROR
00 9.844556e-16 -1.025655e-16 -1.027824e-16 1.087021e-15 1.087238e-15
01 5.604527e-03 5.604527e-03 5.604527e-03 1.405126e-16 1.517883e-16
02 5.604527e-03 5.604527e-03 5.604527e-03 3.816392e-17 3.903128e-17
03 8.364570e-03 8.364570e-03 8.364570e-03 1.491862e-16 1.526557e-16
04 1.867846e-02 1.867846e-02 1.867846e-02 3.226586e-16 3.400058e-16
05 1.998226e-02 1.998226e-02 1.998226e-02 5.551115e-16 5.204170e-16
06 1.998226e-02 1.998226e-02 1.998226e-02 4.475587e-16 4.059253e-16
07 2.019289e-02 2.019289e-02 2.019289e-02 5.828671e-16 5.967449e-16
08 3.249102e-02 3.249102e-02 3.249102e-02 3.122502e-16 3.191891e-16
09 3.360925e-02 3.360925e-02 3.360925e-02 9.367507e-16 9.992007e-16
10 3.360925e-02 3.360925e-02 3.360925e-02 1.110223e-16 1.179612e-16
11 3.488629e-02 3.488629e-02 3.488629e-02 3.538836e-16 3.538836e-16
12 4.663988e-02 4.663988e-02 4.663988e-02 6.175616e-16 5.134781e-16
13 4.820242e-02 4.820242e-02 4.820242e-02 1.179612e-16 1.804112e-16
14 4.820242e-02 4.820242e-02 4.820242e-02 3.747003e-16 1.873501e-16
15 4.983381e-02 4.983381e-02 4.983381e-02 5.134781e-16 6.036838e-16
16 6.142594e-02 6.142594e-02 6.142594e-02 6.938894e-17 5.551115e-17
17 6.335507e-02 6.335507e-02 6.335507e-02 5.273559e-16 5.689893e-16
18 6.335507e-02 6.335507e-02 6.335507e-02 6.522560e-16 7.216450e-16
19 6.536816e-02 6.536816e-02 6.536816e-02 1.942890e-16 1.249001e-16
20 7.676862e-02 7.676862e-02 7.676862e-02 1.193490e-15 1.360023e-15
21 7.904383e-02 7.904383e-02 7.904383e-02 3.608225e-16 4.996004e-16
22 7.904383e-02 7.904383e-02 7.904383e-02 3.747003e-16 6.661338e-16
23 8.140616e-02 8.140616e-02 8.140616e-02 8.049117e-16 7.771561e-16
24 9.261371e-02 9.261371e-02 9.261371e-02 2.192690e-15 2.275957e-15
25 9.521091e-02 9.521091e-02 9.521091e-02 2.969847e-15 2.955969e-15
26 9.521091e-02 9.521091e-02 9.521091e-02 9.853229e-16 1.040834e-15
27 9.789732e-02 9.789732e-02 9.789732e-02 8.326673e-17 1.526557e-16
28 1.089021e-01 1.089021e-01 1.089021e-01 9.714451e-17 9.714451e-17
29 1.117968e-01 1.117968e-01 1.117968e-01 1.776357e-15 1.748601e-15
30 1.117968e-01 1.117968e-01 1.117968e-01 6.938894e-17 1.110223e-16
31 1.147802e-01 1.147802e-01 1.147802e-01 4.163336e-16 6.938894e-17
32 1.255726e-01 1.255726e-01 1.255726e-01 2.498002e-15 2.664535e-15
33 1.287399e-01 1.287399e-01 1.287399e-01 4.246603e-15 4.496403e-15
34 1.287399e-01 1.287399e-01 1.287399e-01 1.185163e-14 1.212919e-14
35 1.319938e-01 1.319938e-01 1.319938e-01 1.110223e-14 1.096345e-14
36 1.425633e-01 1.425633e-01 1.425633e-01 4.266032e-14 4.291012e-14
37 1.459774e-01 1.459774e-01 1.459774e-01 7.316370e-14 7.358003e-14
38 1.459774e-01 1.459774e-01 1.459774e-01 1.404432e-13 1.406653e-13
39 1.494745e-01 1.494745e-01 1.494745e-01 1.169065e-13 1.169898e-13
40 1.598118e-01 1.598118e-01 1.598118e-01 7.289169e-13 7.293333e-13
41 1.634468e-01 1.634468e-01 1.634468e-01 8.521794e-13 8.514578e-13
42 1.634468e-01 1.634468e-01 1.634468e-01 1.464551e-12 1.464551e-12
43 1.671603e-01 1.671603e-01 1.671603e-01 1.698225e-12 1.698419e-12
44 1.772567e-01 1.772567e-01 1.772567e-01 6.525919e-12 6.525808e-12
45 1.810866e-01 1.810866e-01 1.810866e-01 4.261230e-12 4.261230e-12
46 1.810866e-01 1.810866e-01 1.810866e-01 3.081596e-11 3.081574e-11
47 1.849893e-01 1.849893e-01 1.849893e-01 1.546754e-11 1.546721e-11
48 1.948380e-01 1.948380e-01 1.948380e-01 5.382408e-11 5.382422e-11
49 1.988370e-01 1.988370e-01 1.988370e-01 7.902648e-11 7.902692e-11
50 1.988370e-01 1.988370e-01 1.988370e-01 1.041583e-10 1.041581e-10
51 2.029026e-01 2.029026e-01 2.029026e-01 1.880336e-10 1.880339e-10
52 2.124980e-01 2.124980e-01 2.124980e-01 3.362250e-10 3.362251e-10
53 2.166407e-01 2.166407e-01 2.166407e-01 2.854636e-10 2.854631e-10
54 2.166407e-01 2.166407e-01 2.166407e-01 7.146156e-10 7.146158e-10
55 2.208433e-01 2.208433e-01 2.208433e-01 4.225459e-10 4.225457e-10
56 2.301815e-01 2.301815e-01 2.301815e-01 4.980071e-09 4.980070e-09
57 2.344434e-01 2.344434e-01 2.344434e-01 1.090793e-09 1.090793e-09
58 2.344434e-01 2.344434e-01 2.344434e-01 5.058755e-09 5.058755e-09
59 2.387584e-01 2.387584e-01 2.387584e-01 4.599143e-09 4.599143e-09
60 2.478370e-01 2.478370e-01 2.478370e-01 7.995168e-09 7.995168e-09
61 2.521946e-01 2.521946e-01 2.521946e-01 7.420301e-09 7.420301e-09
62 2.521946e-01 2.521946e-01 2.521946e-01 1.459556e-08 1.459556e-08
63 2.565981e-01 2.565981e-01 2.565981e-01 1.678997e-08 1.678997e-08
64 2.654164e-01 2.654163e-01 2.654163e-01 6.240330e-08 6.240330e-08
65 2.698472e-01 2.698472e-01 2.698472e-01 4.212858e-08 4.212858e-08
66 2.698472e-01 2.698472e-01 2.698472e-01 5.572327e-08 5.572327e-08
67 2.743170e-01 2.743170e-01 2.743170e-01 4.001133e-08 4.001133e-08
68 2.828753e-01 2.828752e-01 2.828752e-01 4.415708e-08 4.415708e-08
69 2.873584e-01 2.873583e-01 2.873583e-01 1.028636e-07 1.028636e-07
70 2.873585e-01 2.873583e-01 2.873583e-01 2.234271e-07 2.234271e-07
71 2.918738e-01 2.918735e-01 2.918735e-01 3.057538e-07 3.057538e-07
72 3.001743e-01 3.001736e-01 3.001736e-01 6.840464e-07 6.840464e-07
73 3.046898e-01 3.046893e-01 3.046893e-01 5.384615e-07 5.384615e-07
74 3.046900e-01 3.046893e-01 3.046893e-01 6.707819e-07 6.707819e-07
75 3.092314e-01 3.092304e-01 3.092304e-01 9.099636e-07 9.099636e-07
76 3.172767e-01 3.172753e-01 3.172753e-01 1.394973e-06 1.394973e-06
77 3.218066e-01 3.218056e-01 3.218056e-01 9.559624e-07 9.559624e-07
78 3.218110e-01 3.218056e-01 3.218056e-01 5.442435e-06 5.442435e-06
79 3.263562e-01 3.263550e-01 3.263550e-01 1.248510e-06 1.248510e-06
80 3.341506e-01 3.341484e-01 3.341484e-01 2.108296e-06 2.108296e-06
81 3.386799e-01 3.386768e-01 3.386768e-01 3.153567e-06 3.153567e-06
82 3.386839e-01 3.386768e-01 3.386768e-01 7.149054e-06 7.149054e-06
83 3.432256e-01 3.432182e-01 3.432182e-01 7.388899e-06 7.388899e-06
84 3.507693e-01 3.507650e-01 3.507650e-01 4.284836e-06 4.284836e-06
85 3.552833e-01 3.552764e-01 3.552764e-01 6.908470e-06 6.908470e-06
86 3.553083e-01 3.552764e-01 3.552764e-01 3.184183e-05 3.184183e-05
87 3.598098e-01 3.597955e-01 3.597955e-01 1.430238e-05 1.430238e-05
88 3.671307e-01 3.671009e-01 3.671009e-01 2.976847e-05 2.976847e-05
89 3.716008e-01 3.715821e-01 3.715821e-01 1.872859e-05 1.872859e-05
90 3.716142e-01 3.715821e-01 3.715821e-01 3.214816e-05 3.214816e-05
91 3.761170e-01 3.760657e-01 3.760657e-01 5.124605e-05 5.124605e-05
92 3.832002e-01 3.831358e-01 3.831358e-01 6.435255e-05 6.435255e-05
93 3.876359e-01 3.875748e-01 3.875748e-01 6.109364e-05 6.109364e-05
94 3.878011e-01 3.875748e-01 3.875748e-01 2.263430e-04 2.263430e-04
95 3.920769e-01 3.920116e-01 3.920116e-01 6.520811e-05 6.520811e-05
96 3.990281e-01 3.988528e-01 3.988528e-01 1.753031e-04 1.753031e-04
97 4.033488e-01 4.032392e-01 4.032392e-01 1.095876e-04 1.095876e-04
98 4.034707e-01 4.032392e-01 4.032392e-01 2.315323e-04 2.315323e-04
99 4.078450e-01 4.076193e-01 4.076193e-01 2.257829e-04 2.257829e-04
100 4.144050e-01 4.142382e-01 4.142382e-01 1.668147e-04 1.668147e-04
101 4.190031e-01 4.185629e-01 4.185629e-01 4.401213e-04 4.401213e-04
102 4.191921e-01 4.185629e-01 4.185629e-01 6.291972e-04 6.291972e-04
103 4.233150e-01 4.228776e-01 4.228776e-01 4.373758e-04 4.373758e-04
104 4.297037e-01 4.292813e-01 4.292813e-01 4.223264e-04 4.223264e-04
105 4.338442e-01 4.335367e-01 4.335367e-01 3.075507e-04 3.075507e-04
106 4.345340e-01 4.335367e-01 4.335367e-01 9.972887e-04 9.972887e-04
107 4.386598e-01 4.377787e-01 4.377787e-01 8.811304e-04 8.811304e-04
108 4.449531e-01 4.439743e-01 4.439743e-01 9.788541e-04 9.788541e-04
109 4.485955e-01 4.481537e-01 4.481537e-01 4.417756e-04 4.417756e-04
110 4.489978e-01 4.481537e-01 4.481537e-01 8.440971e-04 8.440971e-04
111 4.555510e-01 4.523169e-01 4.523169e-01 3.234159e-03 3.234159e-03
112 4.595477e-01 4.583115e-01 4.583115e-01 1.236156e-03 1.236156e-03
113 4.643052e-01 4.624096e-01 4.624096e-01 1.895661e-03 1.895661e-03
114 4.657485e-01 4.624096e-01 4.624096e-01 3.338887e-03 3.338887e-03
115 4.685859e-01 4.664889e-01 4.664889e-01 2.096931e-03 2.096931e-03
116 4.753063e-01 4.722899e-01 4.722899e-01 3.016431e-03 3.016431e-03
117 4.781872e-01 4.763021e-01 4.763021e-01 1.885105e-03 1.885105e-03
118 4.791901e-01 4.763021e-01 4.763021e-01 2.888005e-03 2.888005e-03
119 4.848648e-01 4.802936e-01 4.802936e-01 4.571176e-03 4.571176e-03
120 4.891065e-01 4.859079e-01 4.859079e-01 3.198534e-03 3.198534e-03
121 4.933742e-01 4.898309e-01 4.898309e-01 3.543314e-03 3.543314e-03
122 4.952301e-01 4.898309e-01 4.898309e-01 5.399250e-03 5.399250e-03
123 5.053672e-01 4.937313e-01 4.937313e-01 1.163589e-02 1.163589e-02
124 5.098049e-01 4.991661e-01 4.991661e-01 1.063871e-02 1.063871e-02
125 5.109643e-01 5.029972e-01 5.029972e-01 7.967138e-03 7.967138e-03
126 5.155634e-01 5.029972e-01 5.029972e-01 1.256622e-02 1.256622e-02
127 5.166134e-01 5.068042e-01 5.068042e-01 9.809177e-03 9.809177e-03
128 5.218756e-01 5.120665e-01 5.120665e-01 9.809140e-03 9.809140e-03
129 5.307018e-01 5.158036e-01 5.158036e-01 1.489822e-02 1.489822e-02
130 5.309483e-01 5.158036e-01 5.158036e-01 1.514472e-02 1.514472e-02
131 5.376075e-01 5.195157e-01 5.195157e-01 1.809184e-02 1.809184e-02
132 5.453260e-01 5.246120e-01 5.246120e-01 2.071398e-02 2.071398e-02
133 5.516658e-01 5.282541e-01 5.282541e-01 2.341169e-02 2.341169e-02
134 5.549677e-01 5.282541e-01 5.282541e-01 2.671355e-02 2.671355e-02
135 5.571816e-01 5.318701e-01 5.318701e-01 2.531149e-02 2.531149e-02
136 5.625232e-01 5.368072e-01 5.368072e-01 2.571596e-02 2.571596e-02
137 5.698828e-01 5.403535e-01 5.403535e-01 2.952934e-02 2.952934e-02
138 5.765340e-01 5.403535e-01 5.403535e-01 3.618048e-02 3.618048e-02
139 5.848003e-01 5.438730e-01 5.438730e-01 4.092724e-02 4.092724e-02
140 5.880655e-01 5.486573e-01 5.486573e-01 3.940818e-02 3.940818e-02
141 5.939376e-01 5.521076e-01 5.521076e-01 4.182999e-02 4.182999e-02
142 6.097085e-01 5.521076e-01 5.521076e-01 5.760094e-02 5.760094e-02
143 6.335865e-01 5.555307e-01 5.555307e-01 7.805580e-02 7.805580e-02
