# Hello World! This is dune-eigensolver.
# hardware number of threads is 128 number of threads used is 1
# 8 8
# Smallest eigenvalues convergence test

#  n: 67600 A.N(): 67600 br: 1
# GeneralizedInverse:  time_total=2.076125e+02 time_factorization=3.204779e-01 iterations=335

# Arpack: time_total=1.569585e+01 iterations=1

# Eigensolver elapsed time 2.076167e+02

# N=67600 M=144 ACCURACY=5.000000e-01 TOL=1.000000e-04 THRESHOLD=9.000000e-02 ESARERROR=5.266328e-01 ARPERROR=1.954115e-03 ESANERROR=1.387779e-15 TIMERATIO= 1.322749e+01 \\

## gen: ftw     ARP-SMALL-TOL  ARPACK-TOL  ES-ARP-SMALL  ES-AR ERROR
00 1.343977e-15 -1.025655e-16 -1.027824e-16 1.446543e-15 1.446759e-15
01 5.604527e-03 5.604527e-03 5.604527e-03 2.081668e-17 3.209238e-17
02 5.604527e-03 5.604527e-03 5.604527e-03 3.903128e-17 3.989864e-17
03 8.364570e-03 8.364570e-03 8.364570e-03 3.365364e-16 3.400058e-16
04 1.867846e-02 1.867846e-02 1.867846e-02 3.989864e-16 4.163336e-16
05 1.998285e-02 1.998226e-02 1.998226e-02 5.919784e-07 5.919784e-07
06 2.002315e-02 1.998226e-02 1.998226e-02 4.089191e-05 4.089191e-05
07 2.015141e-02 2.019289e-02 2.019289e-02 4.148389e-05 4.148389e-05
08 3.249102e-02 3.249102e-02 3.249102e-02 6.506046e-13 6.506115e-13
09 3.360925e-02 3.360925e-02 3.360925e-02 6.403766e-13 6.404391e-13
10 3.360925e-02 3.360925e-02 3.360925e-02 2.359224e-16 2.289835e-16
11 3.488629e-02 3.488629e-02 3.488629e-02 1.251083e-14 1.251083e-14
12 4.663988e-02 4.663988e-02 4.663988e-02 1.146444e-13 1.145403e-13
13 4.820242e-02 4.820242e-02 4.820242e-02 2.081668e-16 1.457168e-16
14 4.820242e-02 4.820242e-02 4.820242e-02 2.760570e-13 2.758696e-13
15 4.983381e-02 4.983381e-02 4.983381e-02 3.929912e-13 3.929010e-13
16 6.142594e-02 6.142594e-02 6.142594e-02 6.482662e-13 6.482523e-13
17 6.335507e-02 6.335507e-02 6.335507e-02 7.243012e-12 7.242970e-12
18 6.335507e-02 6.335507e-02 6.335507e-02 3.647389e-11 3.647396e-11
19 6.536816e-02 6.536816e-02 6.536816e-02 4.436729e-11 4.436722e-11
20 7.676862e-02 7.676862e-02 7.676862e-02 9.853784e-13 9.855450e-13
21 7.904383e-02 7.904383e-02 7.904383e-02 4.775569e-12 4.775430e-12
22 7.904383e-02 7.904383e-02 7.904383e-02 2.569986e-11 2.569957e-11
23 8.140616e-02 8.140616e-02 8.140616e-02 3.146240e-11 3.146237e-11
24 9.261371e-02 9.261371e-02 9.261371e-02 2.402982e-10 2.402983e-10
25 9.521091e-02 9.521091e-02 9.521091e-02 8.927033e-11 8.927031e-11
26 9.521091e-02 9.521091e-02 9.521091e-02 8.783183e-11 8.783188e-11
27 9.789732e-02 9.789732e-02 9.789732e-02 6.319711e-11 6.319704e-11
28 1.089021e-01 1.089021e-01 1.089021e-01 3.474734e-11 3.474734e-11
29 1.117968e-01 1.117968e-01 1.117968e-01 3.460454e-12 3.460426e-12
30 1.117968e-01 1.117968e-01 1.117968e-01 3.549124e-10 3.549125e-10
31 1.147802e-01 1.147802e-01 1.147802e-01 3.862006e-10 3.862001e-10
32 1.255727e-01 1.255726e-01 1.255726e-01 4.209783e-08 4.209783e-08
33 1.287398e-01 1.287399e-01 1.287399e-01 3.996185e-08 3.996185e-08
34 1.287399e-01 1.287399e-01 1.287399e-01 1.557294e-09 1.557294e-09
35 1.319938e-01 1.319938e-01 1.319938e-01 5.786838e-10 5.786839e-10
36 1.425633e-01 1.425633e-01 1.425633e-01 7.176329e-11 7.176354e-11
37 1.459774e-01 1.459774e-01 1.459774e-01 3.489606e-11 3.489647e-11
38 1.459774e-01 1.459774e-01 1.459774e-01 3.150115e-09 3.150115e-09
39 1.494745e-01 1.494745e-01 1.494745e-01 3.256775e-09 3.256775e-09
40 1.598118e-01 1.598118e-01 1.598118e-01 6.469472e-09 6.469472e-09
41 1.634468e-01 1.634468e-01 1.634468e-01 1.796596e-09 1.796597e-09
42 1.634468e-01 1.634468e-01 1.634468e-01 3.662593e-09 3.662593e-09
43 1.671603e-01 1.671603e-01 1.671603e-01 8.335469e-09 8.335469e-09
44 1.772567e-01 1.772567e-01 1.772567e-01 1.399139e-09 1.399139e-09
45 1.810866e-01 1.810866e-01 1.810866e-01 5.492939e-12 5.492939e-12
46 1.810867e-01 1.810866e-01 1.810866e-01 6.907915e-08 6.907915e-08
47 1.849893e-01 1.849893e-01 1.849893e-01 7.048378e-08 7.048378e-08
48 1.948380e-01 1.948380e-01 1.948380e-01 7.795829e-09 7.795829e-09
49 1.988370e-01 1.988370e-01 1.988370e-01 8.087594e-11 8.087550e-11
50 1.988370e-01 1.988370e-01 1.988370e-01 7.042642e-10 7.042640e-10
51 2.029026e-01 2.029026e-01 2.029026e-01 8.419218e-09 8.419217e-09
52 2.124980e-01 2.124980e-01 2.124980e-01 3.471601e-08 3.471601e-08
53 2.166406e-01 2.166407e-01 2.166407e-01 2.207256e-08 2.207256e-08
54 2.166408e-01 2.166407e-01 2.166407e-01 1.809913e-07 1.809913e-07
55 2.208431e-01 2.208433e-01 2.208433e-01 1.936344e-07 1.936344e-07
56 2.301815e-01 2.301815e-01 2.301815e-01 1.871256e-08 1.871256e-08
57 2.344434e-01 2.344434e-01 2.344434e-01 1.562915e-08 1.562916e-08
58 2.344436e-01 2.344434e-01 2.344434e-01 1.705073e-07 1.705073e-07
59 2.387582e-01 2.387584e-01 2.387584e-01 1.735893e-07 1.735893e-07
60 2.478372e-01 2.478370e-01 2.478370e-01 1.795453e-07 1.795453e-07
61 2.521944e-01 2.521946e-01 2.521946e-01 1.631958e-07 1.631958e-07
62 2.521946e-01 2.521946e-01 2.521946e-01 1.870188e-08 1.870188e-08
63 2.565981e-01 2.565981e-01 2.565981e-01 3.505088e-08 3.505088e-08
64 2.654164e-01 2.654163e-01 2.654163e-01 9.837174e-08 9.837174e-08
65 2.698471e-01 2.698472e-01 2.698472e-01 6.163529e-08 6.163529e-08
66 2.698471e-01 2.698472e-01 2.698472e-01 1.755518e-08 1.755518e-08
67 2.743169e-01 2.743170e-01 2.743170e-01 1.918072e-08 1.918072e-08
68 2.828754e-01 2.828752e-01 2.828752e-01 1.106837e-07 1.106837e-07
69 2.873583e-01 2.873583e-01 2.873583e-01 3.846961e-08 3.846961e-08
70 2.873583e-01 2.873583e-01 2.873583e-01 4.177357e-09 4.177357e-09
71 2.918734e-01 2.918735e-01 2.918735e-01 6.802924e-08 6.802924e-08
72 3.001905e-01 3.001736e-01 3.001736e-01 1.692207e-05 1.692207e-05
73 3.046738e-01 3.046893e-01 3.046893e-01 1.553022e-05 1.553022e-05
74 3.046880e-01 3.046893e-01 3.046893e-01 1.289518e-06 1.289518e-06
75 3.092304e-01 3.092304e-01 3.092304e-01 8.477263e-08 8.477263e-08
76 3.172755e-01 3.172753e-01 3.172753e-01 2.202044e-07 2.202044e-07
77 3.218057e-01 3.218056e-01 3.218056e-01 7.070797e-08 7.070797e-08
78 3.218074e-01 3.218056e-01 3.218056e-01 1.775431e-06 1.775431e-06
79 3.263529e-01 3.263550e-01 3.263550e-01 2.032282e-06 2.032282e-06
80 3.341522e-01 3.341484e-01 3.341484e-01 3.743563e-06 3.743563e-06
81 3.386731e-01 3.386768e-01 3.386768e-01 3.630078e-06 3.630078e-06
82 3.386771e-01 3.386768e-01 3.386768e-01 3.717210e-07 3.717210e-07
83 3.432177e-01 3.432182e-01 3.432182e-01 5.348038e-07 5.348038e-07
84 3.507650e-01 3.507650e-01 3.507650e-01 7.081425e-09 7.081424e-09
85 3.552765e-01 3.552764e-01 3.552764e-01 7.520457e-08 7.520457e-08
86 3.552768e-01 3.552764e-01 3.552764e-01 3.850045e-07 3.850045e-07
87 3.597950e-01 3.597955e-01 3.597955e-01 4.604027e-07 4.604027e-07
88 3.671100e-01 3.671009e-01 3.671009e-01 9.047613e-06 9.047613e-06
89 3.715780e-01 3.715821e-01 3.715821e-01 4.039098e-06 4.039098e-06
90 3.715922e-01 3.715821e-01 3.715821e-01 1.013941e-05 1.013941e-05
91 3.760506e-01 3.760657e-01 3.760657e-01 1.514601e-05 1.514601e-05
92 3.833574e-01 3.831358e-01 3.831358e-01 2.216090e-04 2.216090e-04
93 3.873537e-01 3.875748e-01 3.875748e-01 2.210883e-04 2.210883e-04
94 3.875768e-01 3.875748e-01 3.875748e-01 1.975270e-06 1.975270e-06
95 3.920407e-01 3.920116e-01 3.920116e-01 2.907022e-05 2.907022e-05
96 3.988364e-01 3.988528e-01 3.988528e-01 1.642739e-05 1.642739e-05
97 4.032308e-01 4.032392e-01 4.032392e-01 8.408740e-06 8.408740e-06
98 4.032328e-01 4.032392e-01 4.032392e-01 6.427362e-06 6.427362e-06
99 4.076249e-01 4.076193e-01 4.076193e-01 5.632502e-06 5.632502e-06
100 4.142350e-01 4.142382e-01 4.142382e-01 3.258351e-06 3.258351e-06
101 4.185709e-01 4.185629e-01 4.185629e-01 7.938556e-06 7.938556e-06
102 4.185765e-01 4.185629e-01 4.185629e-01 1.358660e-05 1.358660e-05
103 4.228535e-01 4.228776e-01 4.228776e-01 2.408719e-05 2.408719e-05
104 4.292837e-01 4.292813e-01 4.292813e-01 2.364567e-06 2.364567e-06
105 4.335419e-01 4.335367e-01 4.335367e-01 5.212399e-06 5.212399e-06
106 4.337747e-01 4.335367e-01 4.335367e-01 2.379765e-04 2.379765e-04
107 4.375331e-01 4.377787e-01 4.377787e-01 2.455663e-04 2.455663e-04
108 4.439744e-01 4.439743e-01 4.439743e-01 1.309495e-07 1.309495e-07
109 4.481568e-01 4.481537e-01 4.481537e-01 3.080782e-06 3.080782e-06
110 4.481676e-01 4.481537e-01 4.481537e-01 1.390782e-05 1.390782e-05
111 4.523000e-01 4.523169e-01 4.523169e-01 1.693316e-05 1.693316e-05
112 4.584993e-01 4.583115e-01 4.583115e-01 1.877067e-04 1.877067e-04
113 4.622253e-01 4.624096e-01 4.624096e-01 1.842921e-04 1.842921e-04
114 4.643637e-01 4.624096e-01 4.624096e-01 1.954115e-03 1.954115e-03
115 4.645424e-01 4.664889e-01 4.664889e-01 1.946576e-03 1.946576e-03
116 4.722918e-01 4.722899e-01 4.722899e-01 1.974691e-06 1.974691e-06
117 4.762970e-01 4.763021e-01 4.763021e-01 5.124554e-06 5.124554e-06
118 4.763098e-01 4.763021e-01 4.763021e-01 7.655957e-06 7.655957e-06
119 4.803149e-01 4.802936e-01 4.802936e-01 2.136618e-05 2.136618e-05
120 4.858712e-01 4.859079e-01 4.859079e-01 3.670987e-05 3.670987e-05
121 4.898327e-01 4.898309e-01 4.898309e-01 1.848884e-06 1.848884e-06
122 4.899547e-01 4.898309e-01 4.898309e-01 1.238442e-04 1.238442e-04
123 4.936054e-01 4.937313e-01 4.937313e-01 1.259687e-04 1.259687e-04
124 5.009130e-01 4.991661e-01 4.991661e-01 1.746890e-03 1.746890e-03
125 5.018221e-01 5.029972e-01 5.029972e-01 1.175094e-03 1.175094e-03
126 5.025710e-01 5.029972e-01 5.029972e-01 4.261355e-04 4.261355e-04
127 5.066597e-01 5.068042e-01 5.068042e-01 1.445389e-04 1.445389e-04
128 5.121355e-01 5.120665e-01 5.120665e-01 6.902788e-05 6.902788e-05
129 5.157531e-01 5.158036e-01 5.158036e-01 5.051272e-05 5.051272e-05
130 5.158677e-01 5.158036e-01 5.158036e-01 6.409260e-05 6.409260e-05
131 5.194388e-01 5.195157e-01 5.195157e-01 7.682572e-05 7.682572e-05
132 5.246369e-01 5.246120e-01 5.246120e-01 2.485707e-05 2.485707e-05
133 5.283242e-01 5.282541e-01 5.282541e-01 7.006857e-05 7.006857e-05
134 5.296671e-01 5.282541e-01 5.282541e-01 1.413030e-03 1.413030e-03
135 5.303562e-01 5.318701e-01 5.318701e-01 1.513874e-03 1.513874e-03
136 5.368410e-01 5.368072e-01 5.368072e-01 3.379701e-05 3.379701e-05
137 5.403336e-01 5.403535e-01 5.403535e-01 1.991884e-05 1.991884e-05
138 5.403590e-01 5.403535e-01 5.403535e-01 5.538461e-06 5.538461e-06
139 5.443720e-01 5.438730e-01 5.438730e-01 4.989346e-04 4.989346e-04
140 5.488748e-01 5.486573e-01 5.486573e-01 2.175191e-04 2.175191e-04
141 5.515286e-01 5.521076e-01 5.521076e-01 5.789486e-04 5.789486e-04
142 5.519853e-01 5.521076e-01 5.521076e-01 1.222863e-04 1.222863e-04
143 5.555745e-01 5.555307e-01 5.555307e-01 4.387234e-05 4.387234e-05
