# Hello World! This is dune-eigensolver.
# hardware number of threads is 128 number of threads used is 1
# 8 8
# Smallest eigenvalues convergence test

#  n: 67600 A.N(): 67600 br: 1
# GeneralizedInverse:  time_total=9.903219e+01 time_factorization=3.196362e-01 iterations=162

# Arpack: time_total=1.563070e+01 iterations=1

# Eigensolver elapsed time 9.903672e+01

# N=67600 M=144 ACCURACY=2.500000e-01 TOL=1.000000e-03 THRESHOLD=9.000000e-02 ESARERROR=5.268312e-01 ARPERROR=3.548674e-03 ESANERROR=1.387779e-15 TIMERATIO= 6.336039e+00 \\

## gen: ftw     ARP-SMALL-TOL  ARPACK-TOL  ES-ARP-SMALL  ES-AR ERROR
00 1.340941e-15 -1.025655e-16 -1.027824e-16 1.443507e-15 1.443724e-15
01 5.604527e-03 5.604527e-03 5.604527e-03 8.500145e-17 9.627715e-17
02 5.604527e-03 5.604527e-03 5.604527e-03 6.852158e-17 6.938894e-17
03 8.364570e-03 8.364570e-03 8.364570e-03 2.046974e-16 2.081668e-16
04 1.867846e-02 1.867846e-02 1.867846e-02 3.519234e-13 3.519060e-13
05 1.999953e-02 1.998226e-02 1.998226e-02 1.727096e-05 1.727096e-05
06 2.000627e-02 1.998226e-02 1.998226e-02 2.401103e-05 2.401103e-05
07 2.015161e-02 2.019289e-02 2.019289e-02 4.128199e-05 4.128199e-05
08 3.249107e-02 3.249102e-02 3.249102e-02 5.609424e-08 5.609424e-08
09 3.360920e-02 3.360925e-02 3.360925e-02 5.308160e-08 5.308160e-08
10 3.360925e-02 3.360925e-02 3.360925e-02 3.260193e-10 3.260192e-10
11 3.488628e-02 3.488629e-02 3.488629e-02 3.338662e-09 3.338662e-09
12 4.663989e-02 4.663988e-02 4.663988e-02 8.147936e-09 8.147935e-09
13 4.820242e-02 4.820242e-02 4.820242e-02 6.521193e-11 6.521187e-11
14 4.820244e-02 4.820242e-02 4.820242e-02 2.306080e-08 2.306080e-08
15 4.983378e-02 4.983381e-02 4.983381e-02 3.127395e-08 3.127395e-08
16 6.142596e-02 6.142594e-02 6.142594e-02 2.430596e-08 2.430596e-08
17 6.335538e-02 6.335507e-02 6.335507e-02 3.111304e-07 3.111304e-07
18 6.335661e-02 6.335507e-02 6.335507e-02 1.548760e-06 1.548760e-06
19 6.536628e-02 6.536816e-02 6.536816e-02 1.884196e-06 1.884196e-06
20 7.676864e-02 7.676862e-02 7.676862e-02 2.124440e-08 2.124440e-08
21 7.904394e-02 7.904383e-02 7.904383e-02 1.123830e-07 1.123830e-07
22 7.904444e-02 7.904383e-02 7.904383e-02 6.047086e-07 6.047086e-07
23 8.140542e-02 8.140616e-02 8.140616e-02 7.383360e-07 7.383360e-07
24 9.261682e-02 9.261371e-02 9.261371e-02 3.107911e-06 3.107911e-06
25 9.520978e-02 9.521091e-02 9.521091e-02 1.126412e-06 1.126412e-06
26 9.520980e-02 9.521091e-02 9.521091e-02 1.112977e-06 1.112977e-06
27 9.789645e-02 9.789732e-02 9.789732e-02 8.685222e-07 8.685222e-07
28 1.089023e-01 1.089021e-01 1.089021e-01 2.803017e-07 2.803017e-07
29 1.117968e-01 1.117968e-01 1.117968e-01 1.844047e-08 1.844047e-08
30 1.117998e-01 1.117968e-01 1.117968e-01 2.967266e-06 2.967266e-06
31 1.147770e-01 1.147802e-01 1.147802e-01 3.229127e-06 3.229127e-06
32 1.257764e-01 1.255726e-01 1.255726e-01 2.038125e-04 2.038125e-04
33 1.285471e-01 1.287399e-01 1.287399e-01 1.927932e-04 1.927932e-04
34 1.287319e-01 1.287399e-01 1.287399e-01 7.964390e-06 7.964390e-06
35 1.319907e-01 1.319938e-01 1.319938e-01 3.054922e-06 3.054922e-06
36 1.425635e-01 1.425633e-01 1.425633e-01 2.443333e-07 2.443333e-07
37 1.459775e-01 1.459774e-01 1.459774e-01 1.197097e-07 1.197097e-07
38 1.459881e-01 1.459774e-01 1.459774e-01 1.072636e-05 1.072636e-05
39 1.494635e-01 1.494745e-01 1.494745e-01 1.109040e-05 1.109040e-05
40 1.598265e-01 1.598118e-01 1.598118e-01 1.472703e-05 1.472703e-05
41 1.634427e-01 1.634468e-01 1.634468e-01 4.116839e-06 4.116839e-06
42 1.634550e-01 1.634468e-01 1.634468e-01 8.207889e-06 8.207889e-06
43 1.671415e-01 1.671603e-01 1.671603e-01 1.881678e-05 1.881678e-05
44 1.772589e-01 1.772567e-01 1.772567e-01 2.207206e-06 2.207206e-06
45 1.810866e-01 1.810866e-01 1.810866e-01 5.252909e-09 5.252909e-09
46 1.811900e-01 1.810866e-01 1.810866e-01 1.034160e-04 1.034160e-04
47 1.848837e-01 1.849893e-01 1.849893e-01 1.056296e-04 1.056296e-04
48 1.948465e-01 1.948380e-01 1.948380e-01 8.483060e-06 8.483060e-06
49 1.988368e-01 1.988370e-01 1.988370e-01 1.613804e-07 1.613804e-07
50 1.988376e-01 1.988370e-01 1.988370e-01 6.255484e-07 6.255484e-07
51 2.028937e-01 2.029026e-01 2.029026e-01 8.947311e-06 8.947311e-06
52 2.125247e-01 2.124980e-01 2.124980e-01 2.673890e-05 2.673890e-05
53 2.166234e-01 2.166407e-01 2.166407e-01 1.729895e-05 1.729895e-05
54 2.167713e-01 2.166407e-01 2.166407e-01 1.306157e-04 1.306157e-04
55 2.207039e-01 2.208433e-01 2.208433e-01 1.394533e-04 1.394533e-04
56 2.301913e-01 2.301815e-01 2.301815e-01 9.777474e-06 9.777474e-06
57 2.344348e-01 2.344434e-01 2.344434e-01 8.662630e-06 8.662630e-06
58 2.345329e-01 2.344434e-01 2.344434e-01 8.944477e-05 8.944477e-05
59 2.386679e-01 2.387584e-01 2.387584e-01 9.046711e-05 9.046711e-05
60 2.479081e-01 2.478370e-01 2.478370e-01 7.108233e-05 7.108233e-05
61 2.521291e-01 2.521946e-01 2.521946e-01 6.544612e-05 6.544612e-05
62 2.522019e-01 2.521946e-01 2.521946e-01 7.296521e-06 7.296521e-06
63 2.565848e-01 2.565981e-01 2.565981e-01 1.333844e-05 1.333844e-05
64 2.654458e-01 2.654163e-01 2.654163e-01 2.944016e-05 2.944016e-05
65 2.698283e-01 2.698472e-01 2.698472e-01 1.882299e-05 1.882299e-05
66 2.698419e-01 2.698472e-01 2.698472e-01 5.219301e-06 5.219301e-06
67 2.743114e-01 2.743170e-01 2.743170e-01 5.563375e-06 5.563375e-06
68 2.829000e-01 2.828752e-01 2.828752e-01 2.478697e-05 2.478697e-05
69 2.873494e-01 2.873583e-01 2.873583e-01 8.877107e-06 8.877107e-06
70 2.873572e-01 2.873583e-01 2.873583e-01 1.133606e-06 1.133606e-06
71 2.918587e-01 2.918735e-01 2.918735e-01 1.472794e-05 1.472794e-05
72 3.019693e-01 3.001736e-01 3.001736e-01 1.795698e-03 1.795698e-03
73 3.031264e-01 3.046893e-01 3.046893e-01 1.562940e-03 1.562940e-03
74 3.044762e-01 3.046893e-01 3.046893e-01 2.130670e-04 2.130670e-04
75 3.093343e-01 3.092304e-01 3.092304e-01 1.038405e-04 1.038405e-04
76 3.171830e-01 3.172753e-01 3.172753e-01 9.227326e-05 9.227326e-05
77 3.218147e-01 3.218056e-01 3.218056e-01 9.146689e-06 9.146689e-06
78 3.220259e-01 3.218056e-01 3.218056e-01 2.202630e-04 2.202630e-04
79 3.262706e-01 3.263550e-01 3.263550e-01 8.433294e-05 8.433294e-05
80 3.343499e-01 3.341484e-01 3.341484e-01 2.014144e-04 2.014144e-04
81 3.383172e-01 3.386768e-01 3.386768e-01 3.595649e-04 3.595649e-04
82 3.387135e-01 3.386768e-01 3.386768e-01 3.673302e-05 3.673302e-05
83 3.431671e-01 3.432182e-01 3.432182e-01 5.114564e-05 5.114564e-05
84 3.507622e-01 3.507650e-01 3.507650e-01 2.844950e-06 2.844950e-06
85 3.552823e-01 3.552764e-01 3.552764e-01 5.884491e-06 5.884491e-06
86 3.553064e-01 3.552764e-01 3.552764e-01 2.994394e-05 2.994394e-05
87 3.597685e-01 3.597955e-01 3.597955e-01 2.692895e-05 2.692895e-05
88 3.677815e-01 3.671009e-01 3.671009e-01 6.805814e-04 6.805814e-04
89 3.713360e-01 3.715821e-01 3.715821e-01 2.460172e-04 2.460172e-04
90 3.719468e-01 3.715821e-01 3.715821e-01 3.647475e-04 3.647475e-04
91 3.752643e-01 3.760657e-01 3.760657e-01 8.014125e-04 8.014125e-04
92 3.831356e-01 3.831358e-01 3.831358e-01 2.184004e-07 2.184004e-07
93 3.875969e-01 3.875748e-01 3.875748e-01 2.214864e-05 2.214864e-05
94 3.878657e-01 3.875748e-01 3.875748e-01 2.908919e-04 2.908919e-04
95 3.942914e-01 3.920116e-01 3.920116e-01 2.279748e-03 2.279748e-03
96 3.971388e-01 3.988528e-01 3.988528e-01 1.713982e-03 1.713982e-03
97 4.027721e-01 4.032392e-01 4.032392e-01 4.670469e-04 4.670469e-04
98 4.028352e-01 4.032392e-01 4.032392e-01 4.039341e-04 4.039341e-04
99 4.088774e-01 4.076193e-01 4.076193e-01 1.258159e-03 1.258159e-03
100 4.130686e-01 4.142382e-01 4.142382e-01 1.169639e-03 1.169639e-03
101 4.190161e-01 4.185629e-01 4.185629e-01 4.531289e-04 4.531289e-04
102 4.191957e-01 4.185629e-01 4.185629e-01 6.327828e-04 6.327828e-04
103 4.223948e-01 4.228776e-01 4.228776e-01 4.828782e-04 4.828782e-04
104 4.289382e-01 4.292813e-01 4.292813e-01 3.431488e-04 3.431488e-04
105 4.333922e-01 4.335367e-01 4.335367e-01 1.444992e-04 1.444992e-04
106 4.350432e-01 4.335367e-01 4.335367e-01 1.506521e-03 1.506521e-03
107 4.360742e-01 4.377787e-01 4.377787e-01 1.704482e-03 1.704482e-03
108 4.439650e-01 4.439743e-01 4.439743e-01 9.324884e-06 9.324884e-06
109 4.482587e-01 4.481537e-01 4.481537e-01 1.050504e-04 1.050504e-04
110 4.484598e-01 4.481537e-01 4.481537e-01 3.061363e-04 3.061363e-04
111 4.520189e-01 4.523169e-01 4.523169e-01 2.979795e-04 2.979795e-04
112 4.602972e-01 4.583115e-01 4.583115e-01 1.985678e-03 1.985678e-03
113 4.604338e-01 4.624096e-01 4.624096e-01 1.975760e-03 1.975760e-03
114 4.627272e-01 4.624096e-01 4.624096e-01 3.176282e-04 3.176282e-04
115 4.671603e-01 4.664889e-01 4.664889e-01 6.713566e-04 6.713566e-04
116 4.714140e-01 4.722899e-01 4.722899e-01 8.758169e-04 8.758169e-04
117 4.763035e-01 4.763021e-01 4.763021e-01 1.407801e-06 1.407801e-06
118 4.764267e-01 4.763021e-01 4.763021e-01 1.246506e-04 1.246506e-04
119 4.816854e-01 4.802936e-01 4.802936e-01 1.391869e-03 1.391869e-03
120 4.841553e-01 4.859079e-01 4.859079e-01 1.752667e-03 1.752667e-03
121 4.899058e-01 4.898309e-01 4.898309e-01 7.487737e-05 7.487737e-05
122 4.911403e-01 4.898309e-01 4.898309e-01 1.309394e-03 1.309394e-03
123 4.924211e-01 4.937313e-01 4.937313e-01 1.310272e-03 1.310272e-03
124 5.011169e-01 4.991661e-01 4.991661e-01 1.950705e-03 1.950705e-03
125 5.027847e-01 5.029972e-01 5.029972e-01 2.124572e-04 2.124572e-04
126 5.029893e-01 5.029972e-01 5.029972e-01 7.915557e-06 7.915557e-06
127 5.052547e-01 5.068042e-01 5.068042e-01 1.549495e-03 1.549495e-03
128 5.126382e-01 5.120665e-01 5.120665e-01 5.717569e-04 5.717569e-04
129 5.151863e-01 5.158036e-01 5.158036e-01 6.173709e-04 6.173709e-04
130 5.165097e-01 5.158036e-01 5.158036e-01 7.060770e-04 7.060770e-04
131 5.189311e-01 5.195157e-01 5.195157e-01 5.845483e-04 5.845483e-04
132 5.249490e-01 5.246120e-01 5.246120e-01 3.369844e-04 3.369844e-04
133 5.285757e-01 5.282541e-01 5.282541e-01 3.215949e-04 3.215949e-04
134 5.288224e-01 5.282541e-01 5.282541e-01 5.682822e-04 5.682822e-04
135 5.306593e-01 5.318701e-01 5.318701e-01 1.210831e-03 1.210831e-03
136 5.368897e-01 5.368072e-01 5.368072e-01 8.245868e-05 8.245868e-05
137 5.401370e-01 5.403535e-01 5.403535e-01 2.164954e-04 2.164954e-04
138 5.404348e-01 5.403535e-01 5.403535e-01 8.127617e-05 8.127617e-05
139 5.474217e-01 5.438730e-01 5.438730e-01 3.548674e-03 3.548674e-03
140 5.486016e-01 5.486573e-01 5.486573e-01 5.564980e-05 5.564980e-05
141 5.505018e-01 5.521076e-01 5.521076e-01 1.605816e-03 1.605816e-03
142 5.513313e-01 5.521076e-01 5.521076e-01 7.762233e-04 7.762233e-04
143 5.557729e-01 5.555307e-01 5.555307e-01 2.422242e-04 2.422242e-04
