# Hello World! This is dune-eigensolver.
# hardware number of threads is 128 number of threads used is 1
# 8 8
# Smallest eigenvalues convergence test

#  n: 67600 A.N(): 67600 br: 1
# GeneralizedSymmetricStewart:  time_total=1.465381e+01 time_factorization=3.208185e-01 time_eigendecomposition=2.995651e-02 time_matmul_dense=9.712461e-02 iterations=19

# Arpack: time_total=1.562528e+01 iterations=1

# Eigensolver elapsed time 1.465749e+01

# N=67600 M=144 ACCURACY=1.000000e+00 TOL=2.000000e-03 THRESHOLD=9.000000e-02 ESARERROR=5.532513e-01 ARPERROR=2.666233e-02 ESANERROR=1.387779e-15 TIMERATIO= 9.380624e-01 \\

## gen: stw     ARP-SMALL-TOL  ARPACK-TOL  ES-ARP-SMALL  ES-AR ERROR
00 1.101983e-15 -1.025655e-16 -1.027824e-16 1.204549e-15 1.204765e-15
01 5.604527e-03 5.604527e-03 5.604527e-03 3.920475e-16 4.033232e-16
02 5.604527e-03 5.604527e-03 5.604527e-03 2.602085e-16 2.610759e-16
03 8.364570e-03 8.364570e-03 8.364570e-03 8.673617e-17 8.326673e-17
04 1.867846e-02 1.867846e-02 1.867846e-02 2.532696e-16 2.359224e-16
05 1.998226e-02 1.998226e-02 1.998226e-02 6.175616e-16 5.828671e-16
06 1.998226e-02 1.998226e-02 1.998226e-02 1.075529e-16 6.591949e-17
07 2.019289e-02 2.019289e-02 2.019289e-02 6.002143e-16 6.140921e-16
08 3.249102e-02 3.249102e-02 3.249102e-02 1.734723e-16 1.665335e-16
09 3.360925e-02 3.360925e-02 3.360925e-02 4.579670e-16 5.204170e-16
10 3.360925e-02 3.360925e-02 3.360925e-02 1.457168e-16 1.526557e-16
11 3.488629e-02 3.488629e-02 3.488629e-02 3.747003e-16 3.747003e-16
12 4.663988e-02 4.663988e-02 4.663988e-02 2.983724e-16 4.024558e-16
13 4.820242e-02 4.820242e-02 4.820242e-02 7.077672e-16 7.702172e-16
14 4.820242e-02 4.820242e-02 4.820242e-02 7.285839e-16 9.159340e-16
15 4.983381e-02 4.983381e-02 4.983381e-02 6.036838e-16 5.134781e-16
16 6.142594e-02 6.142594e-02 6.142594e-02 5.898060e-16 6.036838e-16
17 6.335507e-02 6.335507e-02 6.335507e-02 4.579670e-16 4.996004e-16
18 6.335507e-02 6.335507e-02 6.335507e-02 2.359224e-16 1.665335e-16
19 6.536816e-02 6.536816e-02 6.536816e-02 9.575674e-16 8.881784e-16
20 7.676862e-02 7.676862e-02 7.676862e-02 5.273559e-16 6.938894e-16
21 7.904383e-02 7.904383e-02 7.904383e-02 3.330669e-16 4.718448e-16
22 7.904383e-02 7.904383e-02 7.904383e-02 2.359224e-16 5.551115e-17
23 8.140616e-02 8.140616e-02 8.140616e-02 4.163336e-17 6.938894e-17
24 9.261371e-02 9.261371e-02 9.261371e-02 4.302114e-16 3.469447e-16
25 9.521091e-02 9.521091e-02 9.521091e-02 7.632783e-16 7.494005e-16
26 9.521091e-02 9.521091e-02 9.521091e-02 4.718448e-16 5.273559e-16
27 9.789732e-02 9.789732e-02 9.789732e-02 1.804112e-16 2.498002e-16
28 1.089021e-01 1.089021e-01 1.089021e-01 1.387779e-17 1.387779e-17
29 1.117968e-01 1.117968e-01 1.117968e-01 3.885781e-16 3.608225e-16
30 1.117968e-01 1.117968e-01 1.117968e-01 6.938894e-17 2.775558e-17
31 1.147802e-01 1.147802e-01 1.147802e-01 3.191891e-16 1.665335e-16
32 1.255726e-01 1.255726e-01 1.255726e-01 4.996004e-16 3.330669e-16
33 1.287399e-01 1.287399e-01 1.287399e-01 1.942890e-16 5.551115e-17
34 1.287399e-01 1.287399e-01 1.287399e-01 2.498002e-16 5.273559e-16
35 1.319938e-01 1.319938e-01 1.319938e-01 3.885781e-16 5.273559e-16
36 1.425633e-01 1.425633e-01 1.425633e-01 5.551115e-16 8.049117e-16
37 1.459774e-01 1.459774e-01 1.459774e-01 4.440892e-16 2.775558e-17
38 1.459774e-01 1.459774e-01 1.459774e-01 2.498002e-16 2.775558e-17
39 1.494745e-01 1.494745e-01 1.494745e-01 2.775558e-16 3.608225e-16
40 1.598118e-01 1.598118e-01 1.598118e-01 6.938894e-16 2.775558e-16
41 1.634468e-01 1.634468e-01 1.634468e-01 1.387779e-16 5.828671e-16
42 1.634468e-01 1.634468e-01 1.634468e-01 1.665335e-16 1.665335e-16
43 1.671603e-01 1.671603e-01 1.671603e-01 2.775558e-16 4.718448e-16
44 1.772567e-01 1.772567e-01 1.772567e-01 6.106227e-16 4.996004e-16
45 1.810866e-01 1.810866e-01 1.810866e-01 8.604228e-16 8.604228e-16
46 1.810866e-01 1.810866e-01 1.810866e-01 4.163336e-16 1.942890e-16
47 1.849893e-01 1.849893e-01 1.849893e-01 1.582068e-15 1.249001e-15
48 1.948380e-01 1.948380e-01 1.948380e-01 7.216450e-16 8.604228e-16
49 1.988370e-01 1.988370e-01 1.988370e-01 9.436896e-16 4.996004e-16
50 1.988370e-01 1.988370e-01 1.988370e-01 1.360023e-15 1.165734e-15
51 2.029026e-01 2.029026e-01 2.029026e-01 6.383782e-16 3.330669e-16
52 2.124980e-01 2.124980e-01 2.124980e-01 5.551115e-17 1.665335e-16
53 2.166407e-01 2.166407e-01 2.166407e-01 1.360023e-15 8.049117e-16
54 2.166407e-01 2.166407e-01 2.166407e-01 1.082467e-15 1.221245e-15
55 2.208433e-01 2.208433e-01 2.208433e-01 3.608225e-16 1.665335e-16
56 2.301815e-01 2.301815e-01 2.301815e-01 1.443290e-15 1.110223e-15
57 2.344434e-01 2.344434e-01 2.344434e-01 2.220446e-15 1.776357e-15
58 2.344434e-01 2.344434e-01 2.344434e-01 9.547918e-15 9.242607e-15
59 2.387584e-01 2.387584e-01 2.387584e-01 2.525757e-15 2.942091e-15
60 2.478370e-01 2.478370e-01 2.478370e-01 1.421085e-14 1.454392e-14
61 2.521946e-01 2.521946e-01 2.521946e-01 1.759703e-14 1.759703e-14
62 2.521946e-01 2.521946e-01 2.521946e-01 5.695444e-14 5.700995e-14
63 2.565981e-01 2.565981e-01 2.565981e-01 4.679590e-14 4.685141e-14
64 2.654163e-01 2.654163e-01 2.654163e-01 3.372302e-13 3.368972e-13
65 2.698472e-01 2.698472e-01 2.698472e-01 2.502998e-13 2.499112e-13
66 2.698472e-01 2.698472e-01 2.698472e-01 4.410916e-13 4.407585e-13
67 2.743170e-01 2.743170e-01 2.743170e-01 3.141931e-13 3.143596e-13
68 2.828752e-01 2.828752e-01 2.828752e-01 3.403389e-13 3.408940e-13
69 2.873583e-01 2.873583e-01 2.873583e-01 9.998669e-13 9.995338e-13
70 2.873583e-01 2.873583e-01 2.873583e-01 3.290368e-12 3.289979e-12
71 2.918735e-01 2.918735e-01 2.918735e-01 6.498913e-12 6.498357e-12
72 3.001736e-01 3.001736e-01 3.001736e-01 3.100903e-11 3.100986e-11
73 3.046893e-01 3.046893e-01 3.046893e-01 2.353118e-11 2.353123e-11
74 3.046893e-01 3.046893e-01 3.046893e-01 2.732736e-11 2.732720e-11
75 3.092304e-01 3.092304e-01 3.092304e-01 6.718703e-11 6.718764e-11
76 3.172753e-01 3.172753e-01 3.172753e-01 1.621328e-10 1.621328e-10
77 3.218056e-01 3.218056e-01 3.218056e-01 9.312423e-11 9.312329e-11
78 3.218056e-01 3.218056e-01 3.218056e-01 7.121237e-10 7.121245e-10
79 3.263550e-01 3.263550e-01 3.263550e-01 1.731363e-10 1.731372e-10
80 3.341484e-01 3.341484e-01 3.341484e-01 4.952475e-10 4.952479e-10
81 3.386768e-01 3.386768e-01 3.386768e-01 6.095081e-10 6.095075e-10
82 3.386768e-01 3.386768e-01 3.386768e-01 2.355169e-09 2.355169e-09
83 3.432182e-01 3.432182e-01 3.432182e-01 2.268371e-09 2.268371e-09
84 3.507650e-01 3.507650e-01 3.507650e-01 2.130638e-09 2.130637e-09
85 3.552764e-01 3.552764e-01 3.552764e-01 3.562247e-09 3.562248e-09
86 3.552764e-01 3.552764e-01 3.552764e-01 1.586319e-08 1.586319e-08
87 3.597955e-01 3.597955e-01 3.597955e-01 8.984187e-09 8.984187e-09
88 3.671010e-01 3.671009e-01 3.671009e-01 2.314592e-08 2.314592e-08
89 3.715821e-01 3.715821e-01 3.715821e-01 2.432900e-08 2.432900e-08
90 3.715821e-01 3.715821e-01 3.715821e-01 4.593210e-08 4.593210e-08
91 3.760658e-01 3.760657e-01 3.760657e-01 5.416388e-08 5.416388e-08
92 3.831359e-01 3.831358e-01 3.831358e-01 7.265568e-08 7.265568e-08
93 3.875749e-01 3.875748e-01 3.875748e-01 9.871810e-08 9.871810e-08
94 3.875754e-01 3.875748e-01 3.875748e-01 6.271484e-07 6.271484e-07
95 3.920118e-01 3.920116e-01 3.920116e-01 1.137355e-07 1.137355e-07
96 3.988535e-01 3.988528e-01 3.988528e-01 6.892942e-07 6.892942e-07
97 4.032395e-01 4.032392e-01 4.032392e-01 3.549401e-07 3.549401e-07
98 4.032402e-01 4.032392e-01 4.032392e-01 1.059468e-06 1.059468e-06
99 4.076201e-01 4.076193e-01 4.076193e-01 8.046329e-07 8.046329e-07
100 4.142393e-01 4.142382e-01 4.142382e-01 1.110646e-06 1.110646e-06
101 4.185655e-01 4.185629e-01 4.185629e-01 2.615509e-06 2.615509e-06
102 4.185667e-01 4.185629e-01 4.185629e-01 3.770239e-06 3.770239e-06
103 4.228798e-01 4.228776e-01 4.228776e-01 2.158325e-06 2.158325e-06
104 4.292852e-01 4.292813e-01 4.292813e-01 3.842212e-06 3.842212e-06
105 4.335392e-01 4.335367e-01 4.335367e-01 2.502603e-06 2.502603e-06
106 4.335497e-01 4.335367e-01 4.335367e-01 1.306097e-05 1.306097e-05
107 4.377933e-01 4.377787e-01 4.377787e-01 1.461386e-05 1.461386e-05
108 4.439944e-01 4.439743e-01 4.439743e-01 2.013019e-05 2.013019e-05
109 4.481593e-01 4.481537e-01 4.481537e-01 5.609873e-06 5.609873e-06
110 4.481697e-01 4.481537e-01 4.481537e-01 1.604326e-05 1.604326e-05
111 4.524588e-01 4.523169e-01 4.523169e-01 1.419003e-04 1.419003e-04
112 4.583492e-01 4.583115e-01 4.583115e-01 3.769964e-05 3.769964e-05
113 4.624700e-01 4.624096e-01 4.624096e-01 6.041439e-05 6.041439e-05
114 4.625633e-01 4.624096e-01 4.624096e-01 1.537546e-04 1.537546e-04
115 4.665665e-01 4.664889e-01 4.664889e-01 7.755870e-05 7.755870e-05
116 4.724301e-01 4.722899e-01 4.722899e-01 1.401923e-04 1.401923e-04
117 4.763954e-01 4.763021e-01 4.763021e-01 9.327245e-05 9.327245e-05
118 4.764391e-01 4.763021e-01 4.763021e-01 1.369914e-04 1.369914e-04
119 4.805306e-01 4.802936e-01 4.802936e-01 2.370357e-04 2.370357e-04
120 4.861097e-01 4.859079e-01 4.859079e-01 2.018054e-04 2.018054e-04
121 4.900330e-01 4.898309e-01 4.898309e-01 2.020987e-04 2.020987e-04
122 4.904215e-01 4.898309e-01 4.898309e-01 5.906576e-04 5.906576e-04
123 4.947583e-01 4.937313e-01 4.937313e-01 1.026948e-03 1.026948e-03
124 5.009020e-01 4.991661e-01 4.991661e-01 1.735855e-03 1.735855e-03
125 5.037001e-01 5.029972e-01 5.029972e-01 7.029482e-04 7.029482e-04
126 5.045859e-01 5.029972e-01 5.029972e-01 1.588714e-03 1.588714e-03
127 5.087234e-01 5.068042e-01 5.068042e-01 1.919172e-03 1.919172e-03
128 5.134814e-01 5.120665e-01 5.120665e-01 1.414987e-03 1.414987e-03
129 5.176580e-01 5.158036e-01 5.158036e-01 1.854333e-03 1.854333e-03
130 5.189660e-01 5.158036e-01 5.158036e-01 3.162380e-03 3.162380e-03
131 5.211235e-01 5.195157e-01 5.195157e-01 1.607801e-03 1.607801e-03
132 5.298062e-01 5.246120e-01 5.246120e-01 5.194111e-03 5.194111e-03
133 5.316562e-01 5.282541e-01 5.282541e-01 3.402139e-03 3.402139e-03
134 5.372840e-01 5.282541e-01 5.282541e-01 9.029908e-03 9.029908e-03
135 5.396976e-01 5.318701e-01 5.318701e-01 7.827480e-03 7.827480e-03
136 5.417610e-01 5.368072e-01 5.368072e-01 4.953770e-03 4.953770e-03
137 5.434630e-01 5.403535e-01 5.403535e-01 3.109526e-03 3.109526e-03
138 5.465233e-01 5.403535e-01 5.403535e-01 6.169757e-03 6.169757e-03
139 5.517951e-01 5.438730e-01 5.438730e-01 7.922041e-03 7.922041e-03
140 5.577020e-01 5.486573e-01 5.486573e-01 9.044690e-03 9.044690e-03
141 5.584088e-01 5.521076e-01 5.521076e-01 6.301273e-03 6.301273e-03
142 5.668617e-01 5.521076e-01 5.521076e-01 1.475410e-02 1.475410e-02
143 5.821930e-01 5.555307e-01 5.555307e-01 2.666233e-02 2.666233e-02
