# Hello World! This is dune-eigensolver.
# hardware number of threads is 128 number of threads used is 1
# 8 8
# Smallest eigenvalues convergence test

#  n: 67600 A.N(): 67600 br: 1
# GeneralizedInverse:  time_total=3.623961e+01 time_factorization=3.241201e-01 iterations=57

# Arpack: time_total=1.560211e+01 iterations=1

# Eigensolver elapsed time 3.624324e+01

# N=67600 M=144 ACCURACY=7.500000e-01 TOL=2.000000e-02 THRESHOLD=9.000000e-02 ESARERROR=5.276839e-01 ARPERROR=6.328125e-03 ESANERROR=1.387779e-15 TIMERATIO= 2.322970e+00 \\

## gen: ftw     ARP-SMALL-TOL  ARPACK-TOL  ES-ARP-SMALL  ES-AR ERROR
00 1.343977e-15 -1.025655e-16 -1.027824e-16 1.446543e-15 1.446759e-15
01 5.604527e-03 5.604527e-03 5.604527e-03 6.331741e-17 7.459311e-17
02 5.604527e-03 5.604527e-03 5.604527e-03 8.239937e-17 8.326673e-17
03 8.364570e-03 8.364570e-03 8.364570e-03 1.977585e-16 2.012279e-16
04 1.867906e-02 1.867846e-02 1.867846e-02 5.973601e-07 5.973601e-07
05 1.998534e-02 1.998226e-02 1.998226e-02 3.085331e-06 3.085331e-06
06 2.007063e-02 1.998226e-02 1.998226e-02 8.836884e-05 8.836884e-05
07 2.010084e-02 2.019289e-02 2.019289e-02 9.205153e-05 9.205153e-05
08 3.254394e-02 3.249102e-02 3.249102e-02 5.292288e-05 5.292288e-05
09 3.356263e-02 3.360925e-02 3.360925e-02 4.662082e-05 4.662082e-05
10 3.360993e-02 3.360925e-02 3.360925e-02 6.770753e-07 6.770753e-07
11 3.487931e-02 3.488629e-02 3.488629e-02 6.979139e-06 6.979139e-06
12 4.664700e-02 4.663988e-02 4.663988e-02 7.118641e-06 7.118641e-06
13 4.820249e-02 4.820242e-02 4.820242e-02 7.035104e-08 7.035104e-08
14 4.822447e-02 4.820242e-02 4.820242e-02 2.204838e-05 2.204838e-05
15 4.980458e-02 4.983381e-02 4.983381e-02 2.923727e-05 2.923727e-05
16 6.144599e-02 6.142594e-02 6.142594e-02 2.004947e-05 2.004947e-05
17 6.354511e-02 6.335507e-02 6.335507e-02 1.900420e-04 1.900420e-04
18 6.391315e-02 6.335507e-02 6.335507e-02 5.580844e-04 5.580844e-04
19 6.459999e-02 6.536816e-02 6.536816e-02 7.681755e-04 7.681755e-04
20 7.678010e-02 7.676862e-02 7.676862e-02 1.147780e-05 1.147780e-05
21 7.908313e-02 7.904383e-02 7.904383e-02 3.930042e-05 3.930042e-05
22 7.928411e-02 7.904383e-02 7.904383e-02 2.402743e-04 2.402743e-04
23 8.111511e-02 8.140616e-02 8.140616e-02 2.910501e-04 2.910501e-04
24 9.335656e-02 9.261371e-02 9.261371e-02 7.428477e-04 7.428477e-04
25 9.486485e-02 9.521091e-02 9.521091e-02 3.460628e-04 3.460628e-04
26 9.506998e-02 9.521091e-02 9.521091e-02 1.409336e-04 1.409336e-04
27 9.764444e-02 9.789732e-02 9.789732e-02 2.528774e-04 2.528774e-04
28 1.089652e-01 1.089021e-01 1.089021e-01 6.317633e-05 6.317633e-05
29 1.117925e-01 1.117968e-01 1.117968e-01 4.370008e-06 4.370008e-06
30 1.123517e-01 1.117968e-01 1.117968e-01 5.548978e-04 5.548978e-04
31 1.142307e-01 1.147802e-01 1.147802e-01 5.494853e-04 5.494853e-04
32 1.271138e-01 1.255726e-01 1.255726e-01 1.541176e-03 1.541176e-03
33 1.280402e-01 1.287399e-01 1.287399e-01 6.996590e-04 6.996590e-04
34 1.284365e-01 1.287399e-01 1.287399e-01 3.033230e-04 3.033230e-04
35 1.313969e-01 1.319938e-01 1.319938e-01 5.969063e-04 5.969063e-04
36 1.425938e-01 1.425633e-01 1.425633e-01 3.054191e-05 3.054191e-05
37 1.459961e-01 1.459774e-01 1.459774e-01 1.868103e-05 1.868103e-05
38 1.470032e-01 1.459774e-01 1.459774e-01 1.025854e-03 1.025854e-03
39 1.483991e-01 1.494745e-01 1.494745e-01 1.075426e-03 1.075426e-03
40 1.609724e-01 1.598118e-01 1.598118e-01 1.160618e-03 1.160618e-03
41 1.634618e-01 1.634468e-01 1.634468e-01 1.494981e-05 1.494981e-05
42 1.636821e-01 1.634468e-01 1.634468e-01 2.352372e-04 2.352372e-04
43 1.661944e-01 1.671603e-01 1.671603e-01 9.658640e-04 9.658640e-04
44 1.771343e-01 1.772567e-01 1.772567e-01 1.223901e-04 1.223901e-04
45 1.811033e-01 1.810866e-01 1.810866e-01 1.665813e-05 1.665813e-05
46 1.819415e-01 1.810866e-01 1.810866e-01 8.548893e-04 8.548893e-04
47 1.838055e-01 1.849893e-01 1.849893e-01 1.183875e-03 1.183875e-03
48 1.953537e-01 1.948380e-01 1.948380e-01 5.156433e-04 5.156433e-04
49 1.988509e-01 1.988370e-01 1.988370e-01 1.392488e-05 1.392488e-05
50 1.989073e-01 1.988370e-01 1.988370e-01 7.031036e-05 7.031036e-05
51 2.022979e-01 2.029026e-01 2.029026e-01 6.046607e-04 6.046607e-04
52 2.138180e-01 2.124980e-01 2.124980e-01 1.320064e-03 1.320064e-03
53 2.158303e-01 2.166407e-01 2.166407e-01 8.104019e-04 8.104019e-04
54 2.191864e-01 2.166407e-01 2.166407e-01 2.545741e-03 2.545741e-03
55 2.223662e-01 2.208433e-01 2.208433e-01 1.522858e-03 1.522858e-03
56 2.263696e-01 2.301815e-01 2.301815e-01 3.811940e-03 3.811940e-03
57 2.339513e-01 2.344434e-01 2.344434e-01 4.921374e-04 4.921374e-04
58 2.371242e-01 2.344434e-01 2.344434e-01 2.680759e-03 2.680759e-03
59 2.385890e-01 2.387584e-01 2.387584e-01 1.694187e-04 1.694187e-04
60 2.479439e-01 2.478370e-01 2.478370e-01 1.068426e-04 1.068426e-04
61 2.504116e-01 2.521946e-01 2.521946e-01 1.783010e-03 1.783010e-03
62 2.516153e-01 2.521946e-01 2.521946e-01 5.793203e-04 5.793203e-04
63 2.573803e-01 2.565981e-01 2.565981e-01 7.821674e-04 7.821674e-04
64 2.661538e-01 2.654163e-01 2.654163e-01 7.374619e-04 7.374619e-04
65 2.688242e-01 2.698472e-01 2.698472e-01 1.022975e-03 1.022975e-03
66 2.693026e-01 2.698472e-01 2.698472e-01 5.445528e-04 5.445528e-04
67 2.741563e-01 2.743170e-01 2.743170e-01 1.606587e-04 1.606587e-04
68 2.833226e-01 2.828752e-01 2.828752e-01 4.473547e-04 4.473547e-04
69 2.871161e-01 2.873583e-01 2.873583e-01 2.422178e-04 2.422178e-04
70 2.874979e-01 2.873583e-01 2.873583e-01 1.395653e-04 1.395653e-04
71 2.914993e-01 2.918735e-01 2.918735e-01 3.741659e-04 3.741659e-04
72 3.029444e-01 3.001736e-01 3.001736e-01 2.770812e-03 2.770812e-03
73 3.034431e-01 3.046893e-01 3.046893e-01 1.246225e-03 1.246225e-03
74 3.049064e-01 3.046893e-01 3.046893e-01 2.170416e-04 2.170416e-04
75 3.092865e-01 3.092304e-01 3.092304e-01 5.608572e-05 5.608572e-05
76 3.159437e-01 3.172753e-01 3.172753e-01 1.331594e-03 1.331594e-03
77 3.224845e-01 3.218056e-01 3.218056e-01 6.789001e-04 6.789001e-04
78 3.281337e-01 3.218056e-01 3.218056e-01 6.328125e-03 6.328125e-03
79 3.282537e-01 3.263550e-01 3.263550e-01 1.898791e-03 1.898791e-03
80 3.319543e-01 3.341484e-01 3.341484e-01 2.194120e-03 2.194120e-03
81 3.325911e-01 3.386768e-01 3.386768e-01 6.085677e-03 6.085677e-03
82 3.388966e-01 3.386768e-01 3.386768e-01 2.198365e-04 2.198365e-04
83 3.425932e-01 3.432182e-01 3.432182e-01 6.250389e-04 6.250389e-04
84 3.504156e-01 3.507650e-01 3.507650e-01 3.494069e-04 3.494069e-04
85 3.553623e-01 3.552764e-01 3.552764e-01 8.590655e-05 8.590655e-05
86 3.556419e-01 3.552764e-01 3.552764e-01 3.654451e-04 3.654451e-04
87 3.602499e-01 3.597955e-01 3.597955e-01 4.544583e-04 4.544583e-04
88 3.691328e-01 3.671009e-01 3.671009e-01 2.031895e-03 2.031895e-03
89 3.710592e-01 3.715821e-01 3.715821e-01 5.228758e-04 5.228758e-04
90 3.724051e-01 3.715821e-01 3.715821e-01 8.230180e-04 8.230180e-04
91 3.734802e-01 3.760657e-01 3.760657e-01 2.585484e-03 2.585484e-03
92 3.828876e-01 3.831358e-01 3.831358e-01 2.482196e-04 2.482196e-04
93 3.879999e-01 3.875748e-01 3.875748e-01 4.250778e-04 4.250778e-04
94 3.931075e-01 3.875748e-01 3.875748e-01 5.532735e-03 5.532735e-03
95 3.934441e-01 3.920116e-01 3.920116e-01 1.432416e-03 1.432416e-03
96 3.951272e-01 3.988528e-01 3.988528e-01 3.725570e-03 3.725570e-03
97 4.012222e-01 4.032392e-01 4.032392e-01 2.017018e-03 2.017018e-03
98 4.021855e-01 4.032392e-01 4.032392e-01 1.053708e-03 1.053708e-03
99 4.101317e-01 4.076193e-01 4.076193e-01 2.512424e-03 2.512424e-03
100 4.134920e-01 4.142382e-01 4.142382e-01 7.461880e-04 7.461880e-04
101 4.181030e-01 4.185629e-01 4.185629e-01 4.599599e-04 4.599599e-04
102 4.196265e-01 4.185629e-01 4.185629e-01 1.063562e-03 1.063562e-03
103 4.248341e-01 4.228776e-01 4.228776e-01 1.956491e-03 1.956491e-03
104 4.288606e-01 4.292813e-01 4.292813e-01 4.207880e-04 4.207880e-04
105 4.311799e-01 4.335367e-01 4.335367e-01 2.356796e-03 2.356796e-03
106 4.359223e-01 4.335367e-01 4.335367e-01 2.385624e-03 2.385624e-03
107 4.365111e-01 4.377787e-01 4.377787e-01 1.267577e-03 1.267577e-03
108 4.434921e-01 4.439743e-01 4.439743e-01 4.821772e-04 4.821772e-04
109 4.497231e-01 4.481537e-01 4.481537e-01 1.569458e-03 1.569458e-03
110 4.498998e-01 4.481537e-01 4.481537e-01 1.746129e-03 1.746129e-03
111 4.571050e-01 4.523169e-01 4.523169e-01 4.788093e-03 4.788093e-03
112 4.586381e-01 4.583115e-01 4.583115e-01 3.265927e-04 3.265927e-04
113 4.592927e-01 4.624096e-01 4.624096e-01 3.116819e-03 3.116819e-03
114 4.649224e-01 4.624096e-01 4.624096e-01 2.512797e-03 2.512797e-03
115 4.674693e-01 4.664889e-01 4.664889e-01 9.803808e-04 9.803808e-04
116 4.674907e-01 4.722899e-01 4.722899e-01 4.799154e-03 4.799154e-03
117 4.754383e-01 4.763021e-01 4.763021e-01 8.637953e-04 8.637953e-04
118 4.782135e-01 4.763021e-01 4.763021e-01 1.911418e-03 1.911418e-03
119 4.792462e-01 4.802936e-01 4.802936e-01 1.047389e-03 1.047389e-03
120 4.817379e-01 4.859079e-01 4.859079e-01 4.170050e-03 4.170050e-03
121 4.910128e-01 4.898309e-01 4.898309e-01 1.181948e-03 1.181948e-03
122 4.912449e-01 4.898309e-01 4.898309e-01 1.414057e-03 1.414057e-03
123 4.928685e-01 4.937313e-01 4.937313e-01 8.628684e-04 8.628684e-04
124 5.047102e-01 4.991661e-01 4.991661e-01 5.544022e-03 5.544022e-03
125 5.047915e-01 5.029972e-01 5.029972e-01 1.794302e-03 1.794302e-03
126 5.051015e-01 5.029972e-01 5.029972e-01 2.104307e-03 2.104307e-03
127 5.064101e-01 5.068042e-01 5.068042e-01 3.941475e-04 3.941475e-04
128 5.095260e-01 5.120665e-01 5.120665e-01 2.540415e-03 2.540415e-03
129 5.156762e-01 5.158036e-01 5.158036e-01 1.273855e-04 1.273855e-04
130 5.184489e-01 5.158036e-01 5.158036e-01 2.645305e-03 2.645305e-03
131 5.203842e-01 5.195157e-01 5.195157e-01 8.684995e-04 8.684995e-04
132 5.224496e-01 5.246120e-01 5.246120e-01 2.162467e-03 2.162467e-03
133 5.254102e-01 5.282541e-01 5.282541e-01 2.843910e-03 2.843910e-03
134 5.295561e-01 5.282541e-01 5.282541e-01 1.301997e-03 1.301997e-03
135 5.326696e-01 5.318701e-01 5.318701e-01 7.994804e-04 7.994804e-04
136 5.371345e-01 5.368072e-01 5.368072e-01 3.272362e-04 3.272362e-04
137 5.371991e-01 5.403535e-01 5.403535e-01 3.154419e-03 3.154419e-03
138 5.424799e-01 5.403535e-01 5.403535e-01 2.126433e-03 2.126433e-03
139 5.464991e-01 5.438730e-01 5.438730e-01 2.626022e-03 2.626022e-03
140 5.469663e-01 5.486573e-01 5.486573e-01 1.690933e-03 1.690933e-03
141 5.531789e-01 5.521076e-01 5.521076e-01 1.071342e-03 1.071342e-03
142 5.538442e-01 5.521076e-01 5.521076e-01 1.736588e-03 1.736588e-03
143 5.566256e-01 5.555307e-01 5.555307e-01 1.094923e-03 1.094923e-03
