# Hello World! This is dune-eigensolver.
# hardware number of threads is 128 number of threads used is 1
# 8 8
# Smallest eigenvalues convergence test

#  n: 67600 A.N(): 67600 br: 1
# GeneralizedInverse:  time_total=4.784772e+02 time_factorization=3.209984e-01 iterations=776

# Arpack: time_total=1.567572e+01 iterations=1

# Eigensolver elapsed time 4.784802e+02

# N=67600 M=144 ACCURACY=7.500000e-01 TOL=1.000000e-04 THRESHOLD=9.000000e-02 ESARERROR=5.265889e-01 ARPERROR=1.021517e-05 ESANERROR=1.387779e-15 TIMERATIO= 3.052365e+01 \\

## gen: ftw     ARP-SMALL-TOL  ARPACK-TOL  ES-ARP-SMALL  ES-AR ERROR
00 1.340941e-15 -1.025655e-16 -1.027824e-16 1.443507e-15 1.443724e-15
01 5.604527e-03 5.604527e-03 5.604527e-03 8.066464e-17 9.194034e-17
02 5.604527e-03 5.604527e-03 5.604527e-03 6.418477e-17 6.505213e-17
03 8.364570e-03 8.364570e-03 8.364570e-03 2.255141e-16 2.289835e-16
04 1.867846e-02 1.867846e-02 1.867846e-02 3.747003e-16 3.920475e-16
05 1.998226e-02 1.998226e-02 1.998226e-02 8.859759e-11 8.859763e-11
06 1.998227e-02 1.998226e-02 1.998226e-02 7.620715e-09 7.620715e-09
07 2.019288e-02 2.019289e-02 2.019289e-02 7.709314e-09 7.709314e-09
08 3.249102e-02 3.249102e-02 3.249102e-02 4.093947e-16 4.024558e-16
09 3.360925e-02 3.360925e-02 3.360925e-02 4.996004e-16 5.620504e-16
10 3.360925e-02 3.360925e-02 3.360925e-02 5.759282e-16 5.828671e-16
11 3.488629e-02 3.488629e-02 3.488629e-02 5.342948e-16 5.342948e-16
12 4.663988e-02 4.663988e-02 4.663988e-02 5.898060e-16 6.938894e-16
13 4.820242e-02 4.820242e-02 4.820242e-02 4.510281e-16 5.134781e-16
14 4.820242e-02 4.820242e-02 4.820242e-02 4.510281e-16 6.383782e-16
15 4.983381e-02 4.983381e-02 4.983381e-02 7.702172e-16 6.800116e-16
16 6.142594e-02 6.142594e-02 6.142594e-02 3.955170e-16 4.093947e-16
17 6.335507e-02 6.335507e-02 6.335507e-02 5.134781e-16 5.551115e-16
18 6.335507e-02 6.335507e-02 6.335507e-02 6.522560e-16 5.828671e-16
19 6.536816e-02 6.536816e-02 6.536816e-02 3.885781e-16 3.191891e-16
20 7.676862e-02 7.676862e-02 7.676862e-02 1.804112e-16 1.387779e-17
21 7.904383e-02 7.904383e-02 7.904383e-02 3.053113e-16 4.440892e-16
22 7.904383e-02 7.904383e-02 7.904383e-02 1.526557e-16 4.440892e-16
23 8.140616e-02 8.140616e-02 8.140616e-02 5.551115e-16 5.273559e-16
24 9.261371e-02 9.261371e-02 9.261371e-02 9.714451e-17 1.387779e-17
25 9.521091e-02 9.521091e-02 9.521091e-02 3.885781e-16 3.747003e-16
26 9.521091e-02 9.521091e-02 9.521091e-02 4.024558e-16 4.579670e-16
27 9.789732e-02 9.789732e-02 9.789732e-02 4.996004e-16 4.302114e-16
28 1.089021e-01 1.089021e-01 1.089021e-01 1.249001e-16 1.249001e-16
29 1.117968e-01 1.117968e-01 1.117968e-01 2.636780e-16 2.359224e-16
30 1.117968e-01 1.117968e-01 1.117968e-01 3.469447e-16 3.053113e-16
31 1.147802e-01 1.147802e-01 1.147802e-01 3.885781e-16 9.714451e-17
32 1.255726e-01 1.255726e-01 1.255726e-01 1.665335e-16 0.000000e+00
33 1.287399e-01 1.287399e-01 1.287399e-01 1.942890e-16 5.551115e-17
34 1.287399e-01 1.287399e-01 1.287399e-01 2.220446e-16 5.551115e-17
35 1.319938e-01 1.319938e-01 1.319938e-01 3.608225e-16 4.996004e-16
36 1.425633e-01 1.425633e-01 1.425633e-01 5.551115e-16 3.053113e-16
37 1.459774e-01 1.459774e-01 1.459774e-01 3.885781e-16 2.775558e-17
38 1.459774e-01 1.459774e-01 1.459774e-01 1.942890e-16 4.163336e-16
39 1.494745e-01 1.494745e-01 1.494745e-01 2.775558e-16 3.608225e-16
40 1.598118e-01 1.598118e-01 1.598118e-01 1.387779e-16 2.775558e-16
41 1.634468e-01 1.634468e-01 1.634468e-01 2.498002e-16 4.718448e-16
42 1.634468e-01 1.634468e-01 1.634468e-01 6.106227e-16 6.106227e-16
43 1.671603e-01 1.671603e-01 1.671603e-01 5.551115e-16 3.608225e-16
44 1.772567e-01 1.772567e-01 1.772567e-01 1.387779e-16 2.775558e-17
45 1.810866e-01 1.810866e-01 1.810866e-01 6.661338e-16 6.661338e-16
46 1.810866e-01 1.810866e-01 1.810866e-01 3.330669e-16 1.110223e-16
47 1.849893e-01 1.849893e-01 1.849893e-01 7.771561e-16 1.110223e-15
48 1.948380e-01 1.948380e-01 1.948380e-01 5.828671e-16 4.440892e-16
49 1.988370e-01 1.988370e-01 1.988370e-01 1.387779e-16 3.053113e-16
50 1.988370e-01 1.988370e-01 1.988370e-01 3.330669e-16 5.273559e-16
51 2.029026e-01 2.029026e-01 2.029026e-01 4.440892e-16 1.387779e-16
52 2.124980e-01 2.124980e-01 2.124980e-01 1.887379e-15 1.998401e-15
53 2.166407e-01 2.166407e-01 2.166407e-01 4.163336e-16 9.714451e-16
54 2.166407e-01 2.166407e-01 2.166407e-01 8.604228e-15 8.743006e-15
55 2.208433e-01 2.208433e-01 2.208433e-01 8.382184e-15 8.576473e-15
56 2.301815e-01 2.301815e-01 2.301815e-01 1.720846e-15 1.387779e-15
57 2.344434e-01 2.344434e-01 2.344434e-01 9.436896e-16 1.387779e-15
58 2.344434e-01 2.344434e-01 2.344434e-01 1.895706e-14 1.865175e-14
59 2.387584e-01 2.387584e-01 2.387584e-01 2.034484e-14 1.992850e-14
60 2.478370e-01 2.478370e-01 2.478370e-01 3.935741e-14 3.969047e-14
61 2.521946e-01 2.521946e-01 2.521946e-01 3.613776e-14 3.613776e-14
62 2.521946e-01 2.521946e-01 2.521946e-01 5.495604e-15 5.551115e-15
63 2.565981e-01 2.565981e-01 2.565981e-01 8.271162e-15 8.215650e-15
64 2.654163e-01 2.654163e-01 2.654163e-01 4.818368e-14 4.785061e-14
65 2.698472e-01 2.698472e-01 2.698472e-01 2.808864e-14 2.847722e-14
66 2.698472e-01 2.698472e-01 2.698472e-01 8.437695e-15 8.770762e-15
67 2.743170e-01 2.743170e-01 2.743170e-01 1.060263e-14 1.043610e-14
68 2.828752e-01 2.828752e-01 2.828752e-01 1.100231e-13 1.105782e-13
69 2.873583e-01 2.873583e-01 2.873583e-01 3.219647e-14 3.252953e-14
70 2.873583e-01 2.873583e-01 2.873583e-01 1.221245e-15 1.609823e-15
71 2.918735e-01 2.918735e-01 2.918735e-01 7.632783e-14 7.688294e-14
72 3.001736e-01 3.001736e-01 3.001736e-01 3.383449e-11 3.383532e-11
73 3.046893e-01 3.046893e-01 3.046893e-01 3.103817e-11 3.103812e-11
74 3.046893e-01 3.046893e-01 3.046893e-01 2.566614e-12 2.566780e-12
75 3.092304e-01 3.092304e-01 3.092304e-01 2.306488e-13 2.300382e-13
76 3.172753e-01 3.172753e-01 3.172753e-01 9.174328e-13 9.174883e-13
77 3.218056e-01 3.218056e-01 3.218056e-01 3.144707e-13 3.135270e-13
78 3.218056e-01 3.218056e-01 3.218056e-01 7.854994e-12 7.855716e-12
79 3.263550e-01 3.263550e-01 3.263550e-01 9.087342e-12 9.086509e-12
80 3.341484e-01 3.341484e-01 3.341484e-01 2.745953e-11 2.745992e-11
81 3.386768e-01 3.386768e-01 3.386768e-01 2.622563e-11 2.622619e-11
82 3.386768e-01 3.386768e-01 3.386768e-01 3.155753e-12 3.155365e-12
83 3.432182e-01 3.432182e-01 3.432182e-01 4.388101e-12 4.387934e-12
84 3.507650e-01 3.507650e-01 3.507650e-01 1.194600e-13 1.186273e-13
85 3.552764e-01 3.552764e-01 3.552764e-01 1.130762e-12 1.131317e-12
86 3.552764e-01 3.552764e-01 3.552764e-01 5.724088e-12 5.723588e-12
87 3.597955e-01 3.597955e-01 3.597955e-01 6.973977e-12 6.974643e-12
88 3.671009e-01 3.671009e-01 3.671009e-01 2.092113e-10 2.092115e-10
89 3.715821e-01 3.715821e-01 3.715821e-01 9.228729e-11 9.228868e-11
90 3.715821e-01 3.715821e-01 3.715821e-01 2.810150e-10 2.810145e-10
91 3.760657e-01 3.760657e-01 3.760657e-01 3.979400e-10 3.979393e-10
92 3.831392e-01 3.831358e-01 3.831358e-01 3.352734e-06 3.352734e-06
93 3.875714e-01 3.875748e-01 3.875748e-01 3.352711e-06 3.352711e-06
94 3.875748e-01 3.875748e-01 3.875748e-01 8.822765e-11 8.822704e-11
95 3.920116e-01 3.920116e-01 3.920116e-01 1.042654e-10 1.042645e-10
96 3.988528e-01 3.988528e-01 3.988528e-01 9.974770e-10 9.974768e-10
97 4.032392e-01 4.032392e-01 4.032392e-01 5.573195e-10 5.573199e-10
98 4.032392e-01 4.032392e-01 4.032392e-01 4.245648e-10 4.245639e-10
99 4.076193e-01 4.076193e-01 4.076193e-01 1.914047e-11 1.914047e-11
100 4.142382e-01 4.142382e-01 4.142382e-01 2.846216e-10 2.846212e-10
101 4.185629e-01 4.185629e-01 4.185629e-01 9.702131e-10 9.702128e-10
102 4.185629e-01 4.185629e-01 4.185629e-01 1.661300e-09 1.661301e-09
103 4.228776e-01 4.228776e-01 4.228776e-01 2.920282e-09 2.920281e-09
104 4.292813e-01 4.292813e-01 4.292813e-01 4.119182e-10 4.119179e-10
105 4.335367e-01 4.335367e-01 4.335367e-01 1.038314e-09 1.038315e-09
106 4.335367e-01 4.335367e-01 4.335367e-01 4.806999e-08 4.806999e-08
107 4.377787e-01 4.377787e-01 4.377787e-01 4.951977e-08 4.951977e-08
108 4.439743e-01 4.439743e-01 4.439743e-01 6.280748e-11 6.280643e-11
109 4.481537e-01 4.481537e-01 4.481537e-01 9.043243e-10 9.043256e-10
110 4.481537e-01 4.481537e-01 4.481537e-01 4.085831e-09 4.085830e-09
111 4.523169e-01 4.523169e-01 4.523169e-01 5.051041e-09 5.051041e-09
112 4.583116e-01 4.583115e-01 4.583115e-01 7.785969e-08 7.785969e-08
113 4.624095e-01 4.624096e-01 4.624096e-01 7.624669e-08 7.624669e-08
114 4.624115e-01 4.624096e-01 4.624096e-01 1.949764e-06 1.949764e-06
115 4.664870e-01 4.664889e-01 4.664889e-01 1.951173e-06 1.951173e-06
116 4.722899e-01 4.722899e-01 4.722899e-01 7.539838e-09 7.539839e-09
117 4.763021e-01 4.763021e-01 4.763021e-01 2.924665e-09 2.924666e-09
118 4.763021e-01 4.763021e-01 4.763021e-01 5.301359e-09 5.301358e-09
119 4.802936e-01 4.802936e-01 4.802936e-01 8.788514e-09 8.788515e-09
120 4.859079e-01 4.859079e-01 4.859079e-01 9.897915e-10 9.897905e-10
121 4.898309e-01 4.898309e-01 4.898309e-01 1.683093e-09 1.683092e-09
122 4.898310e-01 4.898309e-01 4.898309e-01 1.189657e-07 1.189657e-07
123 4.937312e-01 4.937313e-01 4.937313e-01 1.209930e-07 1.209930e-07
124 4.991764e-01 4.991661e-01 4.991661e-01 1.021517e-05 1.021517e-05
125 5.029877e-01 5.029972e-01 5.029972e-01 9.448065e-06 9.448065e-06
126 5.029966e-01 5.029972e-01 5.029972e-01 5.735745e-07 5.735745e-07
127 5.068040e-01 5.068042e-01 5.068042e-01 1.934471e-07 1.934471e-07
128 5.120666e-01 5.120665e-01 5.120665e-01 1.181875e-07 1.181875e-07
129 5.158035e-01 5.158036e-01 5.158036e-01 8.282634e-08 8.282634e-08
130 5.158037e-01 5.158036e-01 5.158036e-01 1.191990e-07 1.191990e-07
131 5.195155e-01 5.195157e-01 5.195157e-01 1.533891e-07 1.533891e-07
132 5.246121e-01 5.246120e-01 5.246120e-01 6.320425e-08 6.320425e-08
133 5.282543e-01 5.282541e-01 5.282541e-01 1.889404e-07 1.889404e-07
134 5.282602e-01 5.282541e-01 5.282541e-01 6.096226e-06 6.096226e-06
135 5.318638e-01 5.318701e-01 5.318701e-01 6.349622e-06 6.349622e-06
136 5.368073e-01 5.368072e-01 5.368072e-01 1.049195e-07 1.049195e-07
137 5.403534e-01 5.403535e-01 5.403535e-01 5.672264e-08 5.672264e-08
138 5.403535e-01 5.403535e-01 5.403535e-01 1.809168e-08 1.809168e-08
139 5.438732e-01 5.438730e-01 5.438730e-01 1.913396e-07 1.913396e-07
140 5.486598e-01 5.486573e-01 5.486573e-01 2.518426e-06 2.518426e-06
141 5.521052e-01 5.521076e-01 5.521076e-01 2.318496e-06 2.318496e-06
142 5.521072e-01 5.521076e-01 5.521076e-01 3.435228e-07 3.435228e-07
143 5.555306e-01 5.555307e-01 5.555307e-01 6.289860e-08 6.289860e-08
