# Hello World! This is dune-eigensolver.
# hardware number of threads is 128 number of threads used is 1
# 8 8
# Smallest eigenvalues convergence test

#  n: 67600 A.N(): 67600 br: 1
# GeneralizedSymmetricStewart:  time_total=5.122438e+00 time_factorization=3.204512e-01 time_eigendecomposition=8.834587e-03 time_matmul_dense=9.929890e-02 iterations=6

# Arpack: time_total=1.567371e+01 iterations=1

# Eigensolver elapsed time 5.126023e+00

# N=67600 M=144 ACCURACY=5.000000e-01 TOL=1.000000e-02 THRESHOLD=9.000000e-02 ESARERROR=9.427208e-01 ARPERROR=4.161318e-01 ESANERROR=1.387779e-15 TIMERATIO= 3.270458e-01 \\

## gen: stw     ARP-SMALL-TOL  ARPACK-TOL  ES-ARP-SMALL  ES-AR ERROR
00 1.214306e-15 -1.025655e-16 -1.027824e-16 1.316872e-15 1.317089e-15
01 5.604527e-03 5.604527e-03 5.604527e-03 2.081668e-17 9.540979e-18
02 5.604527e-03 5.604527e-03 5.604527e-03 6.713380e-16 6.704706e-16
03 8.364570e-03 8.364570e-03 8.364570e-03 6.036838e-16 6.071532e-16
04 1.867846e-02 1.867846e-02 1.867846e-02 1.804112e-16 1.977585e-16
05 1.998226e-02 1.998226e-02 1.998226e-02 1.561251e-16 1.214306e-16
06 1.998226e-02 1.998226e-02 1.998226e-02 6.938894e-18 4.857226e-17
07 2.019289e-02 2.019289e-02 2.019289e-02 5.308254e-16 5.169476e-16
08 3.249102e-02 3.249102e-02 3.249102e-02 1.423861e-14 1.424555e-14
09 3.360925e-02 3.360925e-02 3.360925e-02 1.720152e-14 1.713907e-14
10 3.360925e-02 3.360925e-02 3.360925e-02 3.097522e-14 3.096828e-14
11 3.488629e-02 3.488629e-02 3.488629e-02 4.297951e-14 4.297951e-14
12 4.663988e-02 4.663988e-02 4.663988e-02 9.232615e-13 9.231574e-13
13 4.820242e-02 4.820242e-02 4.820242e-02 1.041681e-12 1.041618e-12
14 4.820242e-02 4.820242e-02 4.820242e-02 1.540212e-12 1.540025e-12
15 4.983381e-02 4.983381e-02 4.983381e-02 2.343153e-12 2.343244e-12
16 6.142594e-02 6.142594e-02 6.142594e-02 1.816776e-11 1.816775e-11
17 6.335507e-02 6.335507e-02 6.335507e-02 3.760686e-11 3.760682e-11
18 6.335507e-02 6.335507e-02 6.335507e-02 4.705675e-11 4.705682e-11
19 6.536816e-02 6.536816e-02 6.536816e-02 5.619200e-11 5.619206e-11
20 7.676862e-02 7.676862e-02 7.676862e-02 3.115587e-10 3.115588e-10
21 7.904383e-02 7.904383e-02 7.904383e-02 4.830764e-10 4.830762e-10
22 7.904383e-02 7.904383e-02 7.904383e-02 5.171917e-10 5.171915e-10
23 8.140616e-02 8.140616e-02 8.140616e-02 7.623342e-10 7.623342e-10
24 9.261371e-02 9.261371e-02 9.261371e-02 3.362290e-09 3.362290e-09
25 9.521092e-02 9.521091e-02 9.521091e-02 4.372917e-09 4.372917e-09
26 9.521092e-02 9.521091e-02 9.521091e-02 6.742570e-09 6.742570e-09
27 9.789732e-02 9.789732e-02 9.789732e-02 5.712223e-09 5.712223e-09
28 1.089021e-01 1.089021e-01 1.089021e-01 1.376614e-08 1.376614e-08
29 1.117968e-01 1.117968e-01 1.117968e-01 2.019020e-08 2.019020e-08
30 1.117969e-01 1.117968e-01 1.117968e-01 3.371908e-08 3.371908e-08
31 1.147802e-01 1.147802e-01 1.147802e-01 3.634728e-08 3.634728e-08
32 1.255727e-01 1.255726e-01 1.255726e-01 7.211983e-08 7.211983e-08
33 1.287400e-01 1.287399e-01 1.287399e-01 1.212504e-07 1.212504e-07
34 1.287400e-01 1.287399e-01 1.287399e-01 1.688535e-07 1.688535e-07
35 1.319939e-01 1.319938e-01 1.319938e-01 1.737230e-07 1.737230e-07
36 1.425637e-01 1.425633e-01 1.425633e-01 3.857210e-07 3.857210e-07
37 1.459780e-01 1.459774e-01 1.459774e-01 6.334435e-07 6.334435e-07
38 1.459781e-01 1.459774e-01 1.459774e-01 7.037227e-07 7.037227e-07
39 1.494752e-01 1.494745e-01 1.494745e-01 6.667552e-07 6.667552e-07
40 1.598131e-01 1.598118e-01 1.598118e-01 1.327211e-06 1.327211e-06
41 1.634483e-01 1.634468e-01 1.634468e-01 1.504043e-06 1.504043e-06
42 1.634491e-01 1.634468e-01 1.634468e-01 2.257548e-06 2.257548e-06
43 1.671627e-01 1.671603e-01 1.671603e-01 2.450032e-06 2.450032e-06
44 1.772615e-01 1.772567e-01 1.772567e-01 4.750961e-06 4.750961e-06
45 1.810921e-01 1.810866e-01 1.810866e-01 5.457883e-06 5.457883e-06
46 1.811031e-01 1.810866e-01 1.810866e-01 1.653628e-05 1.653628e-05
47 1.849974e-01 1.849893e-01 1.849893e-01 8.036648e-06 8.036648e-06
48 1.948569e-01 1.948380e-01 1.948380e-01 1.887719e-05 1.887719e-05
49 1.988560e-01 1.988370e-01 1.988370e-01 1.900244e-05 1.900244e-05
50 1.988629e-01 1.988370e-01 1.988370e-01 2.596416e-05 2.596416e-05
51 2.029280e-01 2.029026e-01 2.029026e-01 2.540811e-05 2.540811e-05
52 2.125449e-01 2.124980e-01 2.124980e-01 4.698943e-05 4.698943e-05
53 2.166754e-01 2.166407e-01 2.166407e-01 3.472630e-05 3.472630e-05
54 2.167092e-01 2.166407e-01 2.166407e-01 6.856162e-05 6.856162e-05
55 2.209093e-01 2.208433e-01 2.208433e-01 6.597462e-05 6.597462e-05
56 2.303232e-01 2.301815e-01 2.301815e-01 1.417126e-04 1.417126e-04
57 2.345473e-01 2.344434e-01 2.344434e-01 1.039016e-04 1.039016e-04
58 2.345913e-01 2.344434e-01 2.344434e-01 1.478289e-04 1.478289e-04
59 2.389165e-01 2.387584e-01 2.387584e-01 1.580759e-04 1.580759e-04
60 2.480367e-01 2.478370e-01 2.478370e-01 1.996927e-04 1.996927e-04
61 2.524682e-01 2.521946e-01 2.521946e-01 2.736393e-04 2.736393e-04
62 2.525731e-01 2.521946e-01 2.521946e-01 3.785529e-04 3.785529e-04
63 2.569349e-01 2.565981e-01 2.565981e-01 3.367545e-04 3.367545e-04
64 2.659547e-01 2.654163e-01 2.654163e-01 5.383839e-04 5.383839e-04
65 2.704105e-01 2.698472e-01 2.698472e-01 5.633371e-04 5.633371e-04
66 2.706849e-01 2.698472e-01 2.698472e-01 8.377710e-04 8.377710e-04
67 2.748820e-01 2.743170e-01 2.743170e-01 5.650479e-04 5.650479e-04
68 2.839001e-01 2.828752e-01 2.828752e-01 1.024891e-03 1.024891e-03
69 2.884579e-01 2.873583e-01 2.873583e-01 1.099541e-03 1.099541e-03
70 2.891514e-01 2.873583e-01 2.873583e-01 1.793035e-03 1.793035e-03
71 2.937623e-01 2.918735e-01 2.918735e-01 1.888896e-03 1.888896e-03
72 3.027717e-01 3.001736e-01 3.001736e-01 2.598129e-03 2.598129e-03
73 3.068084e-01 3.046893e-01 3.046893e-01 2.119086e-03 2.119086e-03
74 3.072214e-01 3.046893e-01 3.046893e-01 2.532108e-03 2.532108e-03
75 3.126098e-01 3.092304e-01 3.092304e-01 3.379315e-03 3.379315e-03
76 3.212748e-01 3.172753e-01 3.172753e-01 3.999528e-03 3.999528e-03
77 3.252552e-01 3.218056e-01 3.218056e-01 3.449643e-03 3.449643e-03
78 3.274307e-01 3.218056e-01 3.218056e-01 5.625086e-03 5.625086e-03
79 3.304675e-01 3.263550e-01 3.263550e-01 4.112544e-03 4.112544e-03
80 3.399227e-01 3.341484e-01 3.341484e-01 5.774291e-03 5.774291e-03
81 3.449693e-01 3.386768e-01 3.386768e-01 6.292571e-03 6.292571e-03
82 3.469911e-01 3.386768e-01 3.386768e-01 8.314373e-03 8.314373e-03
83 3.524041e-01 3.432182e-01 3.432182e-01 9.185890e-03 9.185890e-03
84 3.579062e-01 3.507650e-01 3.507650e-01 7.141234e-03 7.141234e-03
85 3.654202e-01 3.552764e-01 3.552764e-01 1.014379e-02 1.014379e-02
86 3.701683e-01 3.552764e-01 3.552764e-01 1.489188e-02 1.489188e-02
87 3.746564e-01 3.597955e-01 3.597955e-01 1.486096e-02 1.486096e-02
88 3.814222e-01 3.671009e-01 3.671009e-01 1.432127e-02 1.432127e-02
89 3.870708e-01 3.715821e-01 3.715821e-01 1.548873e-02 1.548873e-02
90 3.961743e-01 3.715821e-01 3.715821e-01 2.459224e-02 2.459224e-02
91 3.966874e-01 3.760657e-01 3.760657e-01 2.062171e-02 2.062171e-02
92 4.192738e-01 3.831358e-01 3.831358e-01 3.613795e-02 3.613795e-02
93 4.204840e-01 3.875748e-01 3.875748e-01 3.290924e-02 3.290924e-02
94 4.287418e-01 3.875748e-01 3.875748e-01 4.116703e-02 4.116703e-02
95 4.307835e-01 3.920116e-01 3.920116e-01 3.877190e-02 3.877190e-02
96 4.325689e-01 3.988528e-01 3.988528e-01 3.371611e-02 3.371611e-02
97 4.449393e-01 4.032392e-01 4.032392e-01 4.170007e-02 4.170007e-02
98 4.498355e-01 4.032392e-01 4.032392e-01 4.659634e-02 4.659634e-02
99 4.668446e-01 4.076193e-01 4.076193e-01 5.922537e-02 5.922537e-02
100 4.812866e-01 4.142382e-01 4.142382e-01 6.704835e-02 6.704835e-02
101 4.871802e-01 4.185629e-01 4.185629e-01 6.861730e-02 6.861730e-02
102 5.024187e-01 4.185629e-01 4.185629e-01 8.385579e-02 8.385579e-02
103 5.103860e-01 4.228776e-01 4.228776e-01 8.750841e-02 8.750841e-02
104 5.251303e-01 4.292813e-01 4.292813e-01 9.584895e-02 9.584895e-02
105 5.332273e-01 4.335367e-01 4.335367e-01 9.969062e-02 9.969062e-02
106 5.376429e-01 4.335367e-01 4.335367e-01 1.041062e-01 1.041062e-01
107 5.595197e-01 4.377787e-01 4.377787e-01 1.217410e-01 1.217410e-01
108 5.639497e-01 4.439743e-01 4.439743e-01 1.199755e-01 1.199755e-01
109 5.831146e-01 4.481537e-01 4.481537e-01 1.349609e-01 1.349609e-01
110 5.876251e-01 4.481537e-01 4.481537e-01 1.394714e-01 1.394714e-01
111 5.964160e-01 4.523169e-01 4.523169e-01 1.440992e-01 1.440992e-01
112 6.226985e-01 4.583115e-01 4.583115e-01 1.643870e-01 1.643870e-01
113 6.403233e-01 4.624096e-01 4.624096e-01 1.779137e-01 1.779137e-01
114 6.516261e-01 4.624096e-01 4.624096e-01 1.892166e-01 1.892166e-01
115 6.681602e-01 4.664889e-01 4.664889e-01 2.016712e-01 2.016712e-01
116 6.729113e-01 4.722899e-01 4.722899e-01 2.006214e-01 2.006214e-01
117 6.930936e-01 4.763021e-01 4.763021e-01 2.167915e-01 2.167915e-01
118 7.041542e-01 4.763021e-01 4.763021e-01 2.278521e-01 2.278521e-01
119 7.150482e-01 4.802936e-01 4.802936e-01 2.347547e-01 2.347547e-01
120 7.306110e-01 4.859079e-01 4.859079e-01 2.447031e-01 2.447031e-01
121 7.435485e-01 4.898309e-01 4.898309e-01 2.537176e-01 2.537176e-01
122 7.571279e-01 4.898309e-01 4.898309e-01 2.672970e-01 2.672970e-01
123 7.934203e-01 4.937313e-01 4.937313e-01 2.996890e-01 2.996890e-01
124 8.154901e-01 4.991661e-01 4.991661e-01 3.163240e-01 3.163240e-01
125 8.213536e-01 5.029972e-01 5.029972e-01 3.183564e-01 3.183564e-01
126 8.328893e-01 5.029972e-01 5.029972e-01 3.298921e-01 3.298921e-01
127 8.351883e-01 5.068042e-01 5.068042e-01 3.283840e-01 3.283840e-01
128 8.460397e-01 5.120665e-01 5.120665e-01 3.339732e-01 3.339732e-01
129 8.685896e-01 5.158036e-01 5.158036e-01 3.527860e-01 3.527860e-01
130 8.804883e-01 5.158036e-01 5.158036e-01 3.646847e-01 3.646847e-01
131 8.870704e-01 5.195157e-01 5.195157e-01 3.675547e-01 3.675547e-01
132 8.937033e-01 5.246120e-01 5.246120e-01 3.690913e-01 3.690913e-01
133 8.972475e-01 5.282541e-01 5.282541e-01 3.689934e-01 3.689934e-01
134 9.058151e-01 5.282541e-01 5.282541e-01 3.775610e-01 3.775610e-01
135 9.235309e-01 5.318701e-01 5.318701e-01 3.916608e-01 3.916608e-01
136 9.262122e-01 5.368072e-01 5.368072e-01 3.894049e-01 3.894049e-01
137 9.446132e-01 5.403535e-01 5.403535e-01 4.042597e-01 4.042597e-01
138 9.484859e-01 5.403535e-01 5.403535e-01 4.081324e-01 4.081324e-01
139 9.510448e-01 5.438730e-01 5.438730e-01 4.071717e-01 4.071717e-01
140 9.607405e-01 5.486573e-01 5.486573e-01 4.120832e-01 4.120832e-01
141 9.640484e-01 5.521076e-01 5.521076e-01 4.119409e-01 4.119409e-01
142 9.680910e-01 5.521076e-01 5.521076e-01 4.159835e-01 4.159835e-01
143 9.716625e-01 5.555307e-01 5.555307e-01 4.161318e-01 4.161318e-01
