# Hello World! This is dune-eigensolver.
# hardware number of threads is 128 number of threads used is 1
# 8 8
# Smallest eigenvalues convergence test

#  n: 67600 A.N(): 67600 br: 1
# GeneralizedInverse:  time_total=9.290683e+00 time_factorization=3.218740e-01 iterations=14

# Arpack: time_total=1.563690e+01 iterations=1

# Eigensolver elapsed time 9.295154e+00

# N=67600 M=144 ACCURACY=7.500000e-01 TOL=1.000000e-01 THRESHOLD=9.000000e-02 ESARERROR=5.366402e-01 ARPERROR=1.401967e-02 ESANERROR=1.387779e-15 TIMERATIO= 5.944371e-01 \\

## gen: ftw     ARP-SMALL-TOL  ARPACK-TOL  ES-ARP-SMALL  ES-AR ERROR
00 -7.654467e-17 -1.025655e-16 -1.027824e-16 2.602085e-17 2.623769e-17
01 5.604546e-03 5.604527e-03 5.604527e-03 1.837285e-08 1.837285e-08
02 5.606345e-03 5.604527e-03 5.604527e-03 1.818129e-06 1.818129e-06
03 8.362734e-03 8.364570e-03 8.364570e-03 1.836486e-06 1.836486e-06
04 1.891587e-02 1.867846e-02 1.867846e-02 2.374093e-04 2.374093e-04
05 1.993874e-02 1.998226e-02 1.998226e-02 4.351960e-05 4.351960e-05
06 1.994818e-02 1.998226e-02 1.998226e-02 3.407482e-05 3.407482e-05
07 2.003420e-02 2.019289e-02 2.019289e-02 1.586964e-04 1.586964e-04
08 3.300824e-02 3.249102e-02 3.249102e-02 5.172250e-04 5.172250e-04
09 3.330945e-02 3.360925e-02 3.360925e-02 2.997948e-04 2.997948e-04
10 3.363014e-02 3.360925e-02 3.360925e-02 2.089494e-05 2.089494e-05
11 3.469347e-02 3.488629e-02 3.488629e-02 1.928210e-04 1.928210e-04
12 4.672050e-02 4.663988e-02 4.663988e-02 8.061767e-05 8.061767e-05
13 4.822473e-02 4.820242e-02 4.820242e-02 2.230712e-05 2.230712e-05
14 4.857806e-02 4.820242e-02 4.820242e-02 3.756383e-04 3.756383e-04
15 5.472518e-02 4.983381e-02 4.983381e-02 4.891363e-03 4.891363e-03
16 5.702494e-02 6.142594e-02 6.142594e-02 4.401001e-03 4.401001e-03
17 6.351672e-02 6.335507e-02 6.335507e-02 1.616535e-04 1.616535e-04
18 6.428558e-02 6.335507e-02 6.335507e-02 9.305194e-04 9.305194e-04
19 6.545998e-02 6.536816e-02 6.536816e-02 9.181739e-05 9.181739e-05
20 7.519927e-02 7.676862e-02 7.676862e-02 1.569348e-03 1.569348e-03
21 8.010225e-02 7.904383e-02 7.904383e-02 1.058416e-03 1.058416e-03
22 8.019557e-02 7.904383e-02 7.904383e-02 1.151736e-03 1.151736e-03
23 8.254987e-02 8.140616e-02 8.140616e-02 1.143704e-03 1.143704e-03
24 9.292256e-02 9.261371e-02 9.261371e-02 3.088530e-04 3.088530e-04
25 9.582781e-02 9.521091e-02 9.521091e-02 6.168955e-04 6.168955e-04
26 9.627040e-02 9.521091e-02 9.521091e-02 1.059488e-03 1.059488e-03
27 1.031644e-01 9.789732e-02 9.789732e-02 5.267080e-03 5.267080e-03
28 1.050300e-01 1.089021e-01 1.089021e-01 3.872066e-03 3.872066e-03
29 1.071729e-01 1.117968e-01 1.117968e-01 4.623913e-03 4.623913e-03
30 1.155895e-01 1.117968e-01 1.117968e-01 3.792644e-03 3.792644e-03
31 1.197091e-01 1.147802e-01 1.147802e-01 4.928930e-03 4.928930e-03
32 1.235658e-01 1.255726e-01 1.255726e-01 2.006852e-03 2.006852e-03
33 1.273528e-01 1.287399e-01 1.287399e-01 1.387050e-03 1.387050e-03
34 1.274503e-01 1.287399e-01 1.287399e-01 1.289604e-03 1.289604e-03
35 1.374724e-01 1.319938e-01 1.319938e-01 5.478584e-03 5.478584e-03
36 1.376984e-01 1.425633e-01 1.425633e-01 4.864899e-03 4.864899e-03
37 1.429577e-01 1.459774e-01 1.459774e-01 3.019668e-03 3.019668e-03
38 1.509748e-01 1.459774e-01 1.459774e-01 4.997405e-03 4.997405e-03
39 1.520910e-01 1.494745e-01 1.494745e-01 2.616468e-03 2.616468e-03
40 1.564908e-01 1.598118e-01 1.598118e-01 3.321066e-03 3.321066e-03
41 1.620823e-01 1.634468e-01 1.634468e-01 1.364487e-03 1.364487e-03
42 1.642615e-01 1.634468e-01 1.634468e-01 8.146740e-04 8.146740e-04
43 1.749242e-01 1.671603e-01 1.671603e-01 7.763920e-03 7.763920e-03
44 1.749443e-01 1.772567e-01 1.772567e-01 2.312439e-03 2.312439e-03
45 1.801337e-01 1.810866e-01 1.810866e-01 9.528464e-04 9.528464e-04
46 1.833111e-01 1.810866e-01 1.810866e-01 2.224518e-03 2.224518e-03
47 1.860821e-01 1.849893e-01 1.849893e-01 1.092754e-03 1.092754e-03
48 1.877406e-01 1.948380e-01 1.948380e-01 7.097475e-03 7.097475e-03
49 1.977017e-01 1.988370e-01 1.988370e-01 1.135233e-03 1.135233e-03
50 2.028779e-01 1.988370e-01 1.988370e-01 4.040972e-03 4.040972e-03
51 2.063826e-01 2.029026e-01 2.029026e-01 3.479996e-03 3.479996e-03
52 2.149811e-01 2.124980e-01 2.124980e-01 2.483122e-03 2.483122e-03
53 2.175601e-01 2.166407e-01 2.166407e-01 9.194667e-04 9.194667e-04
54 2.200457e-01 2.166407e-01 2.166407e-01 3.405058e-03 3.405058e-03
55 2.290203e-01 2.208433e-01 2.208433e-01 8.176946e-03 8.176946e-03
56 2.318728e-01 2.301815e-01 2.301815e-01 1.691251e-03 1.691251e-03
57 2.356638e-01 2.344434e-01 2.344434e-01 1.220341e-03 1.220341e-03
58 2.368948e-01 2.344434e-01 2.344434e-01 2.451400e-03 2.451400e-03
59 2.434258e-01 2.387584e-01 2.387584e-01 4.667368e-03 4.667368e-03
60 2.436423e-01 2.478370e-01 2.478370e-01 4.194721e-03 4.194721e-03
61 2.459153e-01 2.521946e-01 2.521946e-01 6.279271e-03 6.279271e-03
62 2.583555e-01 2.521946e-01 2.521946e-01 6.160950e-03 6.160950e-03
63 2.591290e-01 2.565981e-01 2.565981e-01 2.530852e-03 2.530852e-03
64 2.632211e-01 2.654163e-01 2.654163e-01 2.195227e-03 2.195227e-03
65 2.699065e-01 2.698472e-01 2.698472e-01 5.933059e-05 5.933059e-05
66 2.703293e-01 2.698472e-01 2.698472e-01 4.821411e-04 4.821411e-04
67 2.787855e-01 2.743170e-01 2.743170e-01 4.468574e-03 4.468574e-03
68 2.788828e-01 2.828752e-01 2.828752e-01 3.992407e-03 3.992407e-03
69 2.904011e-01 2.873583e-01 2.873583e-01 3.042798e-03 3.042798e-03
70 2.916737e-01 2.873583e-01 2.873583e-01 4.315334e-03 4.315334e-03
71 2.931509e-01 2.918735e-01 2.918735e-01 1.277464e-03 1.277464e-03
72 2.945888e-01 3.001736e-01 3.001736e-01 5.584778e-03 5.584778e-03
73 2.974598e-01 3.046893e-01 3.046893e-01 7.229474e-03 7.229474e-03
74 3.098182e-01 3.046893e-01 3.046893e-01 5.128908e-03 5.128908e-03
75 3.130315e-01 3.092304e-01 3.092304e-01 3.801050e-03 3.801050e-03
76 3.146752e-01 3.172753e-01 3.172753e-01 2.600148e-03 2.600148e-03
77 3.231393e-01 3.218056e-01 3.218056e-01 1.333726e-03 1.333726e-03
78 3.241161e-01 3.218056e-01 3.218056e-01 2.310467e-03 2.310467e-03
79 3.321777e-01 3.263550e-01 3.263550e-01 5.822694e-03 5.822694e-03
80 3.341455e-01 3.341484e-01 3.341484e-01 2.941829e-06 2.941829e-06
81 3.384811e-01 3.386768e-01 3.386768e-01 1.956971e-04 1.956971e-04
82 3.440190e-01 3.386768e-01 3.386768e-01 5.342196e-03 5.342196e-03
83 3.454103e-01 3.432182e-01 3.432182e-01 2.192104e-03 2.192104e-03
84 3.477411e-01 3.507650e-01 3.507650e-01 3.023867e-03 3.023867e-03
85 3.525830e-01 3.552764e-01 3.552764e-01 2.693386e-03 2.693386e-03
86 3.606503e-01 3.552764e-01 3.552764e-01 5.373914e-03 5.373914e-03
87 3.637344e-01 3.597955e-01 3.597955e-01 3.938944e-03 3.938944e-03
88 3.730324e-01 3.671009e-01 3.671009e-01 5.931423e-03 5.931423e-03
89 3.830443e-01 3.715821e-01 3.715821e-01 1.146223e-02 1.146223e-02
90 3.834936e-01 3.715821e-01 3.715821e-01 1.191156e-02 1.191156e-02
91 3.837024e-01 3.760657e-01 3.760657e-01 7.636636e-03 7.636636e-03
92 3.872771e-01 3.831358e-01 3.831358e-01 4.141298e-03 4.141298e-03
93 3.876698e-01 3.875748e-01 3.875748e-01 9.501293e-05 9.501293e-05
94 3.918146e-01 3.875748e-01 3.875748e-01 4.239774e-03 4.239774e-03
95 3.919091e-01 3.920116e-01 3.920116e-01 1.025016e-04 1.025016e-04
96 3.968112e-01 3.988528e-01 3.988528e-01 2.041632e-03 2.041632e-03
97 4.010801e-01 4.032392e-01 4.032392e-01 2.159092e-03 2.159092e-03
98 4.041243e-01 4.032392e-01 4.032392e-01 8.851051e-04 8.851051e-04
99 4.052823e-01 4.076193e-01 4.076193e-01 2.336936e-03 2.336936e-03
100 4.181448e-01 4.142382e-01 4.142382e-01 3.906589e-03 3.906589e-03
101 4.184319e-01 4.185629e-01 4.185629e-01 1.310058e-04 1.310058e-04
102 4.276242e-01 4.185629e-01 4.185629e-01 9.061306e-03 9.061306e-03
103 4.280248e-01 4.228776e-01 4.228776e-01 5.147198e-03 5.147198e-03
104 4.283834e-01 4.292813e-01 4.292813e-01 8.979058e-04 8.979058e-04
105 4.373418e-01 4.335367e-01 4.335367e-01 3.805093e-03 3.805093e-03
106 4.387081e-01 4.335367e-01 4.335367e-01 5.171409e-03 5.171409e-03
107 4.442035e-01 4.377787e-01 4.377787e-01 6.424844e-03 6.424844e-03
108 4.478712e-01 4.439743e-01 4.439743e-01 3.896884e-03 3.896884e-03
109 4.499613e-01 4.481537e-01 4.481537e-01 1.807634e-03 1.807634e-03
110 4.503029e-01 4.481537e-01 4.481537e-01 2.149206e-03 2.149206e-03
111 4.533348e-01 4.523169e-01 4.523169e-01 1.017890e-03 1.017890e-03
112 4.551582e-01 4.583115e-01 4.583115e-01 3.153363e-03 3.153363e-03
113 4.612683e-01 4.624096e-01 4.624096e-01 1.141287e-03 1.141287e-03
114 4.639889e-01 4.624096e-01 4.624096e-01 1.579321e-03 1.579321e-03
115 4.656044e-01 4.664889e-01 4.664889e-01 8.845186e-04 8.845186e-04
116 4.692555e-01 4.722899e-01 4.722899e-01 3.034336e-03 3.034336e-03
117 4.737559e-01 4.763021e-01 4.763021e-01 2.546236e-03 2.546236e-03
118 4.750525e-01 4.763021e-01 4.763021e-01 1.249563e-03 1.249563e-03
119 4.854572e-01 4.802936e-01 4.802936e-01 5.163606e-03 5.163606e-03
120 4.880861e-01 4.859079e-01 4.859079e-01 2.178159e-03 2.178159e-03
121 4.911748e-01 4.898309e-01 4.898309e-01 1.343906e-03 1.343906e-03
122 5.038506e-01 4.898309e-01 4.898309e-01 1.401967e-02 1.401967e-02
123 5.075569e-01 4.937313e-01 4.937313e-01 1.382557e-02 1.382557e-02
124 5.093438e-01 4.991661e-01 4.991661e-01 1.017766e-02 1.017766e-02
125 5.110251e-01 5.029972e-01 5.029972e-01 8.027908e-03 8.027908e-03
126 5.114601e-01 5.029972e-01 5.029972e-01 8.462919e-03 8.462919e-03
127 5.115394e-01 5.068042e-01 5.068042e-01 4.735173e-03 4.735173e-03
128 5.124208e-01 5.120665e-01 5.120665e-01 3.543235e-04 3.543235e-04
129 5.147339e-01 5.158036e-01 5.158036e-01 1.069696e-03 1.069696e-03
130 5.181411e-01 5.158036e-01 5.158036e-01 2.337507e-03 2.337507e-03
131 5.201271e-01 5.195157e-01 5.195157e-01 6.114080e-04 6.114080e-04
132 5.292364e-01 5.246120e-01 5.246120e-01 4.624378e-03 4.624378e-03
133 5.317805e-01 5.282541e-01 5.282541e-01 3.526408e-03 3.526408e-03
134 5.333258e-01 5.282541e-01 5.282541e-01 5.071659e-03 5.071659e-03
135 5.361775e-01 5.318701e-01 5.318701e-01 4.307380e-03 4.307380e-03
136 5.382158e-01 5.368072e-01 5.368072e-01 1.408548e-03 1.408548e-03
137 5.398950e-01 5.403535e-01 5.403535e-01 4.584694e-04 4.584694e-04
138 5.411083e-01 5.403535e-01 5.403535e-01 7.547820e-04 7.547820e-04
139 5.429426e-01 5.438730e-01 5.438730e-01 9.304357e-04 9.304357e-04
140 5.512319e-01 5.486573e-01 5.486573e-01 2.574605e-03 2.574605e-03
141 5.587372e-01 5.521076e-01 5.521076e-01 6.629586e-03 6.629586e-03
142 5.651875e-01 5.521076e-01 5.521076e-01 1.307995e-02 1.307995e-02
143 5.655819e-01 5.555307e-01 5.555307e-01 1.005121e-02 1.005121e-02
