# Hello World! This is dune-eigensolver.
# hardware number of threads is 128 number of threads used is 1
# 8 8
# Smallest eigenvalues convergence test

#  n: 67600 A.N(): 67600 br: 1
# GeneralizedInverse:  time_total=7.465959e+01 time_factorization=3.172063e-01 iterations=122

# Arpack: time_total=1.564915e+01 iterations=1

# Eigensolver elapsed time 7.466429e+01

# N=67600 M=144 ACCURACY=2.500000e-01 TOL=2.000000e-03 THRESHOLD=9.000000e-02 ESARERROR=5.253094e-01 ARPERROR=4.269484e-03 ESANERROR=1.387779e-15 TIMERATIO= 4.771141e+00 \\

## gen: ftw     ARP-SMALL-TOL  ARPACK-TOL  ES-ARP-SMALL  ES-AR ERROR
00 1.340941e-15 -1.025655e-16 -1.027824e-16 1.443507e-15 1.443724e-15
01 5.604527e-03 5.604527e-03 5.604527e-03 9.107298e-17 1.023487e-16
02 5.604527e-03 5.604527e-03 5.604527e-03 3.382711e-17 3.469447e-17
03 8.364570e-03 8.364570e-03 8.364570e-03 2.324529e-16 2.359224e-16
04 1.867846e-02 1.867846e-02 1.867846e-02 7.389014e-11 7.389013e-11
05 1.999378e-02 1.998226e-02 1.998226e-02 1.152137e-05 1.152137e-05
06 2.001716e-02 1.998226e-02 1.998226e-02 3.490079e-05 3.490079e-05
07 2.014647e-02 2.019289e-02 2.019289e-02 4.642223e-05 4.642223e-05
08 3.249179e-02 3.249102e-02 3.249102e-02 7.758010e-07 7.758010e-07
09 3.360853e-02 3.360925e-02 3.360925e-02 7.212270e-07 7.212270e-07
10 3.360925e-02 3.360925e-02 3.360925e-02 6.057673e-09 6.057673e-09
11 3.488623e-02 3.488629e-02 3.488629e-02 6.063168e-08 6.063168e-08
12 4.663999e-02 4.663988e-02 4.663988e-02 1.077170e-07 1.077170e-07
13 4.820242e-02 4.820242e-02 4.820242e-02 9.313053e-10 9.313052e-10
14 4.820273e-02 4.820242e-02 4.820242e-02 3.163899e-07 3.163899e-07
15 4.983339e-02 4.983381e-02 4.983381e-02 4.250383e-07 4.250383e-07
16 6.142622e-02 6.142594e-02 6.142594e-02 2.792071e-07 2.792071e-07
17 6.335873e-02 6.335507e-02 6.335507e-02 3.661725e-06 3.661725e-06
18 6.337306e-02 6.335507e-02 6.335507e-02 1.799064e-05 1.799064e-05
19 6.534623e-02 6.536816e-02 6.536816e-02 2.193157e-05 2.193157e-05
20 7.676883e-02 7.676862e-02 7.676862e-02 2.145453e-07 2.145453e-07
21 7.904498e-02 7.904383e-02 7.904383e-02 1.145878e-06 1.145878e-06
22 7.905002e-02 7.904383e-02 7.904383e-02 6.182606e-06 6.182606e-06
23 8.139862e-02 8.140616e-02 8.140616e-02 7.543029e-06 7.543029e-06
24 9.264124e-02 9.261371e-02 9.261371e-02 2.752704e-05 2.752704e-05
25 9.520105e-02 9.521091e-02 9.521091e-02 9.856864e-06 9.856864e-06
26 9.520108e-02 9.521091e-02 9.521091e-02 9.827080e-06 9.827080e-06
27 9.788947e-02 9.789732e-02 9.789732e-02 7.843091e-06 7.843091e-06
28 1.089043e-01 1.089021e-01 1.089021e-01 2.243612e-06 2.243612e-06
29 1.117967e-01 1.117968e-01 1.117968e-01 1.309960e-07 1.309960e-07
30 1.118206e-01 1.117968e-01 1.117968e-01 2.375564e-05 2.375564e-05
31 1.147543e-01 1.147802e-01 1.147802e-01 2.586822e-05 2.586822e-05
32 1.266238e-01 1.255726e-01 1.255726e-01 1.051171e-03 1.051171e-03
33 1.277668e-01 1.287399e-01 1.287399e-01 9.730369e-04 9.730369e-04
34 1.286840e-01 1.287399e-01 1.287399e-01 5.586764e-05 5.586764e-05
35 1.319715e-01 1.319938e-01 1.319938e-01 2.226658e-05 2.226658e-05
36 1.425649e-01 1.425633e-01 1.425633e-01 1.609734e-06 1.609734e-06
37 1.459782e-01 1.459774e-01 1.459774e-01 7.901803e-07 7.901803e-07
38 1.460465e-01 1.459774e-01 1.459774e-01 6.911326e-05 6.911326e-05
39 1.494030e-01 1.494745e-01 1.494745e-01 7.151344e-05 7.151344e-05
40 1.598983e-01 1.598118e-01 1.598118e-01 8.651240e-05 8.651240e-05
41 1.634239e-01 1.634468e-01 1.634468e-01 2.291988e-05 2.291988e-05
42 1.634932e-01 1.634468e-01 1.634468e-01 4.638898e-05 4.638898e-05
43 1.670505e-01 1.671603e-01 1.671603e-01 1.098397e-04 1.098397e-04
44 1.772692e-01 1.772567e-01 1.772567e-01 1.244028e-05 1.244028e-05
45 1.810867e-01 1.810866e-01 1.810866e-01 8.455220e-08 8.455220e-08
46 1.815927e-01 1.810866e-01 1.810866e-01 5.060855e-04 5.060855e-04
47 1.844706e-01 1.849893e-01 1.849893e-01 5.187450e-04 5.187450e-04
48 1.948805e-01 1.948380e-01 1.948380e-01 4.243315e-05 4.243315e-05
49 1.988362e-01 1.988370e-01 1.988370e-01 7.815785e-07 7.815785e-07
50 1.988401e-01 1.988370e-01 1.988370e-01 3.153369e-06 3.153369e-06
51 2.028578e-01 2.029026e-01 2.029026e-01 4.480961e-05 4.480961e-05
52 2.126211e-01 2.124980e-01 2.124980e-01 1.231423e-04 1.231423e-04
53 2.165608e-01 2.166407e-01 2.166407e-01 7.985609e-05 7.985609e-05
54 2.171750e-01 2.166407e-01 2.166407e-01 5.343159e-04 5.343159e-04
55 2.202833e-01 2.208433e-01 2.208433e-01 5.600621e-04 5.600621e-04
56 2.302085e-01 2.301815e-01 2.301815e-01 2.699351e-05 2.699351e-05
57 2.344065e-01 2.344434e-01 2.344434e-01 3.698061e-05 3.698061e-05
58 2.348025e-01 2.344434e-01 2.344434e-01 3.590237e-04 3.590237e-04
59 2.384064e-01 2.387584e-01 2.387584e-01 3.520282e-04 3.520282e-04
60 2.480982e-01 2.478370e-01 2.478370e-01 2.611505e-04 2.611505e-04
61 2.519432e-01 2.521946e-01 2.521946e-01 2.513543e-04 2.513543e-04
62 2.522240e-01 2.521946e-01 2.521946e-01 2.940339e-05 2.940339e-05
63 2.565497e-01 2.565981e-01 2.565981e-01 4.843223e-05 4.843223e-05
64 2.655245e-01 2.654163e-01 2.654163e-01 1.081609e-04 1.081609e-04
65 2.697759e-01 2.698472e-01 2.698472e-01 7.128531e-05 7.128531e-05
66 2.698278e-01 2.698472e-01 2.698472e-01 1.936083e-05 1.936083e-05
67 2.742959e-01 2.743170e-01 2.743170e-01 2.107635e-05 2.107635e-05
68 2.829597e-01 2.828752e-01 2.828752e-01 8.446604e-05 8.446604e-05
69 2.873288e-01 2.873583e-01 2.873583e-01 2.951251e-05 2.951251e-05
70 2.873550e-01 2.873583e-01 2.873583e-01 3.306210e-06 3.306210e-06
71 2.918219e-01 2.918735e-01 2.918735e-01 5.156928e-05 5.156928e-05
72 3.022455e-01 3.001736e-01 3.001736e-01 2.071907e-03 2.071907e-03
73 3.033385e-01 3.046893e-01 3.046893e-01 1.350781e-03 1.350781e-03
74 3.040540e-01 3.046893e-01 3.046893e-01 6.352648e-04 6.352648e-04
75 3.100473e-01 3.092304e-01 3.092304e-01 8.168249e-04 8.168249e-04
76 3.164671e-01 3.172753e-01 3.172753e-01 8.082368e-04 8.082368e-04
77 3.218379e-01 3.218056e-01 3.218056e-01 3.229599e-05 3.229599e-05
78 3.225262e-01 3.218056e-01 3.218056e-01 7.206389e-04 7.206389e-04
79 3.265796e-01 3.263550e-01 3.263550e-01 2.246292e-04 2.246292e-04
80 3.341989e-01 3.341484e-01 3.341484e-01 5.050041e-05 5.050041e-05
81 3.376169e-01 3.386768e-01 3.386768e-01 1.059816e-03 1.059816e-03
82 3.387825e-01 3.386768e-01 3.386768e-01 1.057741e-04 1.057741e-04
83 3.430731e-01 3.432182e-01 3.432182e-01 1.450830e-04 1.450830e-04
84 3.507461e-01 3.507650e-01 3.507650e-01 1.888582e-05 1.888582e-05
85 3.552931e-01 3.552764e-01 3.552764e-01 1.662664e-05 1.662664e-05
86 3.553575e-01 3.552764e-01 3.552764e-01 8.111800e-05 8.111800e-05
87 3.597485e-01 3.597955e-01 3.597955e-01 4.691543e-05 4.691543e-05
88 3.690385e-01 3.671009e-01 3.671009e-01 1.937572e-03 1.937572e-03
89 3.710053e-01 3.715821e-01 3.715821e-01 5.768018e-04 5.768018e-04
90 3.718870e-01 3.715821e-01 3.715821e-01 3.049608e-04 3.049608e-04
91 3.743867e-01 3.760657e-01 3.760657e-01 1.679056e-03 1.679056e-03
92 3.831151e-01 3.831358e-01 3.831358e-01 2.070044e-05 2.070044e-05
93 3.876403e-01 3.875748e-01 3.875748e-01 6.545698e-05 6.545698e-05
94 3.901296e-01 3.875748e-01 3.875748e-01 2.554817e-03 2.554817e-03
95 3.936607e-01 3.920116e-01 3.920116e-01 1.649055e-03 1.649055e-03
96 3.982686e-01 3.988528e-01 3.988528e-01 5.841874e-04 5.841874e-04
97 4.009370e-01 4.032392e-01 4.032392e-01 2.302193e-03 2.302193e-03
98 4.018860e-01 4.032392e-01 4.032392e-01 1.353210e-03 1.353210e-03
99 4.106979e-01 4.076193e-01 4.076193e-01 3.078620e-03 3.078620e-03
100 4.113916e-01 4.142382e-01 4.142382e-01 2.846577e-03 2.846577e-03
101 4.205381e-01 4.185629e-01 4.185629e-01 1.975217e-03 1.975217e-03
102 4.206618e-01 4.185629e-01 4.185629e-01 2.098855e-03 2.098855e-03
103 4.231274e-01 4.228776e-01 4.228776e-01 2.498138e-04 2.498138e-04
104 4.267340e-01 4.292813e-01 4.292813e-01 2.547360e-03 2.547360e-03
105 4.319565e-01 4.335367e-01 4.335367e-01 1.580139e-03 1.580139e-03
106 4.343640e-01 4.335367e-01 4.335367e-01 8.273528e-04 8.273528e-04
107 4.365773e-01 4.377787e-01 4.377787e-01 1.201434e-03 1.201434e-03
108 4.439341e-01 4.439743e-01 4.439743e-01 4.014384e-05 4.014384e-05
109 4.484896e-01 4.481537e-01 4.481537e-01 3.359113e-04 3.359113e-04
110 4.487419e-01 4.481537e-01 4.481537e-01 5.882718e-04 5.882718e-04
111 4.520526e-01 4.523169e-01 4.523169e-01 2.642896e-04 2.642896e-04
112 4.595520e-01 4.583115e-01 4.583115e-01 1.240416e-03 1.240416e-03
113 4.611345e-01 4.624096e-01 4.624096e-01 1.275100e-03 1.275100e-03
114 4.632174e-01 4.624096e-01 4.624096e-01 8.078683e-04 8.078683e-04
115 4.683311e-01 4.664889e-01 4.664889e-01 1.842160e-03 1.842160e-03
116 4.695175e-01 4.722899e-01 4.722899e-01 2.772396e-03 2.772396e-03
117 4.764905e-01 4.763021e-01 4.763021e-01 1.883753e-04 1.883753e-04
118 4.765954e-01 4.763021e-01 4.763021e-01 2.933327e-04 2.933327e-04
119 4.824295e-01 4.802936e-01 4.802936e-01 2.135961e-03 2.135961e-03
120 4.827948e-01 4.859079e-01 4.859079e-01 3.113120e-03 3.113120e-03
121 4.900927e-01 4.898309e-01 4.898309e-01 2.618527e-04 2.618527e-04
122 4.917625e-01 4.898309e-01 4.898309e-01 1.931606e-03 1.931606e-03
123 4.918664e-01 4.937313e-01 4.937313e-01 1.864955e-03 1.864955e-03
124 5.011123e-01 4.991661e-01 4.991661e-01 1.946194e-03 1.946194e-03
125 5.031374e-01 5.029972e-01 5.029972e-01 1.401984e-04 1.401984e-04
126 5.038206e-01 5.029972e-01 5.029972e-01 8.234012e-04 8.234012e-04
127 5.046238e-01 5.068042e-01 5.068042e-01 2.180421e-03 2.180421e-03
128 5.125592e-01 5.120665e-01 5.120665e-01 4.927706e-04 4.927706e-04
129 5.148224e-01 5.158036e-01 5.158036e-01 9.811844e-04 9.811844e-04
130 5.169967e-01 5.158036e-01 5.158036e-01 1.193091e-03 1.193091e-03
131 5.189105e-01 5.195157e-01 5.195157e-01 6.051641e-04 6.051641e-04
132 5.249956e-01 5.246120e-01 5.246120e-01 3.835776e-04 3.835776e-04
133 5.284171e-01 5.282541e-01 5.282541e-01 1.629908e-04 1.629908e-04
134 5.295286e-01 5.282541e-01 5.282541e-01 1.274462e-03 1.274462e-03
135 5.303769e-01 5.318701e-01 5.318701e-01 1.493208e-03 1.493208e-03
136 5.363192e-01 5.368072e-01 5.368072e-01 4.879997e-04 4.879997e-04
137 5.398972e-01 5.403535e-01 5.403535e-01 4.563429e-04 4.563429e-04
138 5.405762e-01 5.403535e-01 5.403535e-01 2.226829e-04 2.226829e-04
139 5.481425e-01 5.438730e-01 5.438730e-01 4.269484e-03 4.269484e-03
140 5.482735e-01 5.486573e-01 5.486573e-01 3.838119e-04 3.838119e-04
141 5.521290e-01 5.521076e-01 5.521076e-01 2.144735e-05 2.144735e-05
142 5.523057e-01 5.521076e-01 5.521076e-01 1.981238e-04 1.981238e-04
143 5.542511e-01 5.555307e-01 5.555307e-01 1.279602e-03 1.279602e-03
