# Hello World! This is dune-eigensolver.
# hardware number of threads is 128 number of threads used is 1
# 8 8
# Smallest eigenvalues convergence test

#  n: 67600 A.N(): 67600 br: 1
# GeneralizedInverse:  time_total=2.427572e+01 time_factorization=3.193248e-01 iterations=39

# Arpack: time_total=1.553088e+01 iterations=1

# Eigensolver elapsed time 2.427949e+01

# N=67600 M=144 ACCURACY=2.500000e-01 TOL=1.000000e-02 THRESHOLD=9.000000e-02 ESARERROR=5.329066e-01 ARPERROR=7.716307e-03 ESANERROR=1.387779e-15 TIMERATIO= 1.563304e+00 \\

## gen: ftw     ARP-SMALL-TOL  ARPACK-TOL  ES-ARP-SMALL  ES-AR ERROR
00 1.343977e-15 -1.025655e-16 -1.027824e-16 1.446543e-15 1.446759e-15
01 5.604527e-03 5.604527e-03 5.604527e-03 3.573530e-16 3.460773e-16
02 5.604527e-03 5.604527e-03 5.604527e-03 4.755397e-14 4.755311e-14
03 8.364570e-03 8.364570e-03 8.364570e-03 4.821490e-14 4.821837e-14
04 1.868617e-02 1.867846e-02 1.867846e-02 7.703670e-06 7.703670e-06
05 1.998264e-02 1.998226e-02 1.998226e-02 3.831128e-07 3.831128e-07
06 2.008227e-02 1.998226e-02 1.998226e-02 1.000125e-04 1.000125e-04
07 2.008479e-02 2.019289e-02 2.019289e-02 1.080993e-04 1.080993e-04
08 3.264727e-02 3.249102e-02 3.249102e-02 1.562578e-04 1.562578e-04
09 3.347827e-02 3.360925e-02 3.360925e-02 1.309826e-04 1.309826e-04
10 3.361163e-02 3.360925e-02 3.360925e-02 2.377161e-06 2.377161e-06
11 3.485864e-02 3.488629e-02 3.488629e-02 2.765232e-05 2.765232e-05
12 4.666240e-02 4.663988e-02 4.663988e-02 2.252519e-05 2.252519e-05
13 4.820266e-02 4.820242e-02 4.820242e-02 2.376632e-07 2.376632e-07
14 4.827226e-02 4.820242e-02 4.820242e-02 6.984325e-05 6.984325e-05
15 4.974138e-02 4.983381e-02 4.983381e-02 9.243443e-05 9.243443e-05
16 6.151784e-02 6.142594e-02 6.142594e-02 9.189991e-05 9.189991e-05
17 6.385841e-02 6.335507e-02 6.335507e-02 5.033481e-04 5.033481e-04
18 6.402317e-02 6.335507e-02 6.335507e-02 6.681033e-04 6.681033e-04
19 6.410484e-02 6.536816e-02 6.536816e-02 1.263325e-03 1.263325e-03
20 7.681322e-02 7.676862e-02 7.676862e-02 4.459890e-05 4.459890e-05
21 7.911877e-02 7.904383e-02 7.904383e-02 7.493824e-05 7.493824e-05
22 7.959987e-02 7.904383e-02 7.904383e-02 5.560417e-04 5.560417e-04
23 8.073115e-02 8.140616e-02 8.140616e-02 6.750144e-04 6.750144e-04
24 9.405941e-02 9.261371e-02 9.261371e-02 1.445696e-03 1.445696e-03
25 9.434672e-02 9.521091e-02 9.521091e-02 8.641939e-04 8.641939e-04
26 9.522633e-02 9.521091e-02 9.521091e-02 1.541961e-05 1.541961e-05
27 9.745418e-02 9.789732e-02 9.789732e-02 4.431406e-04 4.431406e-04
28 1.089259e-01 1.089021e-01 1.089021e-01 2.382589e-05 2.382589e-05
29 1.117730e-01 1.117968e-01 1.117968e-01 2.380356e-05 2.380356e-05
30 1.128565e-01 1.117968e-01 1.117968e-01 1.059706e-03 1.059706e-03
31 1.174261e-01 1.147802e-01 1.147802e-01 2.645912e-03 2.645912e-03
32 1.247869e-01 1.255726e-01 1.255726e-01 7.856691e-04 7.856691e-04
33 1.278528e-01 1.287399e-01 1.287399e-01 8.870417e-04 8.870417e-04
34 1.280617e-01 1.287399e-01 1.287399e-01 6.781461e-04 6.781461e-04
35 1.306707e-01 1.319938e-01 1.319938e-01 1.323100e-03 1.323100e-03
36 1.425053e-01 1.425633e-01 1.425633e-01 5.795519e-05 5.795519e-05
37 1.460194e-01 1.459774e-01 1.459774e-01 4.201069e-05 4.201069e-05
38 1.477714e-01 1.459774e-01 1.459774e-01 1.794065e-03 1.794065e-03
39 1.477898e-01 1.494745e-01 1.494745e-01 1.684728e-03 1.684728e-03
40 1.615189e-01 1.598118e-01 1.598118e-01 1.707111e-03 1.707111e-03
41 1.633219e-01 1.634468e-01 1.634468e-01 1.249171e-04 1.249171e-04
42 1.639532e-01 1.634468e-01 1.634468e-01 5.063353e-04 5.063353e-04
43 1.693532e-01 1.671603e-01 1.671603e-01 2.192903e-03 2.192903e-03
44 1.737901e-01 1.772567e-01 1.772567e-01 3.466604e-03 3.466604e-03
45 1.811377e-01 1.810866e-01 1.810866e-01 5.112350e-05 5.112350e-05
46 1.812030e-01 1.810866e-01 1.810866e-01 1.164474e-04 1.164474e-04
47 1.839996e-01 1.849893e-01 1.849893e-01 9.897588e-04 9.897588e-04
48 1.956391e-01 1.948380e-01 1.948380e-01 8.010230e-04 8.010230e-04
49 1.989579e-01 1.988370e-01 1.988370e-01 1.209833e-04 1.209833e-04
50 1.990007e-01 1.988370e-01 1.988370e-01 1.637314e-04 1.637314e-04
51 2.017356e-01 2.029026e-01 2.029026e-01 1.167046e-03 1.167046e-03
52 2.150004e-01 2.124980e-01 2.124980e-01 2.502413e-03 2.502413e-03
53 2.152704e-01 2.166407e-01 2.166407e-01 1.370282e-03 1.370282e-03
54 2.201294e-01 2.166407e-01 2.166407e-01 3.488762e-03 3.488762e-03
55 2.241109e-01 2.208433e-01 2.208433e-01 3.267583e-03 3.267583e-03
56 2.262152e-01 2.301815e-01 2.301815e-01 3.966361e-03 3.966361e-03
57 2.322563e-01 2.344434e-01 2.344434e-01 2.187154e-03 2.187154e-03
58 2.400773e-01 2.344434e-01 2.344434e-01 5.633908e-03 5.633908e-03
59 2.403543e-01 2.387584e-01 2.387584e-01 1.595911e-03 1.595911e-03
60 2.476401e-01 2.478370e-01 2.478370e-01 1.968756e-04 1.968756e-04
61 2.480265e-01 2.521946e-01 2.521946e-01 4.168099e-03 4.168099e-03
62 2.488384e-01 2.521946e-01 2.521946e-01 3.356170e-03 3.356170e-03
63 2.613143e-01 2.565981e-01 2.565981e-01 4.716179e-03 4.716179e-03
64 2.651495e-01 2.654163e-01 2.654163e-01 2.668293e-04 2.668293e-04
65 2.666854e-01 2.698472e-01 2.698472e-01 3.161741e-03 3.161741e-03
66 2.692370e-01 2.698472e-01 2.698472e-01 6.101615e-04 6.101615e-04
67 2.741829e-01 2.743170e-01 2.743170e-01 1.340559e-04 1.340559e-04
68 2.835847e-01 2.828752e-01 2.828752e-01 7.094447e-04 7.094447e-04
69 2.862150e-01 2.873583e-01 2.873583e-01 1.143346e-03 1.143346e-03
70 2.884016e-01 2.873583e-01 2.873583e-01 1.043297e-03 1.043297e-03
71 2.915298e-01 2.918735e-01 2.918735e-01 3.436280e-04 3.436280e-04
72 3.044545e-01 3.001736e-01 3.001736e-01 4.280897e-03 4.280897e-03
73 3.044642e-01 3.046893e-01 3.046893e-01 2.251423e-04 2.251423e-04
74 3.047376e-01 3.046893e-01 3.046893e-01 4.826918e-05 4.826918e-05
75 3.072119e-01 3.092304e-01 3.092304e-01 2.018589e-03 2.018589e-03
76 3.163045e-01 3.172753e-01 3.172753e-01 9.708369e-04 9.708369e-04
77 3.223611e-01 3.218056e-01 3.218056e-01 5.555439e-04 5.555439e-04
78 3.287395e-01 3.218056e-01 3.218056e-01 6.933927e-03 6.933927e-03
79 3.300926e-01 3.263550e-01 3.263550e-01 3.737634e-03 3.737634e-03
80 3.315627e-01 3.341484e-01 3.341484e-01 2.585694e-03 2.585694e-03
81 3.317235e-01 3.386768e-01 3.386768e-01 6.953216e-03 6.953216e-03
82 3.381707e-01 3.386768e-01 3.386768e-01 5.060337e-04 5.060337e-04
83 3.427391e-01 3.432182e-01 3.432182e-01 4.791683e-04 4.791683e-04
84 3.500628e-01 3.507650e-01 3.507650e-01 7.021723e-04 7.021723e-04
85 3.551515e-01 3.552764e-01 3.552764e-01 1.249033e-04 1.249033e-04
86 3.556796e-01 3.552764e-01 3.552764e-01 4.031930e-04 4.031930e-04
87 3.606720e-01 3.597955e-01 3.597955e-01 8.765141e-04 8.765141e-04
88 3.670411e-01 3.671009e-01 3.671009e-01 5.979036e-05 5.979036e-05
89 3.723390e-01 3.715821e-01 3.715821e-01 7.569514e-04 7.569514e-04
90 3.728265e-01 3.715821e-01 3.715821e-01 1.244465e-03 1.244465e-03
91 3.745285e-01 3.760657e-01 3.760657e-01 1.537194e-03 1.537194e-03
92 3.830465e-01 3.831358e-01 3.831358e-01 8.933005e-05 8.933005e-05
93 3.885776e-01 3.875748e-01 3.875748e-01 1.002824e-03 1.002824e-03
94 3.912060e-01 3.875748e-01 3.875748e-01 3.631222e-03 3.631222e-03
95 3.933623e-01 3.920116e-01 3.920116e-01 1.350692e-03 1.350692e-03
96 3.979569e-01 3.988528e-01 3.988528e-01 8.958903e-04 8.958903e-04
97 4.012015e-01 4.032392e-01 4.032392e-01 2.037712e-03 2.037712e-03
98 4.031128e-01 4.032392e-01 4.032392e-01 1.263908e-04 1.263908e-04
99 4.104434e-01 4.076193e-01 4.076193e-01 2.824094e-03 2.824094e-03
100 4.152008e-01 4.142382e-01 4.142382e-01 9.626079e-04 9.626079e-04
101 4.178764e-01 4.185629e-01 4.185629e-01 6.865659e-04 6.865659e-04
102 4.198820e-01 4.185629e-01 4.185629e-01 1.319028e-03 1.319028e-03
103 4.245671e-01 4.228776e-01 4.228776e-01 1.689513e-03 1.689513e-03
104 4.285342e-01 4.292813e-01 4.292813e-01 7.471333e-04 7.471333e-04
105 4.304281e-01 4.335367e-01 4.335367e-01 3.108604e-03 3.108604e-03
106 4.345960e-01 4.335367e-01 4.335367e-01 1.059373e-03 1.059373e-03
107 4.419467e-01 4.377787e-01 4.377787e-01 4.167973e-03 4.167973e-03
108 4.427434e-01 4.439743e-01 4.439743e-01 1.230877e-03 1.230877e-03
109 4.482922e-01 4.481537e-01 4.481537e-01 1.384848e-04 1.384848e-04
110 4.496147e-01 4.481537e-01 4.481537e-01 1.461003e-03 1.461003e-03
111 4.542274e-01 4.523169e-01 4.523169e-01 1.910473e-03 1.910473e-03
112 4.547496e-01 4.583115e-01 4.583115e-01 3.561988e-03 3.561988e-03
113 4.612978e-01 4.624096e-01 4.624096e-01 1.111765e-03 1.111765e-03
114 4.669166e-01 4.624096e-01 4.624096e-01 4.507020e-03 4.507020e-03
115 4.699250e-01 4.664889e-01 4.664889e-01 3.436019e-03 3.436019e-03
116 4.719384e-01 4.722899e-01 4.722899e-01 3.514610e-04 3.514610e-04
117 4.742380e-01 4.763021e-01 4.763021e-01 2.064132e-03 2.064132e-03
118 4.755493e-01 4.763021e-01 4.763021e-01 7.527781e-04 7.527781e-04
119 4.805349e-01 4.802936e-01 4.802936e-01 2.413204e-04 2.413204e-04
120 4.812702e-01 4.859079e-01 4.859079e-01 4.637708e-03 4.637708e-03
121 4.894974e-01 4.898309e-01 4.898309e-01 3.334937e-04 3.334937e-04
122 4.912931e-01 4.898309e-01 4.898309e-01 1.462185e-03 1.462185e-03
123 4.934827e-01 4.937313e-01 4.937313e-01 2.486478e-04 2.486478e-04
124 5.068825e-01 4.991661e-01 4.991661e-01 7.716307e-03 7.716307e-03
125 5.074269e-01 5.029972e-01 5.029972e-01 4.429777e-03 4.429777e-03
126 5.083664e-01 5.029972e-01 5.029972e-01 5.369210e-03 5.369210e-03
127 5.083786e-01 5.068042e-01 5.068042e-01 1.574360e-03 1.574360e-03
128 5.132885e-01 5.120665e-01 5.120665e-01 1.222022e-03 1.222022e-03
129 5.157615e-01 5.158036e-01 5.158036e-01 4.211487e-05 4.211487e-05
130 5.160509e-01 5.158036e-01 5.158036e-01 2.472527e-04 2.472527e-04
131 5.181707e-01 5.195157e-01 5.195157e-01 1.344925e-03 1.344925e-03
132 5.238961e-01 5.246120e-01 5.246120e-01 7.159776e-04 7.159776e-04
133 5.252979e-01 5.282541e-01 5.282541e-01 2.956162e-03 2.956162e-03
134 5.302239e-01 5.282541e-01 5.282541e-01 1.969754e-03 1.969754e-03
135 5.321813e-01 5.318701e-01 5.318701e-01 3.111698e-04 3.111698e-04
136 5.332917e-01 5.368072e-01 5.368072e-01 3.515524e-03 3.515524e-03
137 5.359328e-01 5.403535e-01 5.403535e-01 4.420659e-03 4.420659e-03
138 5.440684e-01 5.403535e-01 5.403535e-01 3.714892e-03 3.714892e-03
139 5.447494e-01 5.438730e-01 5.438730e-01 8.763679e-04 8.763679e-04
140 5.447812e-01 5.486573e-01 5.486573e-01 3.876101e-03 3.876101e-03
141 5.473257e-01 5.521076e-01 5.521076e-01 4.781854e-03 4.781854e-03
142 5.552128e-01 5.521076e-01 5.521076e-01 3.105280e-03 3.105280e-03
143 5.618483e-01 5.555307e-01 5.555307e-01 6.317651e-03 6.317651e-03
