# Hello World! This is dune-eigensolver.
# hardware number of threads is 128 number of threads used is 1
# 8 8
# Smallest eigenvalues convergence test

#  n: 67600 A.N(): 67600 br: 1
# GeneralizedInverse:  time_total=1.166730e+02 time_factorization=3.178325e-01 iterations=188

# Arpack: time_total=1.554753e+01 iterations=1

# Eigensolver elapsed time 1.166775e+02

# N=67600 M=144 ACCURACY=5.000000e-01 TOL=1.000000e-03 THRESHOLD=9.000000e-02 ESARERROR=5.269301e-01 ARPERROR=3.279697e-03 ESANERROR=1.387779e-15 TIMERATIO= 7.504570e+00 \\

## gen: ftw     ARP-SMALL-TOL  ARPACK-TOL  ES-ARP-SMALL  ES-AR ERROR
00 1.340941e-15 -1.025655e-16 -1.027824e-16 1.443507e-15 1.443724e-15
01 5.604527e-03 5.604527e-03 5.604527e-03 5.724587e-17 6.852158e-17
02 5.604527e-03 5.604527e-03 5.604527e-03 2.862294e-17 2.949030e-17
03 8.364570e-03 8.364570e-03 8.364570e-03 2.706169e-16 2.740863e-16
04 1.867846e-02 1.867846e-02 1.867846e-02 1.115080e-14 1.113346e-14
05 1.999289e-02 1.998226e-02 1.998226e-02 1.062705e-05 1.062705e-05
06 2.001971e-02 1.998226e-02 1.998226e-02 3.745545e-05 3.745545e-05
07 2.014481e-02 2.019289e-02 2.019289e-02 4.808251e-05 4.808251e-05
08 3.249103e-02 3.249102e-02 3.249102e-02 1.016752e-08 1.016752e-08
09 3.360924e-02 3.360925e-02 3.360925e-02 9.708802e-09 9.708802e-09
10 3.360925e-02 3.360925e-02 3.360925e-02 4.857965e-11 4.857965e-11
11 3.488629e-02 3.488629e-02 3.488629e-02 5.073035e-10 5.073035e-10
12 4.663988e-02 4.663988e-02 4.663988e-02 1.521344e-09 1.521344e-09
13 4.820242e-02 4.820242e-02 4.820242e-02 1.155691e-11 1.155685e-11
14 4.820242e-02 4.820242e-02 4.820242e-02 4.202209e-09 4.202208e-09
15 4.983381e-02 4.983381e-02 4.983381e-02 5.735112e-09 5.735112e-09
16 6.142594e-02 6.142594e-02 6.142594e-02 4.990974e-09 4.990974e-09
17 6.335513e-02 6.335507e-02 6.335507e-02 6.262038e-08 6.262038e-08
18 6.335538e-02 6.335507e-02 6.335507e-02 3.124324e-07 3.124324e-07
19 6.536778e-02 6.536816e-02 6.536816e-02 3.800438e-07 3.800438e-07
20 7.676863e-02 7.676862e-02 7.676862e-02 4.740463e-09 4.740463e-09
21 7.904386e-02 7.904383e-02 7.904383e-02 2.476617e-08 2.476617e-08
22 7.904397e-02 7.904383e-02 7.904383e-02 1.332376e-07 1.332376e-07
23 8.140600e-02 8.140616e-02 8.140616e-02 1.627443e-07 1.627443e-07
24 9.261446e-02 9.261371e-02 9.261371e-02 7.495369e-07 7.495369e-07
25 9.521064e-02 9.521091e-02 9.521091e-02 2.722892e-07 2.722892e-07
26 9.521064e-02 9.521091e-02 9.521091e-02 2.697772e-07 2.697772e-07
27 9.789711e-02 9.789732e-02 9.789732e-02 2.074705e-07 2.074705e-07
28 1.089021e-01 1.089021e-01 1.089021e-01 7.252504e-08 7.252504e-08
29 1.117968e-01 1.117968e-01 1.117968e-01 5.141803e-09 5.141803e-09
30 1.117976e-01 1.117968e-01 1.117968e-01 7.641681e-07 7.641681e-07
31 1.147794e-01 1.147802e-01 1.147802e-01 8.315513e-07 8.315513e-07
32 1.256317e-01 1.255726e-01 1.255726e-01 5.912637e-05 5.912637e-05
33 1.286838e-01 1.287399e-01 1.287399e-01 5.607184e-05 5.607184e-05
34 1.287377e-01 1.287399e-01 1.287399e-01 2.212458e-06 2.212458e-06
35 1.319929e-01 1.319938e-01 1.319938e-01 8.420727e-07 8.420727e-07
36 1.425634e-01 1.425633e-01 1.425633e-01 7.193196e-08 7.193196e-08
37 1.459774e-01 1.459774e-01 1.459774e-01 3.520279e-08 3.520279e-08
38 1.459805e-01 1.459774e-01 1.459774e-01 3.165254e-06 3.165254e-06
39 1.494713e-01 1.494745e-01 1.494745e-01 3.272389e-06 3.272389e-06
40 1.598164e-01 1.598118e-01 1.598118e-01 4.617327e-06 4.617327e-06
41 1.634455e-01 1.634468e-01 1.634468e-01 1.297389e-06 1.297389e-06
42 1.634494e-01 1.634468e-01 1.634468e-01 2.589623e-06 2.589623e-06
43 1.671544e-01 1.671603e-01 1.671603e-01 5.909499e-06 5.909499e-06
44 1.772575e-01 1.772567e-01 1.772567e-01 7.267082e-07 7.267082e-07
45 1.810866e-01 1.810866e-01 1.810866e-01 1.457004e-09 1.457004e-09
46 1.811215e-01 1.810866e-01 1.810866e-01 3.493129e-05 3.493129e-05
47 1.849537e-01 1.849893e-01 1.849893e-01 3.565951e-05 3.565951e-05
48 1.948410e-01 1.948380e-01 1.948380e-01 2.968648e-06 2.968648e-06
49 1.988369e-01 1.988370e-01 1.988370e-01 5.366399e-08 5.366399e-08
50 1.988372e-01 1.988370e-01 1.988370e-01 2.245326e-07 2.245326e-07
51 2.028995e-01 2.029026e-01 2.029026e-01 3.139522e-06 3.139522e-06
52 2.125078e-01 2.124980e-01 2.124980e-01 9.860535e-06 9.860535e-06
53 2.166343e-01 2.166407e-01 2.166407e-01 6.364215e-06 6.364215e-06
54 2.166901e-01 2.166407e-01 2.166407e-01 4.941838e-05 4.941838e-05
55 2.207905e-01 2.208433e-01 2.208433e-01 5.284506e-05 5.284506e-05
56 2.301855e-01 2.301815e-01 2.301815e-01 3.950220e-06 3.950220e-06
57 2.344401e-01 2.344434e-01 2.344434e-01 3.356685e-06 3.356685e-06
58 2.344787e-01 2.344434e-01 2.344434e-01 3.522671e-05 3.522671e-05
59 2.387226e-01 2.387584e-01 2.387584e-01 3.579067e-05 3.579067e-05
60 2.478663e-01 2.478370e-01 2.478370e-01 2.927560e-05 2.927560e-05
61 2.521678e-01 2.521946e-01 2.521946e-01 2.676456e-05 2.676456e-05
62 2.521975e-01 2.521946e-01 2.521946e-01 2.958531e-06 2.958531e-06
63 2.565926e-01 2.565981e-01 2.565981e-01 5.521086e-06 5.521086e-06
64 2.654289e-01 2.654163e-01 2.654163e-01 1.252990e-05 1.252990e-05
65 2.698392e-01 2.698472e-01 2.698472e-01 7.950945e-06 7.950945e-06
66 2.698449e-01 2.698472e-01 2.698472e-01 2.238484e-06 2.238484e-06
67 2.743146e-01 2.743170e-01 2.743170e-01 2.364171e-06 2.364171e-06
68 2.828863e-01 2.828752e-01 2.828752e-01 1.103629e-05 1.103629e-05
69 2.873544e-01 2.873583e-01 2.873583e-01 3.959571e-06 3.959571e-06
70 2.873578e-01 2.873583e-01 2.873583e-01 5.077228e-07 5.077228e-07
71 2.918669e-01 2.918735e-01 2.918735e-01 6.553810e-06 6.553810e-06
72 3.012188e-01 3.001736e-01 3.001736e-01 1.045162e-03 1.045162e-03
73 3.037531e-01 3.046893e-01 3.046893e-01 9.361908e-04 9.361908e-04
74 3.045888e-01 3.046893e-01 3.046893e-01 1.005516e-04 1.005516e-04
75 3.092547e-01 3.092304e-01 3.092304e-01 2.429132e-05 2.429132e-05
76 3.172577e-01 3.172753e-01 3.172753e-01 1.763152e-05 1.763152e-05
77 3.218099e-01 3.218056e-01 3.218056e-01 4.338058e-06 4.338058e-06
78 3.219122e-01 3.218056e-01 3.218056e-01 1.066438e-04 1.066438e-04
79 3.262811e-01 3.263550e-01 3.263550e-01 7.385467e-05 7.385467e-05
80 3.342871e-01 3.341484e-01 3.341484e-01 1.386650e-04 1.386650e-04
81 3.384946e-01 3.386768e-01 3.386768e-01 1.821413e-04 1.821413e-04
82 3.386951e-01 3.386768e-01 3.386768e-01 1.835429e-05 1.835429e-05
83 3.431923e-01 3.432182e-01 3.432182e-01 2.588764e-05 2.588764e-05
84 3.507642e-01 3.507650e-01 3.507650e-01 7.719666e-07 7.719666e-07
85 3.552795e-01 3.552764e-01 3.552764e-01 3.045987e-06 3.045987e-06
86 3.552920e-01 3.552764e-01 3.552764e-01 1.560018e-05 1.560018e-05
87 3.597797e-01 3.597955e-01 3.597955e-01 1.572569e-05 1.572569e-05
88 3.674451e-01 3.671009e-01 3.671009e-01 3.442045e-04 3.442045e-04
89 3.714459e-01 3.715821e-01 3.715821e-01 1.361384e-04 1.361384e-04
90 3.718372e-01 3.715821e-01 3.715821e-01 2.551310e-04 2.551310e-04
91 3.756019e-01 3.760657e-01 3.760657e-01 4.637904e-04 4.637904e-04
92 3.831421e-01 3.831358e-01 3.831358e-01 6.252337e-06 6.252337e-06
93 3.875815e-01 3.875748e-01 3.875748e-01 6.713225e-06 6.713225e-06
94 3.876671e-01 3.875748e-01 3.875748e-01 9.229669e-05 9.229669e-05
95 3.952913e-01 3.920116e-01 3.920116e-01 3.279697e-03 3.279697e-03
96 3.958832e-01 3.988528e-01 3.988528e-01 2.969569e-03 2.969569e-03
97 4.030255e-01 4.032392e-01 4.032392e-01 2.136439e-04 2.136439e-04
98 4.030427e-01 4.032392e-01 4.032392e-01 1.964588e-04 1.964588e-04
99 4.082258e-01 4.076193e-01 4.076193e-01 6.065556e-04 6.065556e-04
100 4.136818e-01 4.142382e-01 4.142382e-01 5.564092e-04 5.564092e-04
101 4.187679e-01 4.185629e-01 4.185629e-01 2.049272e-04 2.049272e-04
102 4.188768e-01 4.185629e-01 4.185629e-01 3.138809e-04 3.138809e-04
103 4.224925e-01 4.228776e-01 4.228776e-01 3.851208e-04 3.851208e-04
104 4.292141e-01 4.292813e-01 4.292813e-01 6.726179e-05 6.726179e-05
105 4.335449e-01 4.335367e-01 4.335367e-01 8.249286e-06 8.249286e-06
106 4.355747e-01 4.335367e-01 4.335367e-01 2.038035e-03 2.038035e-03
107 4.356165e-01 4.377787e-01 4.377787e-01 2.162174e-03 2.162174e-03
108 4.439709e-01 4.439743e-01 4.439743e-01 3.375127e-06 3.375127e-06
109 4.482093e-01 4.481537e-01 4.481537e-01 5.557825e-05 5.557825e-05
110 4.483503e-01 4.481537e-01 4.481537e-01 1.966523e-04 1.966523e-04
111 4.521020e-01 4.523169e-01 4.523169e-01 2.148922e-04 2.148922e-04
112 4.599504e-01 4.583115e-01 4.583115e-01 1.638829e-03 1.638829e-03
113 4.607919e-01 4.624096e-01 4.624096e-01 1.617636e-03 1.617636e-03
114 4.627023e-01 4.624096e-01 4.624096e-01 2.927508e-04 2.927508e-04
115 4.666717e-01 4.664889e-01 4.664889e-01 1.827781e-04 1.827781e-04
116 4.719077e-01 4.722899e-01 4.722899e-01 3.822044e-04 3.822044e-04
117 4.762742e-01 4.763021e-01 4.763021e-01 2.784882e-05 2.784882e-05
118 4.763864e-01 4.763021e-01 4.763021e-01 8.435118e-05 8.435118e-05
119 4.811250e-01 4.802936e-01 4.802936e-01 8.314297e-04 8.314297e-04
120 4.848691e-01 4.859079e-01 4.859079e-01 1.038871e-03 1.038871e-03
121 4.898668e-01 4.898309e-01 4.898309e-01 3.592893e-05 3.592893e-05
122 4.908079e-01 4.898309e-01 4.898309e-01 9.769848e-04 9.769848e-04
123 4.927449e-01 4.937313e-01 4.937313e-01 9.864309e-04 9.864309e-04
124 5.012714e-01 4.991661e-01 4.991661e-01 2.105227e-03 2.105227e-03
125 5.022096e-01 5.029972e-01 5.029972e-01 7.875880e-04 7.875880e-04
126 5.029003e-01 5.029972e-01 5.029972e-01 9.689026e-05 9.689026e-05
127 5.056597e-01 5.068042e-01 5.068042e-01 1.144493e-03 1.144493e-03
128 5.125294e-01 5.120665e-01 5.120665e-01 4.629541e-04 4.629541e-04
129 5.153740e-01 5.158036e-01 5.158036e-01 4.295861e-04 4.295861e-04
130 5.163026e-01 5.158036e-01 5.158036e-01 4.989582e-04 4.989582e-04
131 5.190449e-01 5.195157e-01 5.195157e-01 4.707269e-04 4.707269e-04
132 5.248443e-01 5.246120e-01 5.246120e-01 2.322777e-04 2.322777e-04
133 5.285627e-01 5.282541e-01 5.282541e-01 3.086413e-04 3.086413e-04
134 5.288437e-01 5.282541e-01 5.282541e-01 5.895562e-04 5.895562e-04
135 5.307137e-01 5.318701e-01 5.318701e-01 1.156401e-03 1.156401e-03
136 5.369439e-01 5.368072e-01 5.368072e-01 1.366238e-04 1.366238e-04
137 5.402076e-01 5.403535e-01 5.403535e-01 1.459114e-04 1.459114e-04
138 5.404018e-01 5.403535e-01 5.403535e-01 4.825331e-05 4.825331e-05
139 5.468661e-01 5.438730e-01 5.438730e-01 2.993017e-03 2.993017e-03
140 5.497007e-01 5.486573e-01 5.486573e-01 1.043381e-03 1.043381e-03
141 5.499389e-01 5.521076e-01 5.521076e-01 2.168659e-03 2.168659e-03
142 5.507399e-01 5.521076e-01 5.521076e-01 1.367711e-03 1.367711e-03
143 5.558718e-01 5.555307e-01 5.555307e-01 3.411408e-04 3.411408e-04
