# Hello World! This is dune-eigensolver.
# hardware number of threads is 128 number of threads used is 1
# 8 8
# Smallest eigenvalues convergence test

# nnz: 289744
# nny: 297600
# nnz: 91472
# nny: 297600
# grid: checkerboard N: 20:    100:    9920

#  n: 9920 A.N(): 9920 br: 1
# GeneralizedInverse:  time_total=3.045721e+02 time_factorization=2.732398e-01 iterations=4001

# Arpack: time_total=2.482003e+00 iterations=1

# Eigensolver elapsed time 3.045729e+02

# N=9920 M=80 ACCURACY=1.000000e+00 TOL=1.000000e-01 THRESHOLD=2.000000e+02 ESARERROR=3.743754e+13 ARPERROR=5.305271e+17 ESANERROR=0.000000e+00 TIMERATIO=1.227125e+02 \\

### gen: ftw     ARP-SMALL-TOL  ARPACK-TOL  ES-ARP-SMALL  ES-AR ERROR
000 -2.369053e+13 1.672685e-14 1.672685e-14 2.369053e+13 2.369053e+13
001 -1.179187e+13 4.114162e-01 4.114162e-01 1.179187e+13 1.179187e+13
002 -1.109200e+13 3.103655e+00 3.103655e+00 1.109200e+13 1.109200e+13
003 -8.680884e+12 7.382682e+00 7.382682e+00 8.680884e+12 8.680884e+12
004 -6.631092e+12 2.071751e+01 2.071751e+01 6.631092e+12 6.631092e+12
005 -4.236081e+12 3.271418e+01 3.271418e+01 4.236081e+12 4.236081e+12
006 -3.156936e+12 7.366435e+01 7.366435e+01 3.156936e+12 3.156936e+12
007 -2.939804e+12 1.381206e+02 1.381206e+02 2.939804e+12 2.939804e+12
008 -2.178494e+12 1.741224e+02 1.741224e+02 2.178494e+12 2.178494e+12
009 -1.861382e+12 5.065220e+02 5.065220e+02 1.861382e+12 1.861382e+12
010 -1.697250e+12 6.012010e+02 6.012010e+02 1.697250e+12 1.697250e+12
011 -1.161915e+12 1.645497e+03 1.645497e+03 1.161915e+12 1.161915e+12
012 -7.039635e+11 2.178621e+03 2.178621e+03 7.039635e+11 7.039635e+11
013 -6.528546e+11 5.549588e+03 5.549588e+03 6.528546e+11 6.528546e+11
014 -5.142614e+11 6.989222e+03 6.989222e+03 5.142614e+11 5.142614e+11
015 -4.445079e+11 1.998723e+04 1.998723e+04 4.445080e+11 4.445080e+11
016 1.283782e-14 2.562540e+04 2.562540e+04 2.562540e+04 2.562540e+04
017 4.114162e-01 7.188154e+04 7.188154e+04 7.188113e+04 7.188113e+04
018 3.103655e+00 1.097114e+05 1.097114e+05 1.097083e+05 1.097083e+05
019 7.382682e+00 2.775500e+05 2.775500e+05 2.775426e+05 2.775426e+05
020 2.071751e+01 4.726141e+05 4.726141e+05 4.725934e+05 4.725934e+05
021 3.271418e+01 1.060408e+06 1.060408e+06 1.060375e+06 1.060375e+06
022 7.366435e+01 2.002853e+06 2.002853e+06 2.002779e+06 2.002779e+06
023 1.381206e+02 3.939717e+06 3.939717e+06 3.939579e+06 3.939579e+06
024 1.741224e+02 7.792373e+06 7.792373e+06 7.792199e+06 7.792199e+06
025 5.065220e+02 1.477286e+07 1.477286e+07 1.477236e+07 1.477236e+07
026 6.012010e+02 2.819443e+07 2.819443e+07 2.819383e+07 2.819383e+07
027 1.645497e+03 5.260450e+07 5.260450e+07 5.260285e+07 5.260285e+07
028 2.178621e+03 1.017149e+08 1.017149e+08 1.017127e+08 1.017127e+08
029 5.549588e+03 2.020345e+08 2.020345e+08 2.020290e+08 2.020290e+08
030 6.989222e+03 3.743985e+08 3.743985e+08 3.743916e+08 3.743916e+08
031 1.998723e+04 6.406800e+08 6.406800e+08 6.406600e+08 6.406600e+08
032 2.562540e+04 1.265291e+09 1.265291e+09 1.265265e+09 1.265265e+09
033 7.188154e+04 2.211313e+09 2.211313e+09 2.211241e+09 2.211241e+09
034 1.097114e+05 4.083703e+09 4.083703e+09 4.083593e+09 4.083593e+09
035 2.775500e+05 7.747663e+09 7.747663e+09 7.747385e+09 7.747385e+09
036 4.726141e+05 1.748887e+10 1.748887e+10 1.748840e+10 1.748840e+10
037 1.060408e+06 2.653371e+10 2.653371e+10 2.653264e+10 2.653264e+10
038 2.002853e+06 7.291062e+10 7.291062e+10 7.290861e+10 7.290861e+10
039 3.939717e+06 1.073452e+11 1.073452e+11 1.073413e+11 1.073413e+11
040 7.792373e+06 2.248100e+11 2.248100e+11 2.248022e+11 2.248022e+11
041 1.477286e+07 5.033615e+11 5.033615e+11 5.033467e+11 5.033467e+11
042 2.819443e+07 6.862386e+11 6.862386e+11 6.862104e+11 6.862104e+11
043 5.260450e+07 1.292979e+12 1.292979e+12 1.292926e+12 1.292926e+12
044 1.017149e+08 2.148229e+12 2.148229e+12 2.148128e+12 2.148128e+12
045 2.020345e+08 3.357144e+12 3.357144e+12 3.356942e+12 3.356942e+12
046 3.743985e+08 5.337014e+12 5.337014e+12 5.336640e+12 5.336640e+12
047 6.406800e+08 8.753643e+12 8.753643e+12 8.753002e+12 8.753002e+12
048 1.265291e+09 1.610788e+13 1.610788e+13 1.610662e+13 1.610662e+13
049 2.211313e+09 2.254154e+13 2.254154e+13 2.253933e+13 2.253933e+13
050 4.083704e+09 3.940745e+13 3.940745e+13 3.940337e+13 3.940337e+13
051 7.747666e+09 6.508142e+13 6.508142e+13 6.507367e+13 6.507367e+13
052 1.748873e+10 7.461459e+13 7.461459e+13 7.459710e+13 7.459710e+13
053 2.653384e+10 9.160438e+13 9.160438e+13 9.157784e+13 9.157784e+13
054 7.291458e+10 1.369308e+14 1.369308e+14 1.368579e+14 1.368579e+14
055 1.073747e+11 1.841267e+14 1.841267e+14 1.840193e+14 1.840193e+14
056 2.250674e+11 1.937587e+14 1.937587e+14 1.935337e+14 1.935337e+14
057 2.518916e+11 3.378459e+14 3.378459e+14 3.375940e+14 3.375940e+14
058 2.978181e+11 3.611514e+14 3.611514e+14 3.608536e+14 3.608536e+14
059 4.972717e+11 5.618826e+14 5.618826e+14 5.613853e+14 5.613853e+14
060 5.710017e+11 6.660250e+14 6.660250e+14 6.654540e+14 6.654540e+14
061 6.874216e+11 7.669530e+14 7.669530e+14 7.662656e+14 7.662656e+14
062 9.956401e+11 8.707466e+14 8.707466e+14 8.697510e+14 8.697510e+14
063 1.335468e+12 1.417561e+15 1.417561e+15 1.416226e+15 1.416226e+15
064 1.374875e+12 2.332594e+15 2.332594e+15 2.331219e+15 2.331219e+15
065 1.384131e+12 4.443054e+15 4.443054e+15 4.441670e+15 4.441670e+15
066 1.752969e+12 7.911266e+15 7.911266e+15 7.909513e+15 7.909513e+15
067 1.810175e+12 8.478939e+15 8.478939e+15 8.477129e+15 8.477129e+15
068 1.813036e+12 1.192689e+16 1.192689e+16 1.192508e+16 1.192508e+16
069 3.328064e+12 1.349008e+16 1.349008e+16 1.348675e+16 1.348675e+16
070 3.625296e+12 2.162450e+16 2.162450e+16 2.162087e+16 2.162087e+16
071 4.158583e+12 3.220267e+16 3.220267e+16 3.219851e+16 3.219851e+16
072 4.429801e+12 3.395366e+16 3.395366e+16 3.394923e+16 3.394923e+16
073 4.564775e+12 8.691226e+16 8.691226e+16 8.690770e+16 8.690770e+16
074 4.869758e+12 1.446489e+17 1.446489e+17 1.446440e+17 1.446440e+17
075 5.787436e+12 2.372083e+17 2.372083e+17 2.372025e+17 2.372025e+17
076 6.551290e+12 2.574647e+17 2.574647e+17 2.574581e+17 2.574581e+17
077 7.205856e+12 4.614236e+17 4.614236e+17 4.614164e+17 4.614164e+17
078 8.007042e+12 4.866710e+17 4.866710e+17 4.866630e+17 4.866630e+17
079 3.743754e+13 5.305645e+17 5.305645e+17 5.305271e+17 5.305271e+17
# printing ends...
