# Hello World! This is dune-eigensolver.
# hardware number of threads is 128 number of threads used is 1
# 8 8
# Smallest eigenvalues convergence test

# nnz: 308336
# nny: 316680
# nnz: 97344
# nny: 316680
# grid: checkerboard N: 20:    103:    10556

#  n: 10556 A.N(): 10556 br: 1
# GeneralizedInverseAdaptive:  time_total=1.423714e+00 time_factorization=2.905807e-01 iterations=10 outer_iterations=5

# Arpack: time_total=3.374835e+00 iterations=1

# Eigensolver elapsed time 1.426259e+00

# N=10556 M=80 ACCURACY=1.000000e+00 TOL=1.000000e-01 THRESHOLD=2.000000e+02 ESARERROR=3.493077e+03 ARPERROR=4.399428e+02 ESANERROR=0.000000e+00 TIMERATIO=4.226160e-01 \\

### gen: ftw     ARP-SMALL-TOL  ARPACK-TOL  ES-ARP-SMALL  ES-AR ERROR
000 7.812374e-12 7.631916e-15 7.631916e-15 7.804743e-12 7.804743e-12
001 7.020050e-02 7.020050e-02 7.020050e-02 2.370742e-12 2.370742e-12
002 2.672995e-01 2.672995e-01 2.672995e-01 7.312650e-12 7.312650e-12
003 5.483781e-01 5.483781e-01 5.483781e-01 7.914225e-12 7.914225e-12
004 8.282260e-01 8.282260e-01 8.282260e-01 1.105782e-12 1.105782e-12
005 1.103371e+00 1.103371e+00 1.103371e+00 3.292544e-07 3.292544e-07
006 1.331803e+00 1.331803e+00 1.331803e+00 1.840320e-07 1.840320e-07
007 1.513963e+00 1.513959e+00 1.513959e+00 3.846804e-06 3.846804e-06
008 1.668034e+00 1.668037e+00 1.668037e+00 2.966151e-06 2.966151e-06
009 1.796092e+00 1.796030e+00 1.796030e+00 6.260401e-05 6.260401e-05
010 1.934063e+00 1.918158e+00 1.918158e+00 1.590484e-02 1.590484e-02
011 2.031838e+00 2.047806e+00 2.047806e+00 1.596791e-02 1.596791e-02
012 2.211053e+00 2.210720e+00 2.210720e+00 3.337205e-04 3.337205e-04
013 2.412978e+00 2.411549e+00 2.411549e+00 1.428633e-03 1.428633e-03
014 2.645247e+00 2.647011e+00 2.647011e+00 1.763254e-03 1.763254e-03
015 2.945601e+00 2.945567e+00 2.945567e+00 3.386538e-05 3.386538e-05
016 3.622882e+00 3.298846e+00 3.298846e+00 3.240353e-01 3.240353e-01
017 3.420611e+00 3.744680e+00 3.744680e+00 3.240681e-01 3.240681e-01
018 4.263384e+00 4.261707e+00 4.261707e+00 1.676339e-03 1.676339e-03
019 5.009275e+00 5.010947e+00 5.010947e+00 1.671564e-03 1.671564e-03
020 6.004821e+00 6.004824e+00 6.004824e+00 2.675370e-06 2.675370e-06
021 7.213125e+00 7.213123e+00 7.213123e+00 2.237742e-06 2.237742e-06
022 8.920724e+00 8.920727e+00 8.920727e+00 3.776883e-06 3.776883e-06
023 1.132027e+01 1.132027e+01 1.132027e+01 1.217003e-06 1.217003e-06
024 1.446353e+01 1.446340e+01 1.446340e+01 1.392721e-04 1.392721e-04
025 1.851776e+01 1.851770e+01 1.851770e+01 5.812698e-05 5.812698e-05
026 2.472659e+01 2.472677e+01 2.472677e+01 1.831266e-04 1.831266e-04
027 3.265370e+01 3.265371e+01 3.265371e+01 1.426957e-05 1.426957e-05
028 4.389376e+01 4.389376e+01 4.389376e+01 6.383143e-08 6.383143e-08
029 6.141482e+01 6.141482e+01 6.141482e+01 2.298182e-06 2.298182e-06
030 8.584009e+01 8.583821e+01 8.583821e+01 1.870218e-03 1.870218e-03
031 1.226985e+02 1.227004e+02 1.227004e+02 1.866142e-03 1.866142e-03
032 2.097618e+02 1.768832e+02 1.768832e+02 3.287855e+01 3.287855e+01
033 2.314334e+02 2.642942e+02 2.642942e+02 3.286086e+01 3.286086e+01
034 3.921760e+02 3.921898e+02 3.921898e+02 1.380542e-02 1.380542e-02
035 5.880091e+02 5.880116e+02 5.880116e+02 2.476110e-03 2.476110e-03
036 1.372466e+03 9.325234e+02 9.325234e+02 4.399428e+02 4.399428e+02
037 9.333869e+02 1.373299e+03 1.373299e+03 4.399119e+02 4.399119e+02
038 2.279245e+03 2.215129e+03 2.215129e+03 6.411541e+01 6.411541e+01
039 3.494364e+03 3.558474e+03 3.558474e+03 6.410992e+01 6.410992e+01
# printing ends...
