# Hello World! This is dune-eigensolver.
# hardware number of threads is 128 number of threads used is 1
# 8 8
# Smallest eigenvalues convergence test

# nnz: 308336
# nny: 316680
# nnz: 97344
# nny: 316680
# grid: checkerboard N: 20:    103:    10556

#  n: 10556 A.N(): 10556 br: 1
# GeneralizedInverseAdaptive:  time_total=3.120887e+00 time_factorization=2.913047e-01 iterations=23 outer_iterations=5

# Arpack: time_total=2.897579e+00 iterations=1

# Eigensolver elapsed time 3.123809e+00

# N=10556 M=80 ACCURACY=1.000000e+00 TOL=1.000000e-02 THRESHOLD=2.000000e+02 ESARERROR=3.557187e+03 ARPERROR=1.744674e+00 ESANERROR=0.000000e+00 TIMERATIO=1.078075e+00 \\

### gen: ftw     ARP-SMALL-TOL  ARPACK-TOL  ES-ARP-SMALL  ES-AR ERROR
000 7.812067e-12 7.631916e-15 7.631916e-15 7.804435e-12 7.804435e-12
001 7.020050e-02 7.020050e-02 7.020050e-02 2.372366e-12 2.372366e-12
002 2.672995e-01 2.672995e-01 2.672995e-01 7.311374e-12 7.311374e-12
003 5.483781e-01 5.483781e-01 5.483781e-01 7.917556e-12 7.917556e-12
004 8.282260e-01 8.282260e-01 8.282260e-01 8.890666e-13 8.890666e-13
005 1.103371e+00 1.103371e+00 1.103371e+00 3.184564e-12 3.184564e-12
006 1.331803e+00 1.331803e+00 1.331803e+00 5.047518e-12 5.047518e-12
007 1.513959e+00 1.513959e+00 1.513959e+00 4.949374e-12 4.949374e-12
008 1.668037e+00 1.668037e+00 1.668037e+00 1.936495e-11 1.936495e-11
009 1.796030e+00 1.796030e+00 1.796030e+00 2.309534e-09 2.309534e-09
010 1.918159e+00 1.918158e+00 1.918158e+00 6.369384e-07 6.369384e-07
011 2.047805e+00 2.047806e+00 2.047806e+00 6.392614e-07 6.392614e-07
012 2.210720e+00 2.210720e+00 2.210720e+00 3.299876e-10 3.299876e-10
013 2.411549e+00 2.411549e+00 2.411549e+00 1.488849e-09 1.488849e-09
014 2.647011e+00 2.647011e+00 2.647011e+00 1.826487e-09 1.826487e-09
015 2.945567e+00 2.945567e+00 2.945567e+00 4.547474e-13 4.547474e-13
016 3.298847e+00 3.298846e+00 3.298846e+00 3.181880e-07 3.181880e-07
017 3.744679e+00 3.744680e+00 3.744680e+00 2.985940e-07 2.985940e-07
018 4.261707e+00 4.261707e+00 4.261707e+00 1.617112e-08 1.617112e-08
019 5.010947e+00 5.010947e+00 5.010947e+00 3.361260e-09 3.361260e-09
020 6.004824e+00 6.004824e+00 6.004824e+00 1.442668e-11 1.442668e-11
021 7.213123e+00 7.213123e+00 7.213123e+00 4.407941e-11 4.407941e-11
022 8.920727e+00 8.920727e+00 8.920727e+00 3.726797e-12 3.726797e-12
023 1.132027e+01 1.132027e+01 1.132027e+01 2.149392e-13 2.149392e-13
024 1.446340e+01 1.446340e+01 1.446340e+01 7.208595e-09 7.208595e-09
025 1.851770e+01 1.851770e+01 1.851770e+01 4.941342e-09 4.941342e-09
026 2.472677e+01 2.472677e+01 2.472677e+01 2.015785e-09 2.015785e-09
027 3.265371e+01 3.265371e+01 3.265371e+01 2.515179e-10 2.515179e-10
028 4.389376e+01 4.389376e+01 4.389376e+01 7.105427e-13 7.105427e-13
029 6.141482e+01 6.141482e+01 6.141482e+01 3.623768e-12 3.623768e-12
030 8.583821e+01 8.583821e+01 8.583821e+01 1.211149e-09 1.211149e-09
031 1.227004e+02 1.227004e+02 1.227004e+02 1.212925e-09 1.212925e-09
032 1.768841e+02 1.768832e+02 1.768832e+02 8.801014e-04 8.801014e-04
033 2.642933e+02 2.642942e+02 2.642942e+02 8.793848e-04 8.793848e-04
034 3.921898e+02 3.921898e+02 3.921898e+02 5.769730e-07 5.769730e-07
035 5.880116e+02 5.880116e+02 5.880116e+02 1.308524e-07 1.308524e-07
036 9.342681e+02 9.325234e+02 9.325234e+02 1.744674e+00 1.744674e+00
037 1.371554e+03 1.373299e+03 1.373299e+03 1.744674e+00 1.744674e+00
038 2.215130e+03 2.215129e+03 2.215129e+03 3.135187e-04 3.135187e-04
039 3.558474e+03 3.558474e+03 3.558474e+03 3.131138e-04 3.131138e-04
# printing ends...
