# Hello World! This is dune-eigensolver.
# hardware number of threads is 128 number of threads used is 1
# 8 8
# Smallest eigenvalues convergence test

# nnz: 308336
# nny: 316680
# nnz: 97344
# nny: 316680
# grid: checkerboard N: 20:    103:    10556

#  n: 10556 A.N(): 10556 br: 1
# GeneralizedInverseAdaptive:  time_total=1.457893e+02 time_factorization=2.911765e-01 iterations=4001 outer_iterations=5

# Arpack: time_total=2.859081e+00 iterations=1

# Eigensolver elapsed time 1.457902e+02

# N=10556 M=80 ACCURACY=5.000000e-01 TOL=1.000000e-02 THRESHOLD=2.000000e+02 ESARERROR=3.557187e+03 ARPERROR=4.411049e-11 ESANERROR=0.000000e+00 TIMERATIO=5.099196e+01 \\

### gen: ftw     ARP-SMALL-TOL  ARPACK-TOL  ES-ARP-SMALL  ES-AR ERROR
000 7.812237e-12 7.631916e-15 7.631916e-15 7.804605e-12 7.804605e-12
001 7.020050e-02 7.020050e-02 7.020050e-02 2.372325e-12 2.372325e-12
002 2.672995e-01 2.672995e-01 2.672995e-01 7.313317e-12 7.313317e-12
003 5.483781e-01 5.483781e-01 5.483781e-01 7.915002e-12 7.915002e-12
004 8.282260e-01 8.282260e-01 8.282260e-01 8.919532e-13 8.919532e-13
005 1.103371e+00 1.103371e+00 1.103371e+00 3.191447e-12 3.191447e-12
006 1.331803e+00 1.331803e+00 1.331803e+00 5.040190e-12 5.040190e-12
007 1.513959e+00 1.513959e+00 1.513959e+00 4.878320e-12 4.878320e-12
008 1.668037e+00 1.668037e+00 1.668037e+00 5.275780e-13 5.275780e-13
009 1.796030e+00 1.796030e+00 1.796030e+00 1.862954e-13 1.862954e-13
010 1.918158e+00 1.918158e+00 1.918158e+00 3.455014e-13 3.455014e-13
011 2.047806e+00 2.047806e+00 2.047806e+00 6.279421e-13 6.279421e-13
012 2.210720e+00 2.210720e+00 2.210720e+00 4.609646e-13 4.609646e-13
013 2.411549e+00 2.411549e+00 2.411549e+00 1.443290e-13 1.443290e-13
014 2.647011e+00 2.647011e+00 2.647011e+00 2.220446e-14 2.220446e-14
015 2.945567e+00 2.945567e+00 2.945567e+00 1.643130e-14 1.643130e-14
016 3.298846e+00 3.298846e+00 3.298846e+00 3.597123e-14 3.597123e-14
017 3.744680e+00 3.744680e+00 3.744680e+00 1.199041e-14 1.199041e-14
018 4.261707e+00 4.261707e+00 4.261707e+00 2.042810e-14 2.042810e-14
019 5.010947e+00 5.010947e+00 5.010947e+00 6.217249e-15 6.217249e-15
020 6.004824e+00 6.004824e+00 6.004824e+00 9.769963e-15 9.769963e-15
021 7.213123e+00 7.213123e+00 7.213123e+00 1.865175e-14 1.865175e-14
022 8.920727e+00 8.920727e+00 8.920727e+00 1.243450e-14 1.243450e-14
023 1.132027e+01 1.132027e+01 1.132027e+01 0.000000e+00 0.000000e+00
024 1.446340e+01 1.446340e+01 1.446340e+01 8.526513e-14 8.526513e-14
025 1.851770e+01 1.851770e+01 1.851770e+01 7.815970e-14 7.815970e-14
026 2.472677e+01 2.472677e+01 2.472677e+01 7.815970e-14 7.815970e-14
027 3.265371e+01 3.265371e+01 3.265371e+01 4.973799e-14 4.973799e-14
028 4.389376e+01 4.389376e+01 4.389376e+01 1.492140e-13 1.492140e-13
029 6.141482e+01 6.141482e+01 6.141482e+01 3.055334e-13 3.055334e-13
030 8.583821e+01 8.583821e+01 8.583821e+01 1.989520e-13 1.989520e-13
031 1.227004e+02 1.227004e+02 1.227004e+02 1.122658e-12 1.122658e-12
032 1.768832e+02 1.768832e+02 1.768832e+02 8.810730e-13 8.810730e-13
033 2.642942e+02 2.642942e+02 2.642942e+02 1.023182e-12 1.023182e-12
034 3.921898e+02 3.921898e+02 3.921898e+02 3.183231e-12 3.183231e-12
035 5.880116e+02 5.880116e+02 5.880116e+02 1.818989e-12 1.818989e-12
036 9.325234e+02 9.325234e+02 9.325234e+02 3.751666e-12 3.751666e-12
037 1.373299e+03 1.373299e+03 1.373299e+03 1.114131e-11 1.114131e-11
038 2.215129e+03 2.215129e+03 2.215129e+03 1.728040e-11 1.728040e-11
039 3.558474e+03 3.558474e+03 3.558474e+03 4.411049e-11 4.411049e-11
# printing ends...
