# Hello World! This is dune-eigensolver.
# hardware number of threads is 128 number of threads used is 1
# 8 8
# Smallest eigenvalues convergence test

# nnz: 308336
# nny: 316680
# nnz: 97344
# nny: 316680
# grid: checkerboard N: 20:    103:    10556

#  n: 10556 A.N(): 10556 br: 1
# GeneralizedInverse:  time_total=1.153937e+00 time_factorization=2.960408e-01 iterations=10

# Arpack: time_total=2.813676e+00 iterations=1

# Eigensolver elapsed time 1.154460e+00

# N=10556 M=80 ACCURACY=5.000000e-01 TOL=1.000000e-01 THRESHOLD=2.000000e+02 ESARERROR=1.294904e+12 ARPERROR=1.294904e+12 ESANERROR=0.000000e+00 TIMERATIO=4.103031e-01 \\

### gen: ftw     ARP-SMALL-TOL  ARPACK-TOL  ES-ARP-SMALL  ES-AR ERROR
000 -1.294904e+12 7.121040e-15 7.121040e-15 1.294904e+12 1.294904e+12
001 -5.273235e+11 7.020050e-02 7.020050e-02 5.273235e+11 5.273235e+11
002 -2.573387e+11 2.672995e-01 2.672995e-01 2.573387e+11 2.573387e+11
003 -1.852760e+11 5.483781e-01 5.483781e-01 1.852760e+11 1.852760e+11
004 -3.363831e+09 8.282260e-01 8.282260e-01 3.363831e+09 3.363831e+09
005 7.812232e-12 1.103371e+00 1.103371e+00 1.103371e+00 1.103371e+00
006 7.020050e-02 1.331803e+00 1.331803e+00 1.261603e+00 1.261603e+00
007 2.672995e-01 1.513959e+00 1.513959e+00 1.246660e+00 1.246660e+00
008 5.517488e-01 1.668037e+00 1.668037e+00 1.116288e+00 1.116288e+00
009 8.276594e-01 1.796030e+00 1.796030e+00 9.683703e-01 9.683703e-01
010 1.117042e+00 1.918158e+00 1.918158e+00 8.011161e-01 8.011161e-01
011 1.478244e+00 2.047806e+00 2.047806e+00 5.695619e-01 5.695619e-01
012 1.488451e+00 2.210720e+00 2.210720e+00 7.222682e-01 7.222682e-01
013 1.557516e+00 2.411549e+00 2.411549e+00 8.540329e-01 8.540329e-01
014 1.837028e+00 2.647011e+00 2.647011e+00 8.099830e-01 8.099830e-01
015 1.881429e+00 2.945567e+00 2.945567e+00 1.064138e+00 1.064138e+00
016 2.126559e+00 3.298846e+00 3.298846e+00 1.172287e+00 1.172287e+00
017 2.188461e+00 3.744680e+00 3.744680e+00 1.556218e+00 1.556218e+00
018 2.457390e+00 4.261707e+00 4.261707e+00 1.804317e+00 1.804317e+00
019 2.523621e+00 5.010947e+00 5.010947e+00 2.487326e+00 2.487326e+00
020 2.969998e+00 6.004824e+00 6.004824e+00 3.034826e+00 3.034826e+00
021 3.325349e+00 7.213123e+00 7.213123e+00 3.887773e+00 3.887773e+00
022 3.723280e+00 8.920727e+00 8.920727e+00 5.197447e+00 5.197447e+00
023 4.305956e+00 1.132027e+01 1.132027e+01 7.014314e+00 7.014314e+00
024 4.943278e+00 1.446340e+01 1.446340e+01 9.520117e+00 9.520117e+00
025 6.031324e+00 1.851770e+01 1.851770e+01 1.248638e+01 1.248638e+01
026 7.192363e+00 2.472677e+01 2.472677e+01 1.753441e+01 1.753441e+01
027 8.899619e+00 3.265371e+01 3.265371e+01 2.375409e+01 2.375409e+01
028 1.142559e+01 4.389376e+01 4.389376e+01 3.246817e+01 3.246817e+01
029 1.440700e+01 6.141482e+01 6.141482e+01 4.700782e+01 4.700782e+01
030 1.847716e+01 8.583821e+01 8.583821e+01 6.736105e+01 6.736105e+01
031 2.502093e+01 1.227004e+02 1.227004e+02 9.767947e+01 9.767947e+01
032 3.249791e+01 1.768832e+02 1.768832e+02 1.443853e+02 1.443853e+02
033 4.374679e+01 2.642942e+02 2.642942e+02 2.205474e+02 2.205474e+02
034 6.143237e+01 3.921898e+02 3.921898e+02 3.307574e+02 3.307574e+02
035 8.582818e+01 5.880116e+02 5.880116e+02 5.021834e+02 5.021834e+02
036 1.230026e+02 9.325234e+02 9.325234e+02 8.095208e+02 8.095208e+02
037 1.765761e+02 1.373299e+03 1.373299e+03 1.196723e+03 1.196723e+03
038 2.663475e+02 2.215129e+03 2.215129e+03 1.948782e+03 1.948782e+03
039 3.901892e+02 3.558474e+03 3.558474e+03 3.168285e+03 3.168285e+03
040 5.897428e+02 5.465715e+03 5.465715e+03 4.875972e+03 4.875972e+03
041 9.321246e+02 8.844783e+03 8.844783e+03 7.912659e+03 7.912659e+03
042 1.371947e+03 1.423655e+04 1.423655e+04 1.286460e+04 1.286460e+04
043 2.291394e+03 2.393682e+04 2.393682e+04 2.164543e+04 2.164543e+04
044 3.482211e+03 3.791075e+04 3.791075e+04 3.442854e+04 3.442854e+04
045 5.467102e+03 6.655241e+04 6.655241e+04 6.108531e+04 6.108531e+04
046 8.843477e+03 1.102411e+05 1.102411e+05 1.013976e+05 1.013976e+05
047 1.423961e+04 1.870929e+05 1.870929e+05 1.728533e+05 1.728533e+05
048 2.393364e+04 3.061613e+05 3.061613e+05 2.822276e+05 2.822276e+05
049 3.791077e+04 5.100519e+05 5.100519e+05 4.721411e+05 4.721411e+05
050 6.667579e+04 8.409366e+05 8.409366e+05 7.742608e+05 7.742608e+05
051 1.101201e+05 1.478519e+06 1.478519e+06 1.368399e+06 1.368399e+06
052 1.870943e+05 2.433497e+06 2.433497e+06 2.246402e+06 2.246402e+06
053 3.061578e+05 3.990961e+06 3.990961e+06 3.684803e+06 3.684803e+06
054 5.100526e+05 8.049278e+06 8.049278e+06 7.539226e+06 7.539226e+06
055 8.409381e+05 1.226318e+07 1.226318e+07 1.142224e+07 1.142224e+07
056 1.478552e+06 2.070127e+07 2.070127e+07 1.922272e+07 1.922272e+07
057 2.434117e+06 3.665425e+07 3.665425e+07 3.422013e+07 3.422013e+07
058 3.990306e+06 5.955544e+07 5.955544e+07 5.556514e+07 5.556514e+07
059 8.051039e+06 1.124430e+08 1.124430e+08 1.043920e+08 1.043920e+08
060 1.226162e+07 1.852814e+08 1.852814e+08 1.730197e+08 1.730197e+08
061 2.070124e+07 3.098488e+08 3.098488e+08 2.891476e+08 2.891476e+08
062 3.665532e+07 4.976426e+08 4.976426e+08 4.609873e+08 4.609873e+08
063 5.955462e+07 7.946006e+08 7.946006e+08 7.350460e+08 7.350460e+08
064 1.124437e+08 1.281447e+09 1.281447e+09 1.169003e+09 1.169003e+09
065 1.864466e+08 2.347020e+09 2.347020e+09 2.160574e+09 2.160574e+09
066 3.086825e+08 3.611913e+09 3.611913e+09 3.303231e+09 3.303231e+09
067 4.976434e+08 6.394454e+09 6.394454e+09 5.896811e+09 5.896811e+09
068 7.945999e+08 1.056403e+10 1.056403e+10 9.769429e+09 9.769429e+09
069 1.281456e+09 1.601295e+10 1.601295e+10 1.473149e+10 1.473149e+10
070 2.347015e+09 3.134371e+10 3.134371e+10 2.899670e+10 2.899670e+10
071 3.611910e+09 4.626579e+10 4.626579e+10 4.265388e+10 4.265388e+10
072 6.394511e+09 7.809870e+10 7.809870e+10 7.170419e+10 7.170419e+10
073 1.056529e+10 9.792956e+10 9.792956e+10 8.736427e+10 8.736427e+10
074 1.601190e+10 1.487339e+11 1.487339e+11 1.327220e+11 1.327220e+11
075 3.134676e+10 2.319175e+11 2.319175e+11 2.005708e+11 2.005708e+11
076 4.626479e+10 3.550789e+11 3.550789e+11 3.088141e+11 3.088141e+11
077 8.376888e+10 6.546180e+11 6.546180e+11 5.708492e+11 5.708492e+11
078 1.163584e+11 1.103012e+12 1.103012e+12 9.866541e+11 9.866541e+11
079 7.806580e+11 1.482699e+12 1.482699e+12 7.020413e+11 7.020413e+11
# printing ends...
