# Hello World! This is dune-eigensolver.
# hardware number of threads is 128 number of threads used is 1
# 8 8
# Smallest eigenvalues convergence test

# nnz: 290384
# nny: 298320
# nnz: 91632
# nny: 298320
# grid: checkerboard N: 20:    100:    9944

#  n: 9944 A.N(): 9944 br: 1
# GeneralizedInverse:  time_total=3.262306e+02 time_factorization=3.199869e-01 iterations=4001

# Arpack: time_total=2.380354e+00 iterations=1

# Eigensolver elapsed time 3.262313e+02

# N=9944 M=80 ACCURACY=5.000000e-01 TOL=1.000000e-02 THRESHOLD=2.000000e+02 ESARERROR=9.353430e+12 ARPERROR=1.690319e+21 ESANERROR=0.000000e+00 TIMERATIO=1.370516e+02 \\

### gen: ftw     ARP-SMALL-TOL  ARPACK-TOL  ES-ARP-SMALL  ES-AR ERROR
000 -9.353430e+12 1.353493e-09 1.353493e-09 9.353430e+12 9.353430e+12
001 -3.524394e+12 6.461571e-01 6.461571e-01 3.524394e+12 3.524394e+12
002 -7.747277e+11 1.219717e+04 1.219717e+04 7.747277e+11 7.747277e+11
003 -7.699332e+11 4.455070e+04 4.455070e+04 7.699333e+11 7.699333e+11
004 -7.186847e+11 5.468554e+04 5.468554e+04 7.186847e+11 7.186847e+11
005 -7.122002e+11 1.173760e+05 1.173760e+05 7.122004e+11 7.122004e+11
006 -6.623842e+11 2.262912e+05 2.262912e+05 6.623844e+11 6.623844e+11
007 -5.932765e+11 2.646921e+05 2.646921e+05 5.932768e+11 5.932768e+11
008 -5.146553e+11 4.255540e+05 4.255540e+05 5.146557e+11 5.146557e+11
009 -4.872873e+11 7.924357e+05 7.924357e+05 4.872881e+11 4.872881e+11
010 -4.559465e+11 1.019364e+06 1.019364e+06 4.559475e+11 4.559475e+11
011 -4.539716e+11 1.548303e+06 1.548303e+06 4.539732e+11 4.539732e+11
012 -4.237673e+11 3.099616e+06 3.099616e+06 4.237704e+11 4.237704e+11
013 -3.753544e+11 3.884586e+06 3.884586e+06 3.753583e+11 3.753583e+11
014 -3.662837e+11 6.733807e+06 6.733807e+06 3.662905e+11 3.662905e+11
015 -2.304175e+11 1.378383e+07 1.378383e+07 2.304313e+11 2.304313e+11
016 -1.715838e+11 1.678241e+07 1.678241e+07 1.716006e+11 1.716006e+11
017 -1.243227e+11 3.517222e+07 3.517222e+07 1.243578e+11 1.243578e+11
018 -6.074236e+10 6.543613e+07 6.543613e+07 6.080780e+10 6.080780e+10
019 -5.216868e+10 9.725269e+07 9.725269e+07 5.226593e+10 5.226593e+10
020 -4.959693e+10 2.372836e+08 2.372836e+08 4.983421e+10 4.983421e+10
021 -3.057549e+10 3.647882e+08 3.647882e+08 3.094028e+10 3.094028e+10
022 -2.593928e+10 8.350896e+08 8.350896e+08 2.677437e+10 2.677437e+10
023 1.471853e-09 1.617992e+09 1.617992e+09 1.617992e+09 1.617992e+09
024 6.461571e-01 3.591343e+09 3.591343e+09 3.591343e+09 3.591343e+09
025 1.219717e+04 7.400679e+09 7.400679e+09 7.400667e+09 7.400667e+09
026 4.455070e+04 1.866000e+10 1.866000e+10 1.865996e+10 1.865996e+10
027 5.468554e+04 3.747372e+10 3.747372e+10 3.747366e+10 3.747366e+10
028 1.173760e+05 6.718726e+10 6.718726e+10 6.718714e+10 6.718714e+10
029 2.262912e+05 7.848005e+10 7.848005e+10 7.847982e+10 7.847982e+10
030 2.646921e+05 1.113513e+11 1.113513e+11 1.113511e+11 1.113511e+11
031 4.255540e+05 1.773126e+11 1.773126e+11 1.773121e+11 1.773121e+11
032 7.924357e+05 2.720525e+11 2.720525e+11 2.720517e+11 2.720517e+11
033 1.019364e+06 4.607620e+11 4.607620e+11 4.607610e+11 4.607610e+11
034 1.548303e+06 8.603014e+11 8.603014e+11 8.602998e+11 8.602998e+11
035 3.099616e+06 1.460722e+12 1.460722e+12 1.460719e+12 1.460719e+12
036 3.884586e+06 2.777540e+12 2.777540e+12 2.777536e+12 2.777536e+12
037 6.733807e+06 5.611932e+12 5.611932e+12 5.611925e+12 5.611925e+12
038 1.378383e+07 9.216616e+12 9.216616e+12 9.216603e+12 9.216603e+12
039 1.678241e+07 1.532948e+13 1.532948e+13 1.532946e+13 1.532946e+13
040 3.517222e+07 4.337770e+13 4.337770e+13 4.337766e+13 4.337766e+13
041 6.543613e+07 1.157628e+14 1.157628e+14 1.157627e+14 1.157627e+14
042 9.725269e+07 1.351674e+14 1.351674e+14 1.351673e+14 1.351673e+14
043 2.372836e+08 2.643013e+14 2.643013e+14 2.643011e+14 2.643011e+14
044 3.647882e+08 7.895796e+14 7.895796e+14 7.895792e+14 7.895792e+14
045 8.350896e+08 1.133983e+15 1.133983e+15 1.133982e+15 1.133982e+15
046 1.617992e+09 2.289427e+15 2.289427e+15 2.289425e+15 2.289425e+15
047 3.591343e+09 3.940648e+15 3.940648e+15 3.940645e+15 3.940645e+15
048 7.400679e+09 5.518932e+15 5.518932e+15 5.518925e+15 5.518925e+15
049 1.866000e+10 9.049240e+15 9.049240e+15 9.049221e+15 9.049221e+15
050 3.152546e+10 1.502586e+16 1.502586e+16 1.502583e+16 1.502583e+16
051 3.747372e+10 2.275862e+16 2.275862e+16 2.275858e+16 2.275858e+16
052 6.146813e+10 3.277210e+16 3.277210e+16 3.277203e+16 3.277203e+16
053 6.718726e+10 5.299247e+16 5.299247e+16 5.299240e+16 5.299240e+16
054 7.848005e+10 9.234426e+16 9.234426e+16 9.234419e+16 9.234419e+16
055 9.194180e+10 1.419723e+17 1.419723e+17 1.419722e+17 1.419722e+17
056 1.113513e+11 2.158536e+17 2.158536e+17 2.158535e+17 2.158535e+17
057 1.507873e+11 3.638262e+17 3.638262e+17 3.638261e+17 3.638261e+17
058 1.773126e+11 4.530256e+17 4.530256e+17 4.530254e+17 4.530254e+17
059 2.092225e+11 7.690617e+17 7.690617e+17 7.690614e+17 7.690614e+17
060 2.659754e+11 1.214298e+18 1.214298e+18 1.214298e+18 1.214298e+18
061 2.720525e+11 1.460299e+18 1.460299e+18 1.460299e+18 1.460299e+18
062 4.256771e+11 2.653751e+18 2.653751e+18 2.653751e+18 2.653751e+18
063 4.607620e+11 4.779583e+18 4.779583e+18 4.779582e+18 4.779582e+18
064 4.784614e+11 8.378214e+18 8.378214e+18 8.378214e+18 8.378214e+18
065 5.388609e+11 1.112695e+19 1.112695e+19 1.112695e+19 1.112695e+19
066 5.885592e+11 1.312444e+19 1.312444e+19 1.312443e+19 1.312443e+19
067 6.249313e+11 2.059524e+19 2.059524e+19 2.059524e+19 2.059524e+19
068 6.266268e+11 3.696549e+19 3.696549e+19 3.696549e+19 3.696549e+19
069 6.386716e+11 5.092229e+19 5.092229e+19 5.092229e+19 5.092229e+19
070 7.814840e+11 9.482681e+19 9.482681e+19 9.482681e+19 9.482681e+19
071 8.603014e+11 1.620052e+20 1.620052e+20 1.620052e+20 1.620052e+20
072 9.313418e+11 2.232886e+20 2.232886e+20 2.232886e+20 2.232886e+20
073 9.952497e+11 3.441567e+20 3.441567e+20 3.441567e+20 3.441567e+20
074 1.010014e+12 5.211799e+20 5.211799e+20 5.211799e+20 5.211799e+20
075 1.129675e+12 1.047512e+21 1.047512e+21 1.047512e+21 1.047512e+21
076 1.460722e+12 1.257003e+21 1.257003e+21 1.257003e+21 1.257003e+21
077 1.488113e+12 1.267705e+21 1.267705e+21 1.267705e+21 1.267705e+21
078 1.723974e+12 1.355037e+21 1.355037e+21 1.355037e+21 1.355037e+21
079 2.255260e+12 1.690319e+21 1.690319e+21 1.690319e+21 1.690319e+21
# printing ends...
