# Hello World! This is dune-eigensolver.
# hardware number of threads is 128 number of threads used is 1
# 8 8
# Smallest eigenvalues convergence test

# nnz: 308336
# nny: 316680
# nnz: 97344
# nny: 316680
# grid: checkerboard N: 20:    103:    10556

#  n: 10556 A.N(): 10556 br: 1
# GeneralizedInverse:  time_total=2.005049e+02 time_factorization=2.959322e-01 iterations=2421

# Arpack: time_total=3.056998e+00 iterations=1

# Eigensolver elapsed time 2.005054e+02

# N=10556 M=80 ACCURACY=1.000000e+00 TOL=1.000000e-02 THRESHOLD=2.000000e+02 ESARERROR=1.058563e+12 ARPERROR=4.241359e+11 ESANERROR=0.000000e+00 TIMERATIO=6.558899e+01 \\

### gen: ftw     ARP-SMALL-TOL  ARPACK-TOL  ES-ARP-SMALL  ES-AR ERROR
000 7.812201e-12 7.121040e-15 7.121040e-15 7.805080e-12 7.805080e-12
001 7.020050e-02 7.020050e-02 7.020050e-02 2.372200e-12 2.372200e-12
002 2.672995e-01 2.672995e-01 2.672995e-01 7.312484e-12 7.312484e-12
003 5.483781e-01 5.483781e-01 5.483781e-01 7.913559e-12 7.913559e-12
004 8.282260e-01 8.282260e-01 8.282260e-01 8.888446e-13 8.888446e-13
005 1.103371e+00 1.103371e+00 1.103371e+00 3.191669e-12 3.191669e-12
006 1.331803e+00 1.331803e+00 1.331803e+00 5.043077e-12 5.043077e-12
007 1.513959e+00 1.513959e+00 1.513959e+00 4.875433e-12 4.875433e-12
008 1.668037e+00 1.668037e+00 1.668037e+00 5.286882e-13 5.286882e-13
009 1.796030e+00 1.796030e+00 1.796030e+00 1.996181e-13 1.996181e-13
010 1.918158e+00 1.918158e+00 1.918158e+00 3.299583e-13 3.299583e-13
011 2.047806e+00 2.047806e+00 2.047806e+00 6.381562e-13 6.381562e-13
012 2.210720e+00 2.210720e+00 2.210720e+00 4.600764e-13 4.600764e-13
013 2.411549e+00 2.411549e+00 2.411549e+00 1.336709e-13 1.336709e-13
014 2.647011e+00 2.647011e+00 2.647011e+00 6.217249e-15 6.217249e-15
015 2.945567e+00 2.945567e+00 2.945567e+00 1.421085e-14 1.421085e-14
016 3.298846e+00 3.298846e+00 3.298846e+00 4.085621e-14 4.085621e-14
017 3.744680e+00 3.744680e+00 3.744680e+00 1.021405e-14 1.021405e-14
018 4.261707e+00 4.261707e+00 4.261707e+00 1.065814e-14 1.065814e-14
019 5.010947e+00 5.010947e+00 5.010947e+00 7.993606e-15 7.993606e-15
020 6.004824e+00 6.004824e+00 6.004824e+00 5.329071e-15 5.329071e-15
021 7.213123e+00 7.213123e+00 7.213123e+00 2.131628e-14 2.131628e-14
022 8.920727e+00 8.920727e+00 8.920727e+00 1.598721e-14 1.598721e-14
023 1.132027e+01 1.132027e+01 1.132027e+01 1.776357e-15 1.776357e-15
024 1.446340e+01 1.446340e+01 1.446340e+01 6.927792e-14 6.927792e-14
025 1.851770e+01 1.851770e+01 1.851770e+01 4.973799e-14 4.973799e-14
026 2.472677e+01 2.472677e+01 2.472677e+01 1.421085e-14 1.421085e-14
027 3.265371e+01 3.265371e+01 3.265371e+01 9.947598e-14 9.947598e-14
028 4.389376e+01 4.389376e+01 4.389376e+01 1.278977e-13 1.278977e-13
029 6.141482e+01 6.141482e+01 6.141482e+01 2.202682e-13 2.202682e-13
030 8.583821e+01 8.583821e+01 8.583821e+01 7.105427e-14 7.105427e-14
031 1.227004e+02 1.227004e+02 1.227004e+02 5.968559e-13 5.968559e-13
032 1.768832e+02 1.768832e+02 1.768832e+02 8.526513e-14 8.526513e-14
033 2.642942e+02 2.642942e+02 2.642942e+02 8.526513e-13 8.526513e-13
034 3.921898e+02 3.921898e+02 3.921898e+02 4.263256e-12 4.263256e-12
035 5.880116e+02 5.880116e+02 5.880116e+02 5.684342e-12 5.684342e-12
036 9.325234e+02 9.325234e+02 9.325234e+02 3.069545e-12 3.069545e-12
037 1.373299e+03 1.373299e+03 1.373299e+03 1.705303e-11 1.705303e-11
038 2.215129e+03 2.215129e+03 2.215129e+03 1.591616e-11 1.591616e-11
039 3.558474e+03 3.558474e+03 3.558474e+03 1.514309e-10 1.514309e-10
040 5.465715e+03 5.465715e+03 5.465715e+03 9.094947e-12 9.094947e-12
041 8.844783e+03 8.844783e+03 8.844783e+03 8.003553e-11 8.003553e-11
042 1.423655e+04 1.423655e+04 1.423655e+04 3.128662e-10 3.128662e-10
043 2.393682e+04 2.393682e+04 2.393682e+04 3.274181e-11 3.274181e-11
044 3.791075e+04 3.791075e+04 3.791075e+04 3.274181e-10 3.274181e-10
045 6.655241e+04 6.655241e+04 6.655241e+04 5.529728e-10 5.529728e-10
046 1.102411e+05 1.102411e+05 1.102411e+05 8.585630e-10 8.585630e-10
047 1.870929e+05 1.870929e+05 1.870929e+05 1.688022e-09 1.688022e-09
048 3.061613e+05 3.061613e+05 3.061613e+05 1.839362e-08 1.839362e-08
049 5.100519e+05 5.100519e+05 5.100519e+05 7.153722e-08 7.153722e-08
050 8.409366e+05 8.409366e+05 8.409366e+05 9.220093e-08 9.220093e-08
051 1.478519e+06 1.478519e+06 1.478519e+06 1.920853e-07 1.920853e-07
052 2.433497e+06 2.433497e+06 2.433497e+06 3.399327e-08 3.399327e-08
053 3.990961e+06 3.990961e+06 3.990961e+06 8.679926e-07 8.679926e-07
054 8.049278e+06 8.049278e+06 8.049278e+06 3.353693e-06 3.353693e-06
055 1.226318e+07 1.226318e+07 1.226318e+07 3.010035e-06 3.010035e-06
056 2.070127e+07 2.070127e+07 2.070127e+07 2.051517e-05 2.051517e-05
057 3.665425e+07 3.665425e+07 3.665425e+07 4.529953e-06 4.529953e-06
058 5.955544e+07 5.955544e+07 5.955544e+07 3.124848e-04 3.124848e-04
059 1.124430e+08 1.124430e+08 1.124430e+08 7.578731e-05 7.578731e-05
060 1.852814e+08 1.852814e+08 1.852814e+08 9.033084e-04 9.033084e-04
061 3.098488e+08 3.098488e+08 3.098488e+08 2.704859e-03 2.704859e-03
062 4.976426e+08 4.976426e+08 4.976426e+08 5.405033e-02 5.405033e-02
063 7.946006e+08 7.946006e+08 7.946006e+08 2.282941e-02 2.282941e-02
064 1.281447e+09 1.281447e+09 1.281447e+09 1.114366e-01 1.114366e-01
065 2.347020e+09 2.347020e+09 2.347020e+09 1.653304e-01 1.653304e-01
066 3.611913e+09 3.611913e+09 3.611913e+09 4.227918e+00 4.227918e+00
067 6.394454e+09 6.394454e+09 6.394454e+09 5.718993e+01 5.718993e+01
068 1.056403e+10 1.056403e+10 1.056403e+10 2.237147e+02 2.237147e+02
069 1.601295e+10 1.601295e+10 1.601295e+10 9.911102e+01 9.911102e+01
070 3.134371e+10 3.134371e+10 3.134371e+10 7.709247e+02 7.709247e+02
071 4.626578e+10 4.626579e+10 4.626579e+10 8.247309e+03 8.247309e+03
072 7.809863e+10 7.809870e+10 7.809870e+10 6.978700e+04 6.978700e+04
073 9.792956e+10 9.792956e+10 9.792956e+10 5.879832e+03 5.879832e+03
074 1.487337e+11 1.487339e+11 1.487339e+11 1.978531e+05 1.978531e+05
075 2.319175e+11 2.319175e+11 2.319175e+11 8.521347e+03 8.521347e+03
076 3.550781e+11 3.550789e+11 3.550789e+11 7.627660e+05 7.627660e+05
077 6.546174e+11 6.546180e+11 6.546180e+11 6.389592e+05 6.389592e+05
078 7.404111e+11 1.103012e+12 1.103012e+12 3.626014e+11 3.626014e+11
079 1.058563e+12 1.482699e+12 1.482699e+12 4.241359e+11 4.241359e+11
# printing ends...
