# Hello World! This is dune-eigensolver.
# hardware number of threads is 128 number of threads used is 1
# 8 8
# Smallest eigenvalues convergence test

# nnz: 308336
# nny: 316680
# nnz: 97344
# nny: 316680
# grid: checkerboard N: 20:    103:    10556

#  n: 10556 A.N(): 10556 br: 1
# GeneralizedInverseAdaptive:  time_total=3.882220e+00 time_factorization=2.928114e-01 iterations=37 outer_iterations=5

# Arpack: time_total=2.791117e+00 iterations=1

# Eigensolver elapsed time 3.885268e+00

# N=10556 M=80 ACCURACY=5.000000e-01 TOL=1.000000e-01 THRESHOLD=2.000000e+02 ESARERROR=3.557187e+03 ARPERROR=3.054543e-05 ESANERROR=0.000000e+00 TIMERATIO=1.392012e+00 \\

### gen: ftw     ARP-SMALL-TOL  ARPACK-TOL  ES-ARP-SMALL  ES-AR ERROR
000 7.812679e-12 7.631916e-15 7.631916e-15 7.805047e-12 7.805047e-12
001 7.020050e-02 7.020050e-02 7.020050e-02 2.372033e-12 2.372033e-12
002 2.672995e-01 2.672995e-01 2.672995e-01 7.312095e-12 7.312095e-12
003 5.483781e-01 5.483781e-01 5.483781e-01 7.916001e-12 7.916001e-12
004 8.282260e-01 8.282260e-01 8.282260e-01 8.903989e-13 8.903989e-13
005 1.103371e+00 1.103371e+00 1.103371e+00 3.186118e-12 3.186118e-12
006 1.331803e+00 1.331803e+00 1.331803e+00 5.059064e-12 5.059064e-12
007 1.513959e+00 1.513959e+00 1.513959e+00 5.047962e-12 5.047962e-12
008 1.668037e+00 1.668037e+00 1.668037e+00 1.458833e-12 1.458833e-12
009 1.796030e+00 1.796030e+00 1.796030e+00 1.469769e-10 1.469769e-10
010 1.918158e+00 1.918158e+00 1.918158e+00 2.800630e-08 2.800630e-08
011 2.047806e+00 2.047806e+00 2.047806e+00 2.815399e-08 2.815399e-08
012 2.210720e+00 2.210720e+00 2.210720e+00 5.729595e-11 5.729595e-11
013 2.411549e+00 2.411549e+00 2.411549e+00 5.146505e-11 5.146505e-11
014 2.647011e+00 2.647011e+00 2.647011e+00 8.280931e-12 8.280931e-12
015 2.945567e+00 2.945567e+00 2.945567e+00 2.398082e-14 2.398082e-14
016 3.298846e+00 3.298846e+00 3.298846e+00 6.568079e-13 6.568079e-13
017 3.744680e+00 3.744680e+00 3.744680e+00 7.362999e-13 7.362999e-13
018 4.261707e+00 4.261707e+00 4.261707e+00 1.332268e-14 1.332268e-14
019 5.010947e+00 5.010947e+00 5.010947e+00 2.042810e-14 2.042810e-14
020 6.004824e+00 6.004824e+00 6.004824e+00 7.105427e-15 7.105427e-15
021 7.213123e+00 7.213123e+00 7.213123e+00 7.105427e-15 7.105427e-15
022 8.920727e+00 8.920727e+00 8.920727e+00 2.131628e-14 2.131628e-14
023 1.132027e+01 1.132027e+01 1.132027e+01 2.131628e-14 2.131628e-14
024 1.446340e+01 1.446340e+01 1.446340e+01 8.881784e-15 8.881784e-15
025 1.851770e+01 1.851770e+01 1.851770e+01 1.421085e-14 1.421085e-14
026 2.472677e+01 2.472677e+01 2.472677e+01 3.552714e-15 3.552714e-15
027 3.265371e+01 3.265371e+01 3.265371e+01 0.000000e+00 0.000000e+00
028 4.389376e+01 4.389376e+01 4.389376e+01 6.394885e-14 6.394885e-14
029 6.141482e+01 6.141482e+01 6.141482e+01 2.842171e-13 2.842171e-13
030 8.583821e+01 8.583821e+01 8.583821e+01 0.000000e+00 0.000000e+00
031 1.227004e+02 1.227004e+02 1.227004e+02 1.122658e-12 1.122658e-12
032 1.768832e+02 1.768832e+02 1.768832e+02 1.098311e-08 1.098311e-08
033 2.642942e+02 2.642942e+02 2.642942e+02 1.097226e-08 1.097226e-08
034 3.921898e+02 3.921898e+02 3.921898e+02 7.219114e-12 7.219114e-12
035 5.880116e+02 5.880116e+02 5.880116e+02 3.069545e-12 3.069545e-12
036 9.325234e+02 9.325234e+02 9.325234e+02 3.054542e-05 3.054542e-05
037 1.373299e+03 1.373299e+03 1.373299e+03 3.054543e-05 3.054543e-05
038 2.215129e+03 2.215129e+03 2.215129e+03 5.661605e-10 5.661605e-10
039 3.558474e+03 3.558474e+03 3.558474e+03 5.697984e-10 5.697984e-10
# printing ends...
