# Hello World! This is dune-eigensolver.
# hardware number of threads is 128 number of threads used is 1
# 8 8
# Smallest eigenvalues convergence test

# nnz: 308336
# nny: 316680
# nnz: 97344
# nny: 316680
# grid: checkerboard N: 20:    103:    10556

#  n: 10556 A.N(): 10556 br: 1
# GeneralizedInverse:  time_total=1.558395e+00 time_factorization=2.961326e-01 iterations=15

# Arpack: time_total=2.829744e+00 iterations=1

# Eigensolver elapsed time 1.558933e+00

# N=10556 M=80 ACCURACY=5.000000e-01 TOL=1.000000e-02 THRESHOLD=2.000000e+02 ESARERROR=1.455508e+12 ARPERROR=1.455508e+12 ESANERROR=0.000000e+00 TIMERATIO=5.509096e-01 \\

### gen: ftw     ARP-SMALL-TOL  ARPACK-TOL  ES-ARP-SMALL  ES-AR ERROR
000 -1.455508e+12 7.121040e-15 7.121040e-15 1.455508e+12 1.455508e+12
001 7.812677e-12 7.020050e-02 7.020050e-02 7.020050e-02 7.020050e-02
002 7.020050e-02 2.672995e-01 2.672995e-01 1.970990e-01 1.970990e-01
003 2.672995e-01 5.483781e-01 5.483781e-01 2.810786e-01 2.810786e-01
004 5.484326e-01 8.282260e-01 8.282260e-01 2.797934e-01 2.797934e-01
005 8.283237e-01 1.103371e+00 1.103371e+00 2.750470e-01 2.750470e-01
006 1.173091e+00 1.331803e+00 1.331803e+00 1.587124e-01 1.587124e-01
007 1.292152e+00 1.513959e+00 1.513959e+00 2.218068e-01 2.218068e-01
008 1.506083e+00 1.668037e+00 1.668037e+00 1.619539e-01 1.619539e-01
009 1.650759e+00 1.796030e+00 1.796030e+00 1.452707e-01 1.452707e-01
010 1.818702e+00 1.918158e+00 1.918158e+00 9.945640e-02 9.945640e-02
011 1.895981e+00 2.047806e+00 2.047806e+00 1.518247e-01 1.518247e-01
012 2.115415e+00 2.210720e+00 2.210720e+00 9.530500e-02 9.530500e-02
013 2.158999e+00 2.411549e+00 2.411549e+00 2.525494e-01 2.525494e-01
014 2.503187e+00 2.647011e+00 2.647011e+00 1.438242e-01 1.438242e-01
015 2.534780e+00 2.945567e+00 2.945567e+00 4.107879e-01 4.107879e-01
016 2.988794e+00 3.298846e+00 3.298846e+00 3.100520e-01 3.100520e-01
017 3.264764e+00 3.744680e+00 3.744680e+00 4.799151e-01 4.799151e-01
018 3.745250e+00 4.261707e+00 4.261707e+00 5.164575e-01 5.164575e-01
019 4.543649e+00 5.010947e+00 5.010947e+00 4.672972e-01 4.672972e-01
020 4.720429e+00 6.004824e+00 6.004824e+00 1.284395e+00 1.284395e+00
021 6.009726e+00 7.213123e+00 7.213123e+00 1.203397e+00 1.203397e+00
022 7.208600e+00 8.920727e+00 8.920727e+00 1.712127e+00 1.712127e+00
023 8.918425e+00 1.132027e+01 1.132027e+01 2.401845e+00 2.401845e+00
024 1.132577e+01 1.446340e+01 1.446340e+01 3.137622e+00 3.137622e+00
025 1.445819e+01 1.851770e+01 1.851770e+01 4.059511e+00 4.059511e+00
026 1.851781e+01 2.472677e+01 2.472677e+01 6.208962e+00 6.208962e+00
027 2.474536e+01 3.265371e+01 3.265371e+01 7.908353e+00 7.908353e+00
028 3.264238e+01 4.389376e+01 4.389376e+01 1.125138e+01 1.125138e+01
029 4.388604e+01 6.141482e+01 6.141482e+01 1.752878e+01 1.752878e+01
030 6.141543e+01 8.583821e+01 8.583821e+01 2.442279e+01 2.442279e+01
031 8.583781e+01 1.227004e+02 1.227004e+02 3.686259e+01 3.686259e+01
032 1.227082e+02 1.768832e+02 1.768832e+02 5.417502e+01 5.417502e+01
033 1.768753e+02 2.642942e+02 2.642942e+02 8.741897e+01 8.741897e+01
034 2.643345e+02 3.921898e+02 3.921898e+02 1.278553e+02 1.278553e+02
035 3.921504e+02 5.880116e+02 5.880116e+02 1.958611e+02 1.958611e+02
036 5.880284e+02 9.325234e+02 9.325234e+02 3.444950e+02 3.444950e+02
037 9.325347e+02 1.373299e+03 1.373299e+03 4.407642e+02 4.407642e+02
038 1.373270e+03 2.215129e+03 2.215129e+03 8.418592e+02 8.418592e+02
039 2.215835e+03 3.558474e+03 3.558474e+03 1.342639e+03 1.342639e+03
040 3.557768e+03 5.465715e+03 5.465715e+03 1.907947e+03 1.907947e+03
041 5.465726e+03 8.844783e+03 8.844783e+03 3.379057e+03 3.379057e+03
042 8.844773e+03 1.423655e+04 1.423655e+04 5.391775e+03 5.391775e+03
043 1.423656e+04 2.393682e+04 2.393682e+04 9.700256e+03 9.700256e+03
044 2.393680e+04 3.791075e+04 3.791075e+04 1.397395e+04 1.397395e+04
045 3.791075e+04 6.655241e+04 6.655241e+04 2.864166e+04 2.864166e+04
046 6.655321e+04 1.102411e+05 1.102411e+05 4.368786e+04 4.368786e+04
047 1.102403e+05 1.870929e+05 1.870929e+05 7.685265e+04 7.685265e+04
048 1.870930e+05 3.061613e+05 3.061613e+05 1.190683e+05 1.190683e+05
049 3.061612e+05 5.100519e+05 5.100519e+05 2.038906e+05 2.038906e+05
050 5.100519e+05 8.409366e+05 8.409366e+05 3.308847e+05 3.308847e+05
051 8.409366e+05 1.478519e+06 1.478519e+06 6.375821e+05 6.375821e+05
052 1.478519e+06 2.433497e+06 2.433497e+06 9.549777e+05 9.549777e+05
053 2.433501e+06 3.990961e+06 3.990961e+06 1.557460e+06 1.557460e+06
054 3.990956e+06 8.049278e+06 8.049278e+06 4.058322e+06 4.058322e+06
055 8.049304e+06 1.226318e+07 1.226318e+07 4.213874e+06 4.213874e+06
056 1.226315e+07 2.070127e+07 2.070127e+07 8.438118e+06 8.438118e+06
057 2.070127e+07 3.665425e+07 3.665425e+07 1.595297e+07 1.595297e+07
058 3.665425e+07 5.955544e+07 5.955544e+07 2.290119e+07 2.290119e+07
059 5.955543e+07 1.124430e+08 1.124430e+08 5.288760e+07 5.288760e+07
060 1.124430e+08 1.852814e+08 1.852814e+08 7.283832e+07 7.283832e+07
061 1.852882e+08 3.098488e+08 3.098488e+08 1.245606e+08 1.245606e+08
062 3.098419e+08 4.976426e+08 4.976426e+08 1.878007e+08 1.878007e+08
063 4.976426e+08 7.946006e+08 7.946006e+08 2.969579e+08 2.969579e+08
064 7.946006e+08 1.281447e+09 1.281447e+09 4.868460e+08 4.868460e+08
065 1.281447e+09 2.347020e+09 2.347020e+09 1.065574e+09 1.065574e+09
066 2.347020e+09 3.611913e+09 3.611913e+09 1.264893e+09 1.264893e+09
067 3.611913e+09 6.394454e+09 6.394454e+09 2.782541e+09 2.782541e+09
068 6.394454e+09 1.056403e+10 1.056403e+10 4.169574e+09 4.169574e+09
069 1.056405e+10 1.601295e+10 1.601295e+10 5.448898e+09 5.448898e+09
070 1.601292e+10 3.134371e+10 3.134371e+10 1.533079e+10 1.533079e+10
071 3.134378e+10 4.626579e+10 4.626579e+10 1.492201e+10 1.492201e+10
072 4.626573e+10 7.809870e+10 7.809870e+10 3.183297e+10 3.183297e+10
073 5.734119e+10 9.792956e+10 9.792956e+10 4.058838e+10 4.058838e+10
074 7.848262e+10 1.487339e+11 1.487339e+11 7.025128e+10 7.025128e+10
075 9.756057e+10 2.319175e+11 2.319175e+11 1.343569e+11 1.343569e+11
076 1.484929e+11 3.550789e+11 3.550789e+11 2.065860e+11 2.065860e+11
077 2.074691e+11 6.546180e+11 6.546180e+11 4.471489e+11 4.471489e+11
078 3.848171e+11 1.103012e+12 1.103012e+12 7.181954e+11 7.181954e+11
079 6.039330e+11 1.482699e+12 1.482699e+12 8.787663e+11 8.787663e+11
# printing ends...
