# Hello World! This is dune-eigensolver.
# hardware number of threads is 128 number of threads used is 1
# 8 8
# Smallest eigenvalues convergence test

# nnz: 308336
# nny: 316680
# nnz: 97344
# nny: 316680
# grid: checkerboard N: 20:    103:    10556

#  n: 10556 A.N(): 10556 br: 1
# GeneralizedSymmetricStewartAdaptive:  time_total=3.523303e+02 time_factorization=2.895260e-01 time_eigendecomposition=7.193730e-01 time_matmul_dense=1.355886e+01 iterations=4001 outer_iterations=5

# Arpack: time_total=3.179188e+00 iterations=1

# Eigensolver elapsed time 3.523314e+02

# N=10556 M=80 ACCURACY=5.000000e-01 TOL=1.000000e-04 THRESHOLD=2.000000e+02 ESARERROR=3.557187e+03 ARPERROR=5.093170e-11 ESANERROR=0.000000e+00 TIMERATIO=1.108243e+02 \\

### gen: stw     ARP-SMALL-TOL  ARPACK-TOL  ES-ARP-SMALL  ES-AR ERROR
000 9.023533e-14 7.631916e-15 7.631916e-15 8.260341e-14 8.260341e-14
001 7.020050e-02 7.020050e-02 7.020050e-02 1.271483e-13 1.271483e-13
002 2.672995e-01 2.672995e-01 2.672995e-01 2.727263e-13 2.727263e-13
003 5.483781e-01 5.483781e-01 5.483781e-01 2.109424e-14 2.109424e-14
004 8.282260e-01 8.282260e-01 8.282260e-01 1.308953e-13 1.308953e-13
005 1.103371e+00 1.103371e+00 1.103371e+00 8.970602e-14 8.970602e-14
006 1.331803e+00 1.331803e+00 1.331803e+00 1.487699e-14 1.487699e-14
007 1.513959e+00 1.513959e+00 1.513959e+00 1.905143e-13 1.905143e-13
008 1.668037e+00 1.668037e+00 1.668037e+00 2.131628e-14 2.131628e-14
009 1.796030e+00 1.796030e+00 1.796030e+00 1.443290e-14 1.443290e-14
010 1.918158e+00 1.918158e+00 1.918158e+00 4.107825e-14 4.107825e-14
011 2.047806e+00 2.047806e+00 2.047806e+00 3.330669e-14 3.330669e-14
012 2.210720e+00 2.210720e+00 2.210720e+00 9.769963e-15 9.769963e-15
013 2.411549e+00 2.411549e+00 2.411549e+00 0.000000e+00 0.000000e+00
014 2.647011e+00 2.647011e+00 2.647011e+00 7.549517e-15 7.549517e-15
015 2.945567e+00 2.945567e+00 2.945567e+00 1.465494e-14 1.465494e-14
016 3.298846e+00 3.298846e+00 3.298846e+00 6.661338e-15 6.661338e-15
017 3.744680e+00 3.744680e+00 3.744680e+00 3.996803e-15 3.996803e-15
018 4.261707e+00 4.261707e+00 4.261707e+00 1.065814e-14 1.065814e-14
019 5.010947e+00 5.010947e+00 5.010947e+00 3.197442e-14 3.197442e-14
020 6.004824e+00 6.004824e+00 6.004824e+00 3.552714e-15 3.552714e-15
021 7.213123e+00 7.213123e+00 7.213123e+00 2.309264e-14 2.309264e-14
022 8.920727e+00 8.920727e+00 8.920727e+00 3.019807e-14 3.019807e-14
023 1.132027e+01 1.132027e+01 1.132027e+01 1.101341e-13 1.101341e-13
024 1.446340e+01 1.446340e+01 1.446340e+01 2.486900e-14 2.486900e-14
025 1.851770e+01 1.851770e+01 1.851770e+01 6.750156e-14 6.750156e-14
026 2.472677e+01 2.472677e+01 2.472677e+01 1.953993e-13 1.953993e-13
027 3.265371e+01 3.265371e+01 3.265371e+01 3.552714e-14 3.552714e-14
028 4.389376e+01 4.389376e+01 4.389376e+01 1.634248e-13 1.634248e-13
029 6.141482e+01 6.141482e+01 6.141482e+01 1.278977e-13 1.278977e-13
030 8.583821e+01 8.583821e+01 8.583821e+01 5.968559e-13 5.968559e-13
031 1.227004e+02 1.227004e+02 1.227004e+02 2.131628e-13 2.131628e-13
032 1.768832e+02 1.768832e+02 1.768832e+02 2.927436e-12 2.927436e-12
033 2.642942e+02 2.642942e+02 2.642942e+02 8.526513e-13 8.526513e-13
034 3.921898e+02 3.921898e+02 3.921898e+02 3.353762e-12 3.353762e-12
035 5.880116e+02 5.880116e+02 5.880116e+02 5.343281e-12 5.343281e-12
036 9.325234e+02 9.325234e+02 9.325234e+02 3.069545e-12 3.069545e-12
037 1.373299e+03 1.373299e+03 1.373299e+03 8.640200e-12 8.640200e-12
038 2.215129e+03 2.215129e+03 2.215129e+03 5.093170e-11 5.093170e-11
039 3.558474e+03 3.558474e+03 3.558474e+03 5.002221e-12 5.002221e-12
# printing ends...
