# Hello World! This is dune-eigensolver.
# hardware number of threads is 128 number of threads used is 1
# 8 8
# Smallest eigenvalues convergence test

# nnz: 308336
# nny: 316680
# nnz: 97344
# nny: 316680
# grid: checkerboard N: 20:    103:    10556

#  n: 10556 A.N(): 10556 br: 1
# GeneralizedSymmetricStewartAdaptive:  time_total=6.507161e-01 time_factorization=2.909413e-01 time_eigendecomposition=7.164610e-04 time_matmul_dense=1.763655e-02 iterations=3 outer_iterations=5

# Arpack: time_total=2.958495e+00 iterations=1

# Eigensolver elapsed time 6.541884e-01

# N=10556 M=80 ACCURACY=1.000000e+00 TOL=1.000000e-01 THRESHOLD=2.000000e+02 ESARERROR=3.581115e+03 ARPERROR=2.392750e+01 ESANERROR=0.000000e+00 TIMERATIO=2.211220e-01 \\

### gen: stw     ARP-SMALL-TOL  ARPACK-TOL  ES-ARP-SMALL  ES-AR ERROR
000 -3.025748e-14 7.631916e-15 7.631916e-15 3.788940e-14 3.788940e-14
001 7.020050e-02 7.020050e-02 7.020050e-02 8.645862e-14 8.645862e-14
002 2.672995e-01 2.672995e-01 2.672995e-01 1.851852e-13 1.851852e-13
003 5.483781e-01 5.483781e-01 5.483781e-01 1.370015e-13 1.370015e-13
004 8.282260e-01 8.282260e-01 8.282260e-01 1.552092e-13 1.552092e-13
005 1.103371e+00 1.103371e+00 1.103371e+00 4.485301e-14 4.485301e-14
006 1.331803e+00 1.331803e+00 1.331803e+00 8.193446e-14 8.193446e-14
007 1.513959e+00 1.513959e+00 1.513959e+00 1.203482e-13 1.203482e-13
008 1.668037e+00 1.668037e+00 1.668037e+00 6.084022e-14 6.084022e-14
009 1.796030e+00 1.796030e+00 1.796030e+00 3.197442e-14 3.197442e-14
010 1.918158e+00 1.918158e+00 1.918158e+00 8.881784e-16 8.881784e-16
011 2.047806e+00 2.047806e+00 2.047806e+00 4.618528e-14 4.618528e-14
012 2.210720e+00 2.210720e+00 2.210720e+00 1.865175e-14 1.865175e-14
013 2.411549e+00 2.411549e+00 2.411549e+00 9.325873e-15 9.325873e-15
014 2.647011e+00 2.647011e+00 2.647011e+00 7.105427e-15 7.105427e-15
015 2.945567e+00 2.945567e+00 2.945567e+00 1.776357e-14 1.776357e-14
016 3.298846e+00 3.298846e+00 3.298846e+00 8.881784e-16 8.881784e-16
017 3.744680e+00 3.744680e+00 3.744680e+00 1.776357e-15 1.776357e-15
018 4.261707e+00 4.261707e+00 4.261707e+00 8.881784e-16 8.881784e-16
019 5.010947e+00 5.010947e+00 5.010947e+00 2.664535e-15 2.664535e-15
020 6.004824e+00 6.004824e+00 6.004824e+00 3.552714e-15 3.552714e-15
021 7.213123e+00 7.213123e+00 7.213123e+00 1.687539e-14 1.687539e-14
022 8.920727e+00 8.920727e+00 8.920727e+00 2.664535e-14 2.664535e-14
023 1.132027e+01 1.132027e+01 1.132027e+01 4.440892e-14 4.440892e-14
024 1.446340e+01 1.446340e+01 1.446340e+01 5.684342e-14 5.684342e-14
025 1.851770e+01 1.851770e+01 1.851770e+01 2.131628e-14 2.131628e-14
026 2.472677e+01 2.472677e+01 2.472677e+01 2.522427e-13 2.522427e-13
027 3.265371e+01 3.265371e+01 3.265371e+01 1.918465e-13 1.918465e-13
028 4.389376e+01 4.389376e+01 4.389376e+01 3.197442e-13 3.197442e-13
029 6.141482e+01 6.141482e+01 6.141482e+01 1.288498e-10 1.288498e-10
030 8.583821e+01 8.583821e+01 8.583821e+01 1.788990e-09 1.788990e-09
031 1.227004e+02 1.227004e+02 1.227004e+02 3.766800e-09 3.766800e-09
032 1.768833e+02 1.768832e+02 1.768832e+02 3.999750e-05 3.999750e-05
033 2.642943e+02 2.642942e+02 2.642942e+02 8.792209e-05 8.792209e-05
034 3.921914e+02 3.921898e+02 3.921898e+02 1.588625e-03 1.588625e-03
035 5.880145e+02 5.880116e+02 5.880116e+02 2.940451e-03 2.940451e-03
036 9.331508e+02 9.325234e+02 9.325234e+02 6.273819e-01 6.273819e-01
037 1.374679e+03 1.373299e+03 1.373299e+03 1.379882e+00 1.379882e+00
038 2.235838e+03 2.215129e+03 2.215129e+03 2.070815e+01 2.070815e+01
039 3.582402e+03 3.558474e+03 3.558474e+03 2.392750e+01 2.392750e+01
# printing ends...
