# Hello World! This is dune-eigensolver.
# hardware number of threads is 128 number of threads used is 1
# 8 8
# Smallest eigenvalues convergence test

# nnz: 308336
# nny: 316680
# nnz: 97344
# nny: 316680
# grid: checkerboard N: 20:    103:    10556

#  n: 10556 A.N(): 10556 br: 1
# GeneralizedSymmetricStewartAdaptive:  time_total=1.493589e+02 time_factorization=2.913545e-01 time_eigendecomposition=4.105045e-01 time_matmul_dense=5.664580e+00 iterations=4001 outer_iterations=5

# Arpack: time_total=3.305548e+00 iterations=1

# Eigensolver elapsed time 1.493631e+02

# N=10556 M=80 ACCURACY=2.500000e-01 TOL=1.000000e-01 THRESHOLD=2.000000e+02 ESARERROR=3.557187e+03 ARPERROR=4.138201e-11 ESANERROR=0.000000e+00 TIMERATIO=4.518558e+01 \\

### gen: stw     ARP-SMALL-TOL  ARPACK-TOL  ES-ARP-SMALL  ES-AR ERROR
000 4.143604e-15 7.631916e-15 7.631916e-15 3.488312e-15 3.488312e-15
001 7.020050e-02 7.020050e-02 7.020050e-02 9.549306e-14 9.549306e-14
002 2.672995e-01 2.672995e-01 2.672995e-01 2.482459e-13 2.482459e-13
003 5.483781e-01 5.483781e-01 5.483781e-01 6.439294e-14 6.439294e-14
004 8.282260e-01 8.282260e-01 8.282260e-01 4.374279e-14 4.374279e-14
005 1.103371e+00 1.103371e+00 1.103371e+00 1.423306e-13 1.423306e-13
006 1.331803e+00 1.331803e+00 1.331803e+00 1.239009e-13 1.239009e-13
007 1.513959e+00 1.513959e+00 1.513959e+00 2.264855e-14 2.264855e-14
008 1.668037e+00 1.668037e+00 1.668037e+00 3.885781e-14 3.885781e-14
009 1.796030e+00 1.796030e+00 1.796030e+00 8.215650e-15 8.215650e-15
010 1.918158e+00 1.918158e+00 1.918158e+00 5.551115e-15 5.551115e-15
011 2.047806e+00 2.047806e+00 2.047806e+00 3.197442e-14 3.197442e-14
012 2.210720e+00 2.210720e+00 2.210720e+00 1.110223e-14 1.110223e-14
013 2.411549e+00 2.411549e+00 2.411549e+00 9.325873e-15 9.325873e-15
014 2.647011e+00 2.647011e+00 2.647011e+00 8.881784e-16 8.881784e-16
015 2.945567e+00 2.945567e+00 2.945567e+00 1.110223e-14 1.110223e-14
016 3.298846e+00 3.298846e+00 3.298846e+00 1.865175e-14 1.865175e-14
017 3.744680e+00 3.744680e+00 3.744680e+00 7.993606e-15 7.993606e-15
018 4.261707e+00 4.261707e+00 4.261707e+00 2.398082e-14 2.398082e-14
019 5.010947e+00 5.010947e+00 5.010947e+00 8.881784e-16 8.881784e-16
020 6.004824e+00 6.004824e+00 6.004824e+00 9.769963e-15 9.769963e-15
021 7.213123e+00 7.213123e+00 7.213123e+00 2.398082e-14 2.398082e-14
022 8.920727e+00 8.920727e+00 8.920727e+00 7.105427e-15 7.105427e-15
023 1.132027e+01 1.132027e+01 1.132027e+01 2.664535e-14 2.664535e-14
024 1.446340e+01 1.446340e+01 1.446340e+01 5.151435e-14 5.151435e-14
025 1.851770e+01 1.851770e+01 1.851770e+01 2.842171e-14 2.842171e-14
026 2.472677e+01 2.472677e+01 2.472677e+01 2.486900e-13 2.486900e-13
027 3.265371e+01 3.265371e+01 3.265371e+01 1.705303e-13 1.705303e-13
028 4.389376e+01 4.389376e+01 4.389376e+01 7.105427e-14 7.105427e-14
029 6.141482e+01 6.141482e+01 6.141482e+01 1.421085e-13 1.421085e-13
030 8.583821e+01 8.583821e+01 8.583821e+01 4.121148e-13 4.121148e-13
031 1.227004e+02 1.227004e+02 1.227004e+02 4.263256e-14 4.263256e-14
032 1.768832e+02 1.768832e+02 1.768832e+02 1.193712e-12 1.193712e-12
033 2.642942e+02 2.642942e+02 2.642942e+02 2.728484e-12 2.728484e-12
034 3.921898e+02 3.921898e+02 3.921898e+02 6.139089e-12 6.139089e-12
035 5.880116e+02 5.880116e+02 5.880116e+02 2.273737e-12 2.273737e-12
036 9.325234e+02 9.325234e+02 9.325234e+02 3.979039e-12 3.979039e-12
037 1.373299e+03 1.373299e+03 1.373299e+03 6.821210e-13 6.821210e-13
038 2.215129e+03 2.215129e+03 2.215129e+03 4.138201e-11 4.138201e-11
039 3.558474e+03 3.558474e+03 3.558474e+03 2.637535e-11 2.637535e-11
# printing ends...
