# Hello World! This is dune-eigensolver.
# hardware number of threads is 128 number of threads used is 1
# 8 8
# Smallest eigenvalues convergence test

# nnz: 308336
# nny: 316680
# nnz: 97344
# nny: 316680
# grid: checkerboard N: 20:    103:    10556

#  n: 10556 A.N(): 10556 br: 1
# GeneralizedSymmetricStewartAdaptive:  time_total=8.655670e-01 time_factorization=2.909815e-01 time_eigendecomposition=1.087813e-03 time_matmul_dense=2.268313e-02 iterations=4 outer_iterations=5

# Arpack: time_total=3.075213e+00 iterations=1

# Eigensolver elapsed time 8.686349e-01

# N=10556 M=80 ACCURACY=1.000000e+00 TOL=1.000000e-02 THRESHOLD=2.000000e+02 ESARERROR=3.565352e+03 ARPERROR=8.165106e+00 ESANERROR=0.000000e+00 TIMERATIO=2.824633e-01 \\

### gen: stw     ARP-SMALL-TOL  ARPACK-TOL  ES-ARP-SMALL  ES-AR ERROR
000 -7.678320e-16 7.631916e-15 7.631916e-15 8.399748e-15 8.399748e-15
001 7.020050e-02 7.020050e-02 7.020050e-02 1.973421e-14 1.973421e-14
002 2.672995e-01 2.672995e-01 2.672995e-01 9.547918e-15 9.547918e-15
003 5.483781e-01 5.483781e-01 5.483781e-01 8.604228e-14 8.604228e-14
004 8.282260e-01 8.282260e-01 8.282260e-01 1.887379e-14 1.887379e-14
005 1.103371e+00 1.103371e+00 1.103371e+00 1.219025e-13 1.219025e-13
006 1.331803e+00 1.331803e+00 1.331803e+00 1.110223e-14 1.110223e-14
007 1.513959e+00 1.513959e+00 1.513959e+00 1.290079e-13 1.290079e-13
008 1.668037e+00 1.668037e+00 1.668037e+00 1.088019e-14 1.088019e-14
009 1.796030e+00 1.796030e+00 1.796030e+00 1.398881e-14 1.398881e-14
010 1.918158e+00 1.918158e+00 1.918158e+00 3.441691e-14 3.441691e-14
011 2.047806e+00 2.047806e+00 2.047806e+00 4.884981e-15 4.884981e-15
012 2.210720e+00 2.210720e+00 2.210720e+00 1.332268e-15 1.332268e-15
013 2.411549e+00 2.411549e+00 2.411549e+00 4.440892e-15 4.440892e-15
014 2.647011e+00 2.647011e+00 2.647011e+00 8.437695e-15 8.437695e-15
015 2.945567e+00 2.945567e+00 2.945567e+00 3.996803e-15 3.996803e-15
016 3.298846e+00 3.298846e+00 3.298846e+00 1.776357e-15 1.776357e-15
017 3.744680e+00 3.744680e+00 3.744680e+00 6.661338e-15 6.661338e-15
018 4.261707e+00 4.261707e+00 4.261707e+00 1.332268e-14 1.332268e-14
019 5.010947e+00 5.010947e+00 5.010947e+00 1.953993e-14 1.953993e-14
020 6.004824e+00 6.004824e+00 6.004824e+00 2.398082e-14 2.398082e-14
021 7.213123e+00 7.213123e+00 7.213123e+00 2.664535e-14 2.664535e-14
022 8.920727e+00 8.920727e+00 8.920727e+00 1.776357e-14 1.776357e-14
023 1.132027e+01 1.132027e+01 1.132027e+01 5.861978e-14 5.861978e-14
024 1.446340e+01 1.446340e+01 1.446340e+01 9.769963e-14 9.769963e-14
025 1.851770e+01 1.851770e+01 1.851770e+01 2.131628e-14 2.131628e-14
026 2.472677e+01 2.472677e+01 2.472677e+01 7.815970e-14 7.815970e-14
027 3.265371e+01 3.265371e+01 3.265371e+01 2.415845e-13 2.415845e-13
028 4.389376e+01 4.389376e+01 4.389376e+01 1.634248e-13 1.634248e-13
029 6.141482e+01 6.141482e+01 6.141482e+01 1.918465e-13 1.918465e-13
030 8.583821e+01 8.583821e+01 8.583821e+01 2.557954e-13 2.557954e-13
031 1.227004e+02 1.227004e+02 1.227004e+02 3.669243e-11 3.669243e-11
032 1.768832e+02 1.768832e+02 1.768832e+02 5.012254e-08 5.012254e-08
033 2.642942e+02 2.642942e+02 2.642942e+02 2.676614e-07 2.676614e-07
034 3.921898e+02 3.921898e+02 3.921898e+02 7.643580e-06 7.643580e-06
035 5.880116e+02 5.880116e+02 5.880116e+02 5.040508e-05 5.040508e-05
036 9.325456e+02 9.325234e+02 9.325234e+02 2.220349e-02 2.220349e-02
037 1.373362e+03 1.373299e+03 1.373299e+03 6.316366e-02 6.316366e-02
038 2.218314e+03 2.215129e+03 2.215129e+03 3.184146e+00 3.184146e+00
039 3.566639e+03 3.558474e+03 3.558474e+03 8.165106e+00 8.165106e+00
# printing ends...
