# Hello World! This is dune-eigensolver.
# hardware number of threads is 128 number of threads used is 1
# 8 8
# Smallest eigenvalues convergence test

# nnz: 308336
# nny: 316680
# nnz: 97344
# nny: 316680
# grid: checkerboard N: 20:    103:    10556

#  n: 10556 A.N(): 10556 br: 1
# GeneralizedSymmetricStewartAdaptive:  time_total=1.137286e+00 time_factorization=2.917999e-01 time_eigendecomposition=1.507535e-03 time_matmul_dense=3.173462e-02 iterations=5 outer_iterations=5

# Arpack: time_total=2.868205e+00 iterations=1

# Eigensolver elapsed time 1.141239e+00

# N=10556 M=80 ACCURACY=1.000000e+00 TOL=1.000000e-03 THRESHOLD=2.000000e+02 ESARERROR=3.560240e+03 ARPERROR=3.052919e+00 ESANERROR=0.000000e+00 TIMERATIO=3.978932e-01 \\

### gen: stw     ARP-SMALL-TOL  ARPACK-TOL  ES-ARP-SMALL  ES-AR ERROR
000 1.590165e-13 7.631916e-15 7.631916e-15 1.513845e-13 1.513845e-13
001 7.020050e-02 7.020050e-02 7.020050e-02 1.556116e-13 1.556116e-13
002 2.672995e-01 2.672995e-01 2.672995e-01 3.089751e-13 3.089751e-13
003 5.483781e-01 5.483781e-01 5.483781e-01 1.918465e-13 1.918465e-13
004 8.282260e-01 8.282260e-01 8.282260e-01 5.162537e-14 5.162537e-14
005 1.103371e+00 1.103371e+00 1.103371e+00 1.179057e-13 1.179057e-13
006 1.331803e+00 1.331803e+00 1.331803e+00 4.440892e-14 4.440892e-14
007 1.513959e+00 1.513959e+00 1.513959e+00 2.220446e-16 2.220446e-16
008 1.668037e+00 1.668037e+00 1.668037e+00 2.886580e-15 2.886580e-15
009 1.796030e+00 1.796030e+00 1.796030e+00 2.464695e-14 2.464695e-14
010 1.918158e+00 1.918158e+00 1.918158e+00 1.199041e-14 1.199041e-14
011 2.047806e+00 2.047806e+00 2.047806e+00 5.462297e-14 5.462297e-14
012 2.210720e+00 2.210720e+00 2.210720e+00 4.440892e-15 4.440892e-15
013 2.411549e+00 2.411549e+00 2.411549e+00 2.664535e-15 2.664535e-15
014 2.647011e+00 2.647011e+00 2.647011e+00 3.108624e-15 3.108624e-15
015 2.945567e+00 2.945567e+00 2.945567e+00 7.105427e-15 7.105427e-15
016 3.298846e+00 3.298846e+00 3.298846e+00 1.243450e-14 1.243450e-14
017 3.744680e+00 3.744680e+00 3.744680e+00 8.881784e-16 8.881784e-16
018 4.261707e+00 4.261707e+00 4.261707e+00 2.664535e-15 2.664535e-15
019 5.010947e+00 5.010947e+00 5.010947e+00 9.769963e-15 9.769963e-15
020 6.004824e+00 6.004824e+00 6.004824e+00 9.769963e-15 9.769963e-15
021 7.213123e+00 7.213123e+00 7.213123e+00 1.865175e-14 1.865175e-14
022 8.920727e+00 8.920727e+00 8.920727e+00 3.730349e-14 3.730349e-14
023 1.132027e+01 1.132027e+01 1.132027e+01 6.039613e-14 6.039613e-14
024 1.446340e+01 1.446340e+01 1.446340e+01 6.394885e-14 6.394885e-14
025 1.851770e+01 1.851770e+01 1.851770e+01 3.552714e-15 3.552714e-15
026 2.472677e+01 2.472677e+01 2.472677e+01 1.953993e-13 1.953993e-13
027 3.265371e+01 3.265371e+01 3.265371e+01 1.421085e-14 1.421085e-14
028 4.389376e+01 4.389376e+01 4.389376e+01 1.705303e-13 1.705303e-13
029 6.141482e+01 6.141482e+01 6.141482e+01 1.421085e-14 1.421085e-14
030 8.583821e+01 8.583821e+01 8.583821e+01 9.947598e-13 9.947598e-13
031 1.227004e+02 1.227004e+02 1.227004e+02 7.105427e-14 7.105427e-14
032 1.768832e+02 1.768832e+02 1.768832e+02 4.567369e-11 4.567369e-11
033 2.642942e+02 2.642942e+02 2.642942e+02 4.443450e-10 4.443450e-10
034 3.921898e+02 3.921898e+02 3.921898e+02 3.527055e-08 3.527055e-08
035 5.880116e+02 5.880116e+02 5.880116e+02 4.150818e-07 4.150818e-07
036 9.325239e+02 9.325234e+02 9.325234e+02 5.506041e-04 5.506041e-04
037 1.373302e+03 1.373299e+03 1.373299e+03 2.685317e-03 2.685317e-03
038 2.215603e+03 2.215129e+03 2.215129e+03 4.732071e-01 4.732071e-01
039 3.561527e+03 3.558474e+03 3.558474e+03 3.052919e+00 3.052919e+00
# printing ends...
