# Hello World! This is dune-eigensolver.
# hardware number of threads is 128 number of threads used is 1
# 8 8
# Smallest eigenvalues convergence test

# nnz: 308336
# nny: 316680
# nnz: 97344
# nny: 316680
# grid: checkerboard N: 20:    103:    10556

#  n: 10556 A.N(): 10556 br: 1
# GeneralizedSymmetricStewartAdaptive:  time_total=1.495215e+02 time_factorization=2.905303e-01 time_eigendecomposition=3.304765e-01 time_matmul_dense=6.163398e+00 iterations=4001 outer_iterations=5

# Arpack: time_total=3.313905e+00 iterations=1

# Eigensolver elapsed time 1.495248e+02

# N=10556 M=80 ACCURACY=5.000000e-01 TOL=1.000000e-02 THRESHOLD=2.000000e+02 ESARERROR=3.557187e+03 ARPERROR=4.001777e-11 ESANERROR=0.000000e+00 TIMERATIO=4.512042e+01 \\

### gen: stw     ARP-SMALL-TOL  ARPACK-TOL  ES-ARP-SMALL  ES-AR ERROR
000 6.572889e-14 7.631916e-15 7.631916e-15 5.809697e-14 5.809697e-14
001 7.020050e-02 7.020050e-02 7.020050e-02 6.991629e-14 6.991629e-14
002 2.672995e-01 2.672995e-01 2.672995e-01 1.927902e-13 1.927902e-13
003 5.483781e-01 5.483781e-01 5.483781e-01 1.091349e-13 1.091349e-13
004 8.282260e-01 8.282260e-01 8.282260e-01 2.997602e-14 2.997602e-14
005 1.103371e+00 1.103371e+00 1.103371e+00 1.516565e-13 1.516565e-13
006 1.331803e+00 1.331803e+00 1.331803e+00 6.905587e-14 6.905587e-14
007 1.513959e+00 1.513959e+00 1.513959e+00 1.356693e-13 1.356693e-13
008 1.668037e+00 1.668037e+00 1.668037e+00 6.883383e-15 6.883383e-15
009 1.796030e+00 1.796030e+00 1.796030e+00 2.797762e-14 2.797762e-14
010 1.918158e+00 1.918158e+00 1.918158e+00 8.881784e-16 8.881784e-16
011 2.047806e+00 2.047806e+00 2.047806e+00 2.797762e-14 2.797762e-14
012 2.210720e+00 2.210720e+00 2.210720e+00 1.199041e-14 1.199041e-14
013 2.411549e+00 2.411549e+00 2.411549e+00 1.820766e-14 1.820766e-14
014 2.647011e+00 2.647011e+00 2.647011e+00 1.110223e-14 1.110223e-14
015 2.945567e+00 2.945567e+00 2.945567e+00 8.881784e-15 8.881784e-15
016 3.298846e+00 3.298846e+00 3.298846e+00 1.332268e-15 1.332268e-15
017 3.744680e+00 3.744680e+00 3.744680e+00 1.776357e-15 1.776357e-15
018 4.261707e+00 4.261707e+00 4.261707e+00 2.664535e-15 2.664535e-15
019 5.010947e+00 5.010947e+00 5.010947e+00 1.243450e-14 1.243450e-14
020 6.004824e+00 6.004824e+00 6.004824e+00 1.332268e-14 1.332268e-14
021 7.213123e+00 7.213123e+00 7.213123e+00 7.105427e-15 7.105427e-15
022 8.920727e+00 8.920727e+00 8.920727e+00 8.881784e-15 8.881784e-15
023 1.132027e+01 1.132027e+01 1.132027e+01 8.171241e-14 8.171241e-14
024 1.446340e+01 1.446340e+01 1.446340e+01 5.329071e-14 5.329071e-14
025 1.851770e+01 1.851770e+01 1.851770e+01 1.421085e-14 1.421085e-14
026 2.472677e+01 2.472677e+01 2.472677e+01 3.126388e-13 3.126388e-13
027 3.265371e+01 3.265371e+01 3.265371e+01 3.552714e-14 3.552714e-14
028 4.389376e+01 4.389376e+01 4.389376e+01 1.776357e-13 1.776357e-13
029 6.141482e+01 6.141482e+01 6.141482e+01 1.136868e-13 1.136868e-13
030 8.583821e+01 8.583821e+01 8.583821e+01 4.689582e-13 4.689582e-13
031 1.227004e+02 1.227004e+02 1.227004e+02 2.415845e-13 2.415845e-13
032 1.768832e+02 1.768832e+02 1.768832e+02 1.364242e-12 1.364242e-12
033 2.642942e+02 2.642942e+02 2.642942e+02 9.094947e-13 9.094947e-13
034 3.921898e+02 3.921898e+02 3.921898e+02 4.376943e-12 4.376943e-12
035 5.880116e+02 5.880116e+02 5.880116e+02 2.842171e-12 2.842171e-12
036 9.325234e+02 9.325234e+02 9.325234e+02 4.320100e-12 4.320100e-12
037 1.373299e+03 1.373299e+03 1.373299e+03 4.092726e-12 4.092726e-12
038 2.215129e+03 2.215129e+03 2.215129e+03 4.001777e-11 4.001777e-11
039 3.558474e+03 3.558474e+03 3.558474e+03 3.183231e-12 3.183231e-12
# printing ends...
