# Hello World! This is dune-eigensolver.
# hardware number of threads is 128 number of threads used is 1
# 8 8
# Smallest eigenvalues convergence test

# nnz: 308336
# nny: 316680
# nnz: 97344
# nny: 316680
# grid: checkerboard N: 20:    103:    10556

#  n: 10556 A.N(): 10556 br: 1
# GeneralizedSymmetricStewartAdaptive:  time_total=1.454158e+00 time_factorization=2.899876e-01 time_eigendecomposition=2.107835e-03 time_matmul_dense=4.196874e-02 iterations=7 outer_iterations=5

# Arpack: time_total=3.035541e+00 iterations=1

# Eigensolver elapsed time 1.457395e+00

# N=10556 M=80 ACCURACY=1.000000e+00 TOL=1.000000e-04 THRESHOLD=2.000000e+02 ESARERROR=3.557706e+03 ARPERROR=5.191834e-01 ESANERROR=0.000000e+00 TIMERATIO=4.801103e-01 \\

### gen: stw     ARP-SMALL-TOL  ARPACK-TOL  ES-ARP-SMALL  ES-AR ERROR
000 5.770623e-14 7.631916e-15 7.631916e-15 5.007431e-14 5.007431e-14
001 7.020050e-02 7.020050e-02 7.020050e-02 9.105217e-14 9.105217e-14
002 2.672995e-01 2.672995e-01 2.672995e-01 1.393330e-13 1.393330e-13
003 5.483781e-01 5.483781e-01 5.483781e-01 7.149836e-14 7.149836e-14
004 8.282260e-01 8.282260e-01 8.282260e-01 4.085621e-14 4.085621e-14
005 1.103371e+00 1.103371e+00 1.103371e+00 4.862777e-14 4.862777e-14
006 1.331803e+00 1.331803e+00 1.331803e+00 3.042011e-14 3.042011e-14
007 1.513959e+00 1.513959e+00 1.513959e+00 4.374279e-14 4.374279e-14
008 1.668037e+00 1.668037e+00 1.668037e+00 1.842970e-14 1.842970e-14
009 1.796030e+00 1.796030e+00 1.796030e+00 3.552714e-15 3.552714e-15
010 1.918158e+00 1.918158e+00 1.918158e+00 2.908784e-14 2.908784e-14
011 2.047806e+00 2.047806e+00 2.047806e+00 4.662937e-14 4.662937e-14
012 2.210720e+00 2.210720e+00 2.210720e+00 2.220446e-15 2.220446e-15
013 2.411549e+00 2.411549e+00 2.411549e+00 4.440892e-16 4.440892e-16
014 2.647011e+00 2.647011e+00 2.647011e+00 1.110223e-14 1.110223e-14
015 2.945567e+00 2.945567e+00 2.945567e+00 1.776357e-15 1.776357e-15
016 3.298846e+00 3.298846e+00 3.298846e+00 2.220446e-15 2.220446e-15
017 3.744680e+00 3.744680e+00 3.744680e+00 2.398082e-14 2.398082e-14
018 4.261707e+00 4.261707e+00 4.261707e+00 2.486900e-14 2.486900e-14
019 5.010947e+00 5.010947e+00 5.010947e+00 5.329071e-15 5.329071e-15
020 6.004824e+00 6.004824e+00 6.004824e+00 3.197442e-14 3.197442e-14
021 7.213123e+00 7.213123e+00 7.213123e+00 2.486900e-14 2.486900e-14
022 8.920727e+00 8.920727e+00 8.920727e+00 2.486900e-14 2.486900e-14
023 1.132027e+01 1.132027e+01 1.132027e+01 1.065814e-14 1.065814e-14
024 1.446340e+01 1.446340e+01 1.446340e+01 4.440892e-14 4.440892e-14
025 1.851770e+01 1.851770e+01 1.851770e+01 1.492140e-13 1.492140e-13
026 2.472677e+01 2.472677e+01 2.472677e+01 1.847411e-13 1.847411e-13
027 3.265371e+01 3.265371e+01 3.265371e+01 1.989520e-13 1.989520e-13
028 4.389376e+01 4.389376e+01 4.389376e+01 2.486900e-13 2.486900e-13
029 6.141482e+01 6.141482e+01 6.141482e+01 9.947598e-14 9.947598e-14
030 8.583821e+01 8.583821e+01 8.583821e+01 7.531753e-13 7.531753e-13
031 1.227004e+02 1.227004e+02 1.227004e+02 5.542233e-13 5.542233e-13
032 1.768832e+02 1.768832e+02 1.768832e+02 1.534772e-12 1.534772e-12
033 2.642942e+02 2.642942e+02 2.642942e+02 2.216893e-12 2.216893e-12
034 3.921898e+02 3.921898e+02 3.921898e+02 5.968559e-12 5.968559e-12
035 5.880116e+02 5.880116e+02 5.880116e+02 5.093170e-11 5.093170e-11
036 9.325234e+02 9.325234e+02 9.325234e+02 4.268121e-07 4.268121e-07
037 1.373299e+03 1.373299e+03 1.373299e+03 8.317420e-06 8.317420e-06
038 2.215141e+03 2.215129e+03 2.215129e+03 1.199580e-02 1.199580e-02
039 3.558993e+03 3.558474e+03 3.558474e+03 5.191834e-01 5.191834e-01
# printing ends...
