# Hello World! This is dune-eigensolver.
# hardware number of threads is 128 number of threads used is 1
# 8 8
# Smallest eigenvalues convergence test

# nnz: 308336
# nny: 316680
# nnz: 97344
# nny: 316680
# grid: checkerboard N: 20:    103:    10556

#  n: 10556 A.N(): 10556 br: 1
# GeneralizedSymmetricStewartAdaptive:  time_total=3.537255e+02 time_factorization=2.898574e-01 time_eigendecomposition=7.225047e-01 time_matmul_dense=1.271763e+01 iterations=4001 outer_iterations=5

# Arpack: time_total=3.120113e+00 iterations=1

# Eigensolver elapsed time 3.537284e+02

# N=10556 M=80 ACCURACY=5.000000e-01 TOL=1.000000e-03 THRESHOLD=2.000000e+02 ESARERROR=3.557187e+03 ARPERROR=3.456080e-11 ESANERROR=0.000000e+00 TIMERATIO=1.133704e+02 \\

### gen: stw     ARP-SMALL-TOL  ARPACK-TOL  ES-ARP-SMALL  ES-AR ERROR
000 -1.537121e-13 7.631916e-15 7.631916e-15 1.613440e-13 1.613440e-13
001 7.020050e-02 7.020050e-02 7.020050e-02 1.023487e-13 1.023487e-13
002 2.672995e-01 2.672995e-01 2.672995e-01 3.183009e-13 3.183009e-13
003 5.483781e-01 5.483781e-01 5.483781e-01 1.955103e-13 1.955103e-13
004 8.282260e-01 8.282260e-01 8.282260e-01 1.765255e-14 1.765255e-14
005 1.103371e+00 1.103371e+00 1.103371e+00 7.704948e-14 7.704948e-14
006 1.331803e+00 1.331803e+00 1.331803e+00 1.383338e-13 1.383338e-13
007 1.513959e+00 1.513959e+00 1.513959e+00 1.998401e-14 1.998401e-14
008 1.668037e+00 1.668037e+00 1.668037e+00 3.441691e-14 3.441691e-14
009 1.796030e+00 1.796030e+00 1.796030e+00 3.774758e-15 3.774758e-15
010 1.918158e+00 1.918158e+00 1.918158e+00 3.197442e-14 3.197442e-14
011 2.047806e+00 2.047806e+00 2.047806e+00 5.062617e-14 5.062617e-14
012 2.210720e+00 2.210720e+00 2.210720e+00 8.881784e-15 8.881784e-15
013 2.411549e+00 2.411549e+00 2.411549e+00 3.108624e-15 3.108624e-15
014 2.647011e+00 2.647011e+00 2.647011e+00 7.105427e-15 7.105427e-15
015 2.945567e+00 2.945567e+00 2.945567e+00 5.329071e-15 5.329071e-15
016 3.298846e+00 3.298846e+00 3.298846e+00 0.000000e+00 0.000000e+00
017 3.744680e+00 3.744680e+00 3.744680e+00 8.881784e-15 8.881784e-15
018 4.261707e+00 4.261707e+00 4.261707e+00 8.881784e-16 8.881784e-16
019 5.010947e+00 5.010947e+00 5.010947e+00 3.552714e-14 3.552714e-14
020 6.004824e+00 6.004824e+00 6.004824e+00 1.065814e-14 1.065814e-14
021 7.213123e+00 7.213123e+00 7.213123e+00 4.440892e-14 4.440892e-14
022 8.920727e+00 8.920727e+00 8.920727e+00 3.552714e-14 3.552714e-14
023 1.132027e+01 1.132027e+01 1.132027e+01 3.552714e-15 3.552714e-15
024 1.446340e+01 1.446340e+01 1.446340e+01 2.486900e-14 2.486900e-14
025 1.851770e+01 1.851770e+01 1.851770e+01 0.000000e+00 0.000000e+00
026 2.472677e+01 2.472677e+01 2.472677e+01 6.750156e-14 6.750156e-14
027 3.265371e+01 3.265371e+01 3.265371e+01 7.815970e-14 7.815970e-14
028 4.389376e+01 4.389376e+01 4.389376e+01 2.344791e-13 2.344791e-13
029 6.141482e+01 6.141482e+01 6.141482e+01 1.563194e-13 1.563194e-13
030 8.583821e+01 8.583821e+01 8.583821e+01 5.684342e-13 5.684342e-13
031 1.227004e+02 1.227004e+02 1.227004e+02 5.115908e-13 5.115908e-13
032 1.768832e+02 1.768832e+02 1.768832e+02 1.250555e-12 1.250555e-12
033 2.642942e+02 2.642942e+02 2.642942e+02 1.250555e-12 1.250555e-12
034 3.921898e+02 3.921898e+02 3.921898e+02 4.206413e-12 4.206413e-12
035 5.880116e+02 5.880116e+02 5.880116e+02 4.661160e-12 4.661160e-12
036 9.325234e+02 9.325234e+02 9.325234e+02 4.206413e-12 4.206413e-12
037 1.373299e+03 1.373299e+03 1.373299e+03 7.503331e-12 7.503331e-12
038 2.215129e+03 2.215129e+03 2.215129e+03 3.456080e-11 3.456080e-11
039 3.558474e+03 3.558474e+03 3.558474e+03 1.637090e-11 1.637090e-11
# printing ends...
