# Hello World! This is dune-eigensolver.
# hardware number of threads is 128 number of threads used is 1
# 8 8
# Smallest eigenvalues convergence test

# nnz: 308336
# nny: 316680
# nnz: 97344
# nny: 316680
# grid: checkerboard N: 20:    103:    10556

#  n: 10556 A.N(): 10556 br: 1
# GeneralizedSymmetricStewart:  time_total=3.496543e+02 time_factorization=2.953868e-01 time_eigendecomposition=1.061073e+00 time_matmul_dense=4.475051e-03 iterations=4001

# Arpack: time_total=3.486439e+00 iterations=1

# Eigensolver elapsed time 3.496551e+02

# N=10556 M=80 ACCURACY=1.000000e+00 TOL=1.000000e-02 THRESHOLD=2.000000e+02 ESARERROR=6.378421e+11 ARPERROR=8.448572e+11 ESANERROR=0.000000e+00 TIMERATIO=1.002900e+02 \\

### gen: stw     ARP-SMALL-TOL  ARPACK-TOL  ES-ARP-SMALL  ES-AR ERROR
000 -5.847873e+11 7.121040e-15 7.121040e-15 5.847873e+11 5.847873e+11
001 -7.553007e-05 7.020050e-02 7.020050e-02 7.027603e-02 7.027603e-02
002 7.022556e-02 2.672995e-01 2.672995e-01 1.970739e-01 1.970739e-01
003 2.672972e-01 5.483781e-01 5.483781e-01 2.810809e-01 2.810809e-01
004 5.483526e-01 8.282260e-01 8.282260e-01 2.798734e-01 2.798734e-01
005 8.282121e-01 1.103371e+00 1.103371e+00 2.751586e-01 2.751586e-01
006 1.103389e+00 1.331803e+00 1.331803e+00 2.284142e-01 2.284142e-01
007 1.333179e+00 1.513959e+00 1.513959e+00 1.807805e-01 1.807805e-01
008 1.513948e+00 1.668037e+00 1.668037e+00 1.540889e-01 1.540889e-01
009 1.668099e+00 1.796030e+00 1.796030e+00 1.279307e-01 1.279307e-01
010 1.796039e+00 1.918158e+00 1.918158e+00 1.221193e-01 1.221193e-01
011 1.918166e+00 2.047806e+00 2.047806e+00 1.296394e-01 1.296394e-01
012 2.047810e+00 2.210720e+00 2.210720e+00 1.629092e-01 1.629092e-01
013 2.210743e+00 2.411549e+00 2.411549e+00 2.008061e-01 2.008061e-01
014 2.411672e+00 2.647011e+00 2.647011e+00 2.353391e-01 2.353391e-01
015 2.647021e+00 2.945567e+00 2.945567e+00 2.985466e-01 2.985466e-01
016 2.945566e+00 3.298846e+00 3.298846e+00 3.532800e-01 3.532800e-01
017 3.298945e+00 3.744680e+00 3.744680e+00 4.457347e-01 4.457347e-01
018 3.744723e+00 4.261707e+00 4.261707e+00 5.169844e-01 5.169844e-01
019 4.261712e+00 5.010947e+00 5.010947e+00 7.492342e-01 7.492342e-01
020 5.011024e+00 6.004824e+00 6.004824e+00 9.938003e-01 9.938003e-01
021 6.004827e+00 7.213123e+00 7.213123e+00 1.208296e+00 1.208296e+00
022 7.213184e+00 8.920727e+00 8.920727e+00 1.707543e+00 1.707543e+00
023 8.920772e+00 1.132027e+01 1.132027e+01 2.399498e+00 2.399498e+00
024 1.132462e+01 1.446340e+01 1.446340e+01 3.138772e+00 3.138772e+00
025 1.446358e+01 1.851770e+01 1.851770e+01 4.054125e+00 4.054125e+00
026 1.851785e+01 2.472677e+01 2.472677e+01 6.208917e+00 6.208917e+00
027 2.472695e+01 3.265371e+01 3.265371e+01 7.926768e+00 7.926768e+00
028 3.265371e+01 4.389376e+01 4.389376e+01 1.124005e+01 1.124005e+01
029 4.389376e+01 6.141482e+01 6.141482e+01 1.752105e+01 1.752105e+01
030 6.141485e+01 8.583821e+01 8.583821e+01 2.442337e+01 2.442337e+01
031 8.583826e+01 1.227004e+02 1.227004e+02 3.686214e+01 3.686214e+01
032 1.227005e+02 1.768832e+02 1.768832e+02 5.418278e+01 5.418278e+01
033 1.768833e+02 2.642942e+02 2.642942e+02 8.741093e+01 8.741093e+01
034 2.642943e+02 3.921898e+02 3.921898e+02 1.278956e+02 1.278956e+02
035 3.921898e+02 5.880116e+02 5.880116e+02 1.958218e+02 1.958218e+02
036 5.880116e+02 9.325234e+02 9.325234e+02 3.445118e+02 3.445118e+02
037 9.325234e+02 1.373299e+03 1.373299e+03 4.407754e+02 4.407754e+02
038 1.373299e+03 2.215129e+03 2.215129e+03 8.418305e+02 8.418305e+02
039 2.215130e+03 3.558474e+03 3.558474e+03 1.343344e+03 1.343344e+03
040 3.558474e+03 5.465715e+03 5.465715e+03 1.907241e+03 1.907241e+03
041 5.465715e+03 8.844783e+03 8.844783e+03 3.379068e+03 3.379068e+03
042 8.844783e+03 1.423655e+04 1.423655e+04 5.391764e+03 5.391764e+03
043 1.423655e+04 2.393682e+04 2.393682e+04 9.700273e+03 9.700273e+03
044 2.393682e+04 3.791075e+04 3.791075e+04 1.397393e+04 1.397393e+04
045 3.791075e+04 6.655241e+04 6.655241e+04 2.864166e+04 2.864166e+04
046 6.655241e+04 1.102411e+05 1.102411e+05 4.368866e+04 4.368866e+04
047 1.102411e+05 1.870929e+05 1.870929e+05 7.685187e+04 7.685187e+04
048 1.870929e+05 3.061613e+05 3.061613e+05 1.190683e+05 1.190683e+05
049 3.061613e+05 5.100519e+05 5.100519e+05 2.038906e+05 2.038906e+05
050 5.100519e+05 8.409366e+05 8.409366e+05 3.308848e+05 3.308848e+05
051 8.409366e+05 1.478519e+06 1.478519e+06 6.375821e+05 6.375821e+05
052 1.478519e+06 2.433497e+06 2.433497e+06 9.549779e+05 9.549779e+05
053 2.433497e+06 3.990961e+06 3.990961e+06 1.557464e+06 1.557464e+06
054 3.990961e+06 8.049278e+06 8.049278e+06 4.058317e+06 4.058317e+06
055 8.049278e+06 1.226318e+07 1.226318e+07 4.213901e+06 4.213901e+06
056 1.226318e+07 2.070127e+07 2.070127e+07 8.438093e+06 8.438093e+06
057 2.070127e+07 3.665425e+07 3.665425e+07 1.595297e+07 1.595297e+07
058 3.665424e+07 5.955544e+07 5.955544e+07 2.290120e+07 2.290120e+07
059 5.955544e+07 1.124430e+08 1.124430e+08 5.288759e+07 5.288759e+07
060 1.124430e+08 1.852814e+08 1.852814e+08 7.283833e+07 7.283833e+07
061 1.852814e+08 3.098488e+08 3.098488e+08 1.245674e+08 1.245674e+08
062 3.098488e+08 4.976426e+08 4.976426e+08 1.877938e+08 1.877938e+08
063 4.976426e+08 7.946006e+08 7.946006e+08 2.969580e+08 2.969580e+08
064 7.946006e+08 1.281447e+09 1.281447e+09 4.868460e+08 4.868460e+08
065 1.281447e+09 2.347020e+09 2.347020e+09 1.065574e+09 1.065574e+09
066 2.347020e+09 3.611913e+09 3.611913e+09 1.264893e+09 1.264893e+09
067 3.611913e+09 6.394454e+09 6.394454e+09 2.782541e+09 2.782541e+09
068 4.646350e+09 1.056403e+10 1.056403e+10 5.917679e+09 5.917679e+09
069 6.394454e+09 1.601295e+10 1.601295e+10 9.618493e+09 9.618493e+09
070 1.056403e+10 3.134371e+10 3.134371e+10 2.077968e+10 2.077968e+10
071 1.601295e+10 4.626579e+10 4.626579e+10 3.025284e+10 3.025284e+10
072 3.134371e+10 7.809870e+10 7.809870e+10 4.675498e+10 4.675498e+10
073 4.626579e+10 9.792956e+10 9.792956e+10 5.166377e+10 5.166377e+10
074 7.809871e+10 1.487339e+11 1.487339e+11 7.063518e+10 7.063518e+10
075 9.792957e+10 2.319175e+11 2.319175e+11 1.339879e+11 1.339879e+11
076 1.487335e+11 3.550789e+11 3.550789e+11 2.063454e+11 2.063454e+11
077 2.319170e+11 6.546180e+11 6.546180e+11 4.227010e+11 4.227010e+11
078 3.550654e+11 1.103012e+12 1.103012e+12 7.479471e+11 7.479471e+11
079 6.378421e+11 1.482699e+12 1.482699e+12 8.448572e+11 8.448572e+11
# printing ends...
