# Hello World! This is dune-eigensolver.
# hardware number of threads is 128 number of threads used is 1
# 8 8
# Smallest eigenvalues convergence test

# nnz: 308336
# nny: 316680
# nnz: 97344
# nny: 316680
# grid: checkerboard N: 20:    103:    10556

#  n: 10556 A.N(): 10556 br: 1
# GeneralizedSymmetricStewartAdaptive:  time_total=5.331887e-01 time_factorization=2.883281e-01 time_eigendecomposition=4.816190e-04 time_matmul_dense=1.156879e-02 iterations=2 outer_iterations=5

# Arpack: time_total=2.765500e+00 iterations=1

# Eigensolver elapsed time 5.360594e-01

# N=10556 M=80 ACCURACY=5.000000e-01 TOL=1.000000e-01 THRESHOLD=2.000000e+02 ESARERROR=3.711151e+03 ARPERROR=2.159418e+02 ESANERROR=0.000000e+00 TIMERATIO=1.938382e-01 \\

### gen: stw     ARP-SMALL-TOL  ARPACK-TOL  ES-ARP-SMALL  ES-AR ERROR
000 -1.943281e-14 7.631916e-15 7.631916e-15 2.706472e-14 2.706472e-14
001 7.020050e-02 7.020050e-02 7.020050e-02 2.554901e-14 2.554901e-14
002 2.672995e-01 2.672995e-01 2.672995e-01 4.237721e-13 4.237721e-13
003 5.483781e-01 5.483781e-01 5.483781e-01 1.986189e-13 1.986189e-13
004 8.282260e-01 8.282260e-01 8.282260e-01 9.958701e-14 9.958701e-14
005 1.103371e+00 1.103371e+00 1.103371e+00 5.484502e-14 5.484502e-14
006 1.331803e+00 1.331803e+00 1.331803e+00 4.529710e-14 4.529710e-14
007 1.513959e+00 1.513959e+00 1.513959e+00 5.484502e-14 5.484502e-14
008 1.668037e+00 1.668037e+00 1.668037e+00 2.198242e-14 2.198242e-14
009 1.796030e+00 1.796030e+00 1.796030e+00 2.353673e-14 2.353673e-14
010 1.918158e+00 1.918158e+00 1.918158e+00 6.217249e-15 6.217249e-15
011 2.047806e+00 2.047806e+00 2.047806e+00 2.398082e-14 2.398082e-14
012 2.210720e+00 2.210720e+00 2.210720e+00 1.332268e-15 1.332268e-15
013 2.411549e+00 2.411549e+00 2.411549e+00 3.552714e-15 3.552714e-15
014 2.647011e+00 2.647011e+00 2.647011e+00 1.554312e-14 1.554312e-14
015 2.945567e+00 2.945567e+00 2.945567e+00 8.437695e-15 8.437695e-15
016 3.298846e+00 3.298846e+00 3.298846e+00 1.332268e-15 1.332268e-15
017 3.744680e+00 3.744680e+00 3.744680e+00 1.998401e-14 1.998401e-14
018 4.261707e+00 4.261707e+00 4.261707e+00 6.217249e-15 6.217249e-15
019 5.010947e+00 5.010947e+00 5.010947e+00 1.509903e-14 1.509903e-14
020 6.004824e+00 6.004824e+00 6.004824e+00 1.154632e-14 1.154632e-14
021 7.213123e+00 7.213123e+00 7.213123e+00 1.776357e-14 1.776357e-14
022 8.920727e+00 8.920727e+00 8.920727e+00 2.700062e-13 2.700062e-13
023 1.132027e+01 1.132027e+01 1.132027e+01 1.229239e-12 1.229239e-12
024 1.446340e+01 1.446340e+01 1.446340e+01 7.578471e-11 7.578471e-11
025 1.851770e+01 1.851770e+01 1.851770e+01 3.566853e-10 3.566853e-10
026 2.472677e+01 2.472677e+01 2.472677e+01 4.157314e-10 4.157314e-10
027 3.265371e+01 3.265371e+01 3.265371e+01 3.566214e-10 3.566214e-10
028 4.389376e+01 4.389376e+01 4.389376e+01 7.230824e-09 7.230824e-09
029 6.141483e+01 6.141482e+01 6.141482e+01 1.291626e-05 1.291626e-05
030 8.583830e+01 8.583821e+01 8.583821e+01 8.823827e-05 8.823827e-05
031 1.227005e+02 1.227004e+02 1.227004e+02 1.311690e-04 1.311690e-04
032 1.769314e+02 1.768832e+02 1.768832e+02 4.813433e-02 4.813433e-02
033 2.643676e+02 2.642942e+02 2.642942e+02 7.341250e-02 7.341250e-02
034 3.926100e+02 3.921898e+02 3.921898e+02 4.201613e-01 4.201613e-01
035 5.884641e+02 5.880116e+02 5.880116e+02 4.524726e-01 4.524726e-01
036 9.569888e+02 9.325234e+02 9.325234e+02 2.446544e+01 2.446544e+01
037 1.432222e+03 1.373299e+03 1.373299e+03 5.892307e+01 5.892307e+01
038 2.431071e+03 2.215129e+03 2.215129e+03 2.159418e+02 2.159418e+02
039 3.712438e+03 3.558474e+03 3.558474e+03 1.539642e+02 1.539642e+02
# printing ends...
