# Hello World! This is dune-eigensolver.
# hardware number of threads is 128 number of threads used is 4
# Smallest eigenvalues performance test

### gen: stw
000 2.549133625756e-09
001 5.608053072960e-03
002 5.608934967747e-03
003 8.381131168180e-03
004 1.893097557355e-02
005 2.030486482789e-02
006 2.042239422699e-02
007 2.071713188220e-02
008 3.467031235766e-02
009 3.568423536819e-02
010 3.676795081281e-02
011 3.810380340650e-02
012 5.521069596709e-02
013 5.802806647012e-02
014 5.828519737670e-02
015 6.475873553013e-02
016 8.390525106194e-02
017 9.011176911383e-02
018 9.667098695011e-02
019 1.012321190115e-01
020 1.319811144924e-01
021 1.439840319785e-01
022 1.552095789578e-01
023 1.780055170729e-01
024 1.944847839151e-01
025 2.151933774185e-01
026 2.301787872863e-01
027 2.534586435313e-01
028 2.740649666881e-01
029 3.102134968902e-01
030 3.209034909573e-01
031 3.352083383213e-01
032 3.808605627581e-01
033 4.242026619333e-01
034 4.389060762005e-01
035 4.640917286248e-01
036 5.164843478417e-01
037 5.567549060607e-01
038 5.914231183174e-01
039 6.110942711759e-01
040 6.245459627846e-01
041 6.455049467072e-01
042 6.705138007043e-01
043 6.884511491810e-01
044 7.319899649614e-01
045 7.521505336194e-01
046 7.667803726365e-01
047 7.899753795710e-01
048 7.983384084642e-01
049 8.146070463210e-01
050 8.222751648234e-01
051 8.317796794151e-01
052 8.395975163367e-01
053 8.614488151080e-01
054 8.673726774986e-01
055 8.830633447466e-01
056 8.905775767402e-01
057 8.933933985240e-01
058 9.035952260079e-01
059 9.121454221764e-01
060 9.177138600861e-01
061 9.199162469747e-01
062 9.261570328038e-01
063 9.369367033144e-01
064 9.439776565299e-01
065 9.474811441073e-01
066 9.497825581194e-01
067 9.511832769591e-01
068 9.551608957226e-01
069 9.561984989611e-01
070 9.599321570258e-01
071 9.620975702004e-01
072 9.635526560668e-01
073 9.664509678698e-01
074 9.675129930284e-01
075 9.688317937533e-01
076 9.722442081796e-01
077 9.729422464176e-01
078 9.749846029818e-01
079 9.763607190366e-01
080 9.778234312156e-01
081 9.800305978131e-01
082 9.803904365077e-01
083 9.816237733259e-01
084 9.825175812013e-01
085 9.837577592966e-01
086 9.842741422178e-01
087 9.851025207030e-01
088 9.857350951090e-01
089 9.862167798071e-01
090 9.866149562231e-01
091 9.870208954160e-01
092 9.876672102274e-01
093 9.878510859122e-01
094 9.890207528397e-01
095 9.895397798282e-01
096 9.897787589494e-01
097 9.899760074262e-01
098 9.904380407276e-01
099 9.906724366050e-01
100 9.910807740222e-01
101 9.915078040128e-01
102 9.923952622549e-01
103 9.924631806837e-01
104 9.928106506414e-01
105 9.930416184246e-01
106 9.932798685833e-01
107 9.935210705735e-01
108 9.936900773772e-01
109 9.941349326272e-01
110 9.942495100663e-01
111 9.945881196825e-01
112 9.947781477612e-01
113 9.949945153791e-01
114 9.950859337643e-01
115 9.952138619652e-01
116 9.953951284441e-01
117 9.955828725747e-01
118 9.958795473198e-01
119 9.960553541936e-01
120 9.962681536263e-01
121 9.963258608795e-01
122 9.964874771648e-01
123 9.966421187665e-01
124 9.967051926021e-01
125 9.967981301469e-01
126 9.969205514494e-01
127 9.970264885493e-01
128 9.971675124824e-01
129 9.972348833716e-01
130 9.973413630320e-01
131 9.974157496004e-01
132 9.974789398077e-01
133 9.975637413719e-01
134 9.976596678923e-01
135 9.977646481296e-01
136 9.978244947873e-01
137 9.979545691680e-01
138 9.979870952767e-01
139 9.981047473012e-01
140 9.981428026893e-01
141 9.982392094000e-01
142 9.983375040255e-01
143 9.984137684302e-01
# rank: 0: Eigensolver elapsed time 2.191343542000e+00
# 8 8
