# Hello World! This is dune-eigensolver.
# hardware number of threads is 128 number of threads used is 1
# Smallest eigenvalues performance test

### gen: ftw
000 1.349614864310e-15
001 5.604529538615e-03
002 5.604751151826e-03
003 8.364344079349e-03
004 1.884150730176e-02
005 1.995223166607e-02
006 1.999744388837e-02
007 2.004474253608e-02
008 3.295172620176e-02
009 3.331273878214e-02
010 3.361925414866e-02
011 3.471918370553e-02
012 4.672464371373e-02
013 4.820903137110e-02
014 4.848046309787e-02
015 5.142900408615e-02
016 6.019877090032e-02
017 6.360065987814e-02
018 6.414446045827e-02
019 6.432851565718e-02
020 7.640599026405e-02
021 7.951121651631e-02
022 8.007045606042e-02
023 8.094068426861e-02
024 9.441048210434e-02
025 9.444674211746e-02
026 9.600147423874e-02
027 1.035322865789e-01
028 1.040990082763e-01
029 1.089741580357e-01
030 1.140876228164e-01
031 1.172053667785e-01
032 1.253526368290e-01
033 1.282705311897e-01
034 1.284390265766e-01
035 1.354077150425e-01
036 1.380603102824e-01
037 1.444455466826e-01
038 1.511542073221e-01
039 1.527315287811e-01
040 1.544430749330e-01
041 1.623212057878e-01
042 1.648925540068e-01
043 1.716147848675e-01
044 1.777852567144e-01
045 1.805489026952e-01
046 1.814340045825e-01
047 1.841797149771e-01
048 1.906903212473e-01
049 1.981808220812e-01
050 2.021528547127e-01
051 2.030144171686e-01
052 2.141883360100e-01
053 2.188251029285e-01
054 2.192779865217e-01
055 2.302547250736e-01
056 2.309565789664e-01
057 2.334266379865e-01
058 2.381777651422e-01
059 2.420075870224e-01
060 2.446854623909e-01
061 2.462359536503e-01
062 2.533073800702e-01
063 2.582047563442e-01
064 2.655059937595e-01
065 2.685170529164e-01
066 2.701168174294e-01
067 2.768514477032e-01
068 2.798750473786e-01
069 2.884450211714e-01
070 2.931037156409e-01
071 2.948206284675e-01
072 2.968328328164e-01
073 2.977050693745e-01
074 3.092577541271e-01
075 3.112995412524e-01
076 3.142665405875e-01
077 3.202958123455e-01
078 3.228119346488e-01
079 3.315446267788e-01
080 3.343892675670e-01
081 3.378362084846e-01
082 3.429942800279e-01
083 3.447501365943e-01
084 3.483636305766e-01
085 3.529728517220e-01
086 3.580348824634e-01
087 3.607723405761e-01
088 3.705320850398e-01
089 3.798395197604e-01
090 3.804049870103e-01
091 3.818645729704e-01
092 3.844114975207e-01
093 3.922215627038e-01
094 3.928629239249e-01
095 3.950898698875e-01
096 3.972640819887e-01
097 3.995382772129e-01
098 4.024614245728e-01
099 4.070015229473e-01
100 4.184795088090e-01
101 4.217564697041e-01
102 4.232546305488e-01
103 4.256778740250e-01
104 4.259475390794e-01
105 4.319810688838e-01
106 4.328962675681e-01
107 4.475860018138e-01
108 4.476990449569e-01
109 4.479843971343e-01
110 4.484143237957e-01
111 4.514873105751e-01
112 4.572475971680e-01
113 4.623989125561e-01
114 4.625835317165e-01
115 4.686789037365e-01
116 4.708862392911e-01
117 4.722134741874e-01
118 4.730562127324e-01
119 4.864834780352e-01
120 4.881192180176e-01
121 4.886567563805e-01
122 4.970048179036e-01
123 5.052628594052e-01
124 5.082990018534e-01
125 5.097356946173e-01
126 5.117487173370e-01
127 5.128615070030e-01
128 5.136326902217e-01
129 5.149621950303e-01
130 5.150668025448e-01
131 5.162147215859e-01
132 5.282451784391e-01
133 5.302870471551e-01
134 5.331760772540e-01
135 5.345819557282e-01
136 5.346465472166e-01
137 5.360636857289e-01
138 5.374146698353e-01
139 5.412928028988e-01
140 5.476561458039e-01
141 5.550901226849e-01
142 5.610685434712e-01
143 5.630272797660e-01
# rank: 0: Eigensolver elapsed time 1.095628689000e+01
# 8 8
