# Hello World! This is dune-eigensolver.
# hardware number of threads is 128 number of threads used is 8
# Smallest eigenvalues performance test

### gen: ftw
000 1.340941246930e-15
001 5.604527277606e-03
002 5.604527277606e-03
003 8.364570214432e-03
004 1.867846177507e-02
005 1.999377963704e-02
006 2.001715905672e-02
007 2.014646929851e-02
008 3.249179081612e-02
009 3.360852736822e-02
010 3.360925465292e-02
011 3.488622696993e-02
012 4.663998612380e-02
013 4.820241915947e-02
014 4.820273461809e-02
015 4.983338768705e-02
016 6.142621560480e-02
017 6.335872732524e-02
018 6.337305624103e-02
019 6.534623212675e-02
020 7.676883489345e-02
021 7.904497847824e-02
022 7.905001520685e-02
023 8.139861862896e-02
024 9.264123837514e-02
025 9.520105409338e-02
026 9.520108387731e-02
027 9.788947373687e-02
028 1.089043037190e-01
029 1.117966917915e-01
030 1.118205784319e-01
031 1.147543260315e-01
032 1.266237903726e-01
033 1.277668269082e-01
034 1.286839961697e-01
035 1.319715084892e-01
036 1.425648919996e-01
037 1.459781734315e-01
038 1.460464965140e-01
039 1.494030299026e-01
040 1.598983294311e-01
041 1.634238949090e-01
042 1.634932037742e-01
043 1.670504512091e-01
044 1.772691663063e-01
045 1.810866796499e-01
046 1.815926805764e-01
047 1.844705967869e-01
048 1.948804637800e-01
049 1.988361835732e-01
050 1.988401185207e-01
051 2.028577902835e-01
052 2.126211007930e-01
053 2.165607966349e-01
054 2.171749686620e-01
055 2.202832780044e-01
056 2.302085197276e-01
057 2.344064535794e-01
058 2.348024578733e-01
059 2.384063774866e-01
060 2.480981631445e-01
061 2.519432225303e-01
062 2.522239801720e-01
063 2.565496892660e-01
064 2.655244828681e-01
065 2.697758797998e-01
066 2.698278042751e-01
067 2.742958904678e-01
068 2.829597068988e-01
069 2.873288063580e-01
070 2.873550126537e-01
071 2.918218847928e-01
072 3.022455032952e-01
073 3.033385298756e-01
074 3.040540460383e-01
075 3.100472707470e-01
076 3.164670837210e-01
077 3.218378922492e-01
078 3.225262351818e-01
079 3.265795863245e-01
080 3.341989440484e-01
081 3.376169489641e-01
082 3.387825393206e-01
083 3.430731450319e-01
084 3.507461219412e-01
085 3.552930577102e-01
086 3.553575490677e-01
087 3.597485422969e-01
088 3.690385052708e-01
089 3.710052647651e-01
090 3.718870274213e-01
091 3.743866623529e-01
092 3.831151361197e-01
093 3.876402570364e-01
094 3.901296175015e-01
095 3.936607000162e-01
096 3.982686279314e-01
097 4.009369893097e-01
098 4.018859715390e-01
099 4.106978772601e-01
100 4.113916320814e-01
101 4.205381488690e-01
102 4.206617874603e-01
103 4.231274498542e-01
104 4.267339879321e-01
105 4.319565361673e-01
106 4.343640282955e-01
107 4.365772656584e-01
108 4.439341425415e-01
109 4.484895866027e-01
110 4.487419471014e-01
111 4.520526004205e-01
112 4.595519635561e-01
113 4.611344669414e-01
114 4.632174348298e-01
115 4.683310980817e-01
116 4.695174671435e-01
117 4.764904733335e-01
118 4.765954307585e-01
119 4.824295401122e-01
120 4.827948058316e-01
121 4.900927374398e-01
122 4.917624903127e-01
123 4.918663733400e-01
124 5.011123434810e-01
125 5.031373714696e-01
126 5.038205742125e-01
127 5.046238084824e-01
128 5.125592219397e-01
129 5.148224374162e-01
130 5.169967130250e-01
131 5.189104962214e-01
132 5.249956199008e-01
133 5.284170903283e-01
134 5.295285610880e-01
135 5.303769082591e-01
136 5.363192352523e-01
137 5.398971557514e-01
138 5.405761815015e-01
139 5.481425287119e-01
140 5.482734586228e-01
141 5.521290140429e-01
142 5.523056904473e-01
143 5.542510704413e-01
# rank: 0: Eigensolver elapsed time 7.866473783700e+01
# 8 8
