# Hello World! This is dune-eigensolver.
# hardware number of threads is 128 number of threads used is 8
# Smallest eigenvalues performance test

### gen: ftw
000 1.340941246930e-15
001 5.604527277606e-03
002 5.604527277606e-03
003 8.364570214432e-03
004 1.867846170118e-02
005 1.998614563729e-02
006 2.006215972748e-02
007 2.010910270138e-02
008 3.249101534911e-02
009 3.360924827187e-02
010 3.360924859631e-02
011 3.488628758990e-02
012 4.663987845980e-02
013 4.820241822852e-02
014 4.820241836763e-02
015 4.983381253246e-02
016 6.142593660835e-02
017 6.335506813620e-02
018 6.335507829502e-02
019 6.536814825825e-02
020 7.676862058440e-02
021 7.904383380240e-02
022 7.904383906627e-02
023 8.140615375442e-02
024 9.261375487526e-02
025 9.521089510245e-02
026 9.521089510839e-02
027 9.789730499362e-02
028 1.089020649628e-01
029 1.117968223935e-01
030 1.117968733956e-01
031 1.147801391810e-01
032 1.255772218730e-01
033 1.287354947783e-01
034 1.287396939783e-01
035 1.319937110345e-01
036 1.425632885071e-01
037 1.459773862986e-01
038 1.459776578409e-01
039 1.494742594646e-01
040 1.598122691455e-01
041 1.634466880318e-01
042 1.634470695239e-01
043 1.671597107957e-01
044 1.772568054789e-01
045 1.810865952941e-01
046 1.810904746223e-01
047 1.849853826175e-01
048 1.948383935440e-01
049 1.988369595281e-01
050 1.988369943985e-01
051 2.029022133610e-01
052 2.124992958981e-01
053 2.166397939775e-01
054 2.166474931549e-01
055 2.208360219097e-01
056 2.301821270618e-01
057 2.344429315653e-01
058 2.344488001755e-01
059 2.387529426395e-01
060 2.478418659556e-01
061 2.521901573021e-01
062 2.521950686282e-01
063 2.565971951736e-01
064 2.654185803013e-01
065 2.698457414376e-01
066 2.698467600827e-01
067 2.743165367852e-01
068 2.828774118621e-01
069 2.873575460566e-01
070 2.873582236865e-01
071 2.918721522039e-01
072 3.004439310321e-01
073 3.044424076384e-01
074 3.046675907997e-01
075 3.092310116698e-01
076 3.172765251163e-01
077 3.218066031892e-01
078 3.218307537628e-01
079 3.263298269157e-01
080 3.341921447149e-01
081 3.386306630246e-01
082 3.386813708391e-01
083 3.432116312966e-01
084 3.507649883778e-01
085 3.552772530805e-01
086 3.552806485192e-01
087 3.597907183426e-01
088 3.671932538861e-01
089 3.715421710326e-01
090 3.716727035341e-01
091 3.759226279374e-01
092 3.831617512068e-01
093 3.875531648915e-01
094 3.875933655100e-01
095 3.927836918345e-01
096 3.981788400209e-01
097 4.031724603201e-01
098 4.031870801576e-01
099 4.077408558743e-01
100 4.141334689644e-01
101 4.186209709050e-01
102 4.186590692621e-01
103 4.227181348902e-01
104 4.292893753455e-01
105 4.335633175213e-01
106 4.346804127025e-01
107 4.365880300396e-01
108 4.439741131854e-01
109 4.481722498278e-01
110 4.482321622775e-01
111 4.522242665329e-01
112 4.591596208024e-01
113 4.615762612978e-01
114 4.630067329140e-01
115 4.660008284332e-01
116 4.722253471426e-01
117 4.762804245496e-01
118 4.763386139692e-01
119 4.805460111776e-01
120 4.855774208053e-01
121 4.898413507296e-01
122 4.903310139055e-01
123 4.932233055192e-01
124 5.013113387006e-01
125 5.017666462882e-01
126 5.026697051080e-01
127 5.062320812448e-01
128 5.123189764063e-01
129 5.156014797253e-01
130 5.160480480920e-01
131 5.192515496418e-01
132 5.247133185456e-01
133 5.284631679948e-01
134 5.292305840121e-01
135 5.305577451533e-01
136 5.369103351693e-01
137 5.402826454790e-01
138 5.403740506055e-01
139 5.457265985033e-01
140 5.496017962285e-01
141 5.502681207514e-01
142 5.512713785539e-01
143 5.557366611602e-01
# rank: 0: Eigensolver elapsed time 1.553925505910e+02
# 8 8
