# Hello World! This is dune-eigensolver.
# hardware number of threads is 128 number of threads used is 4
# Smallest eigenvalues performance test

### gen: ftw
000 1.340941246930e-15
001 5.604527277606e-03
002 5.604527277606e-03
003 8.364570214432e-03
004 1.867846170118e-02
005 1.998277318209e-02
006 2.001876502208e-02
007 2.015586986199e-02
008 3.249101501550e-02
009 3.360924859484e-02
010 3.360924859524e-02
011 3.488628760161e-02
012 4.663987840684e-02
013 4.820241822816e-02
014 4.820241822834e-02
015 4.983381272508e-02
016 6.142593639816e-02
017 6.335506560477e-02
018 6.335506562377e-02
019 6.536816367113e-02
020 7.676862034883e-02
021 7.904383260382e-02
022 7.904383261774e-02
023 8.140616163710e-02
024 9.261371150109e-02
025 9.521091089651e-02
026 9.521091089756e-02
027 9.789731678455e-02
028 1.089020601316e-01
029 1.117968227850e-01
030 1.117968230337e-01
031 1.147801939826e-01
032 1.255726487583e-01
033 1.287398355351e-01
034 1.287398627062e-01
035 1.319937746645e-01
036 1.425632823176e-01
037 1.459773832763e-01
038 1.459773855176e-01
039 1.494745409998e-01
040 1.598118217623e-01
041 1.634468134803e-01
042 1.634468174726e-01
043 1.671602847816e-01
044 1.772567270682e-01
045 1.810865951019e-01
046 1.810866464327e-01
047 1.849892894102e-01
048 1.948380365068e-01
049 1.988369650930e-01
050 1.988369656866e-01
051 2.029025935453e-01
052 2.124979850043e-01
053 2.166406358723e-01
054 2.166407912013e-01
055 2.208431919128e-01
056 2.301815407115e-01
057 2.344434220894e-01
058 2.344435664237e-01
059 2.387582711045e-01
060 2.478371534735e-01
061 2.521944488091e-01
062 2.521945914802e-01
063 2.565980939662e-01
064 2.654164000968e-01
065 2.698471161992e-01
066 2.698471511768e-01
067 2.743169515636e-01
068 2.828753297461e-01
069 2.873582880299e-01
070 2.873583155516e-01
071 2.918733993430e-01
072 3.001873446319e-01
073 3.046766922675e-01
074 3.046882638342e-01
075 3.092303749173e-01
076 3.172755033789e-01
077 3.218056544005e-01
078 3.218070562574e-01
079 3.263532810259e-01
080 3.341515519825e-01
081 3.386737566240e-01
082 3.386770740589e-01
083 3.432177838377e-01
084 3.507650138839e-01
085 3.552764941233e-01
086 3.552767538028e-01
087 3.597950710548e-01
088 3.671085678747e-01
089 3.715786569942e-01
090 3.715906603386e-01
091 3.760529009252e-01
092 3.833938715509e-01
093 3.873172099951e-01
094 3.875764840144e-01
095 3.920342994759e-01
096 3.988410298574e-01
097 4.032319630828e-01
098 4.032336636622e-01
099 4.076237362193e-01
100 4.142357855795e-01
101 4.185698097131e-01
102 4.185747105573e-01
103 4.228567444610e-01
104 4.292834180742e-01
105 4.335412386797e-01
106 4.337459654413e-01
107 4.375627797285e-01
108 4.439744073725e-01
109 4.481563813737e-01
110 4.481659050232e-01
111 4.523019854938e-01
112 4.584781820069e-01
113 4.622459698114e-01
114 4.644158354934e-01
115 4.644888266414e-01
116 4.722921806530e-01
117 4.762975333308e-01
118 4.763089198416e-01
119 4.803111204776e-01
120 4.858767411998e-01
121 4.898325313861e-01
122 4.899421201256e-01
123 4.936181841905e-01
124 5.009508430846e-01
125 5.017320688757e-01
126 5.026088429877e-01
127 5.066739123164e-01
128 5.121289716799e-01
129 5.157580071542e-01
130 5.158616510389e-01
131 5.194457983295e-01
132 5.246345955925e-01
133 5.283182270218e-01
134 5.295920341160e-01
135 5.304402751879e-01
136 5.368381482462e-01
137 5.403353497375e-01
138 5.403585481220e-01
139 5.443192355563e-01
140 5.488610386260e-01
141 5.515791662113e-01
142 5.519993340586e-01
143 5.555693752160e-01
# rank: 0: Eigensolver elapsed time 2.143148353350e+02
# 8 8
