# Hello World! This is dune-eigensolver.
# hardware number of threads is 128 number of threads used is 16
# Smallest eigenvalues performance test

### gen: ftw
000 1.343977013013e-15
001 5.604527277606e-03
002 5.604527277653e-03
003 8.364570214384e-03
004 1.868616537131e-02
005 1.998264138242e-02
006 2.008227078042e-02
007 2.008479223319e-02
008 3.264727282600e-02
009 3.347826595682e-02
010 3.361162575642e-02
011 3.485863528093e-02
012 4.666240359868e-02
013 4.820265589135e-02
014 4.827226147421e-02
015 4.974137829572e-02
016 6.151783630768e-02
017 6.385841370194e-02
018 6.402316889436e-02
019 6.410483907452e-02
020 7.681321924457e-02
021 7.911877084342e-02
022 7.959987427142e-02
023 8.073114729309e-02
024 9.405940773224e-02
025 9.434671706525e-02
026 9.522633056622e-02
027 9.745417618640e-02
028 1.089258859951e-01
029 1.117730192238e-01
030 1.128565285224e-01
031 1.174261062343e-01
032 1.247869498591e-01
033 1.278528220600e-01
034 1.280617176588e-01
035 1.306706746121e-01
036 1.425053270784e-01
037 1.460193939363e-01
038 1.477714485655e-01
039 1.477898154317e-01
040 1.615189277443e-01
041 1.633218976795e-01
042 1.639531501385e-01
043 1.693531941980e-01
044 1.737901219162e-01
045 1.811377185964e-01
046 1.812030424749e-01
047 1.839995829877e-01
048 1.956390536736e-01
049 1.989579484526e-01
050 1.990006965465e-01
051 2.017355543484e-01
052 2.150003716651e-01
053 2.152703703158e-01
054 2.201294152100e-01
055 2.241109228078e-01
056 2.262151650702e-01
057 2.322562805647e-01
058 2.400773421754e-01
059 2.403543169562e-01
060 2.476401370587e-01
061 2.480264780838e-01
062 2.488384066843e-01
063 2.613143006363e-01
064 2.651494926886e-01
065 2.666854241281e-01
066 2.692370035631e-01
067 2.741829109192e-01
068 2.835846855624e-01
069 2.862149732853e-01
070 2.884016155703e-01
071 2.915298260265e-01
072 3.044544923262e-01
073 3.044641685251e-01
074 3.047375800268e-01
075 3.072118570048e-01
076 3.163044836820e-01
077 3.223611401439e-01
078 3.287395236153e-01
079 3.300925913371e-01
080 3.315627495540e-01
081 3.317235490897e-01
082 3.381707315098e-01
083 3.427390597551e-01
084 3.500628354544e-01
085 3.551515277324e-01
086 3.556796240858e-01
087 3.606719718675e-01
088 3.670411428798e-01
089 3.723390180303e-01
090 3.728265317407e-01
091 3.745285236635e-01
092 3.830465065046e-01
093 3.885776236336e-01
094 3.912060216366e-01
095 3.933623363627e-01
096 3.979569250625e-01
097 4.012014699824e-01
098 4.031127911672e-01
099 4.104433505551e-01
100 4.152008174791e-01
101 4.178763661037e-01
102 4.198819598641e-01
103 4.245671490061e-01
104 4.285342145528e-01
105 4.304280715815e-01
106 4.345960490015e-01
107 4.419466725646e-01
108 4.427434097107e-01
109 4.482921600594e-01
110 4.496146785557e-01
111 4.542273632388e-01
112 4.547495597414e-01
113 4.612978019546e-01
114 4.669165860577e-01
115 4.699249573037e-01
116 4.719384024319e-01
117 4.742379662194e-01
118 4.755493199769e-01
119 4.805348996321e-01
120 4.812702171166e-01
121 4.894973910222e-01
122 4.912930697523e-01
123 4.934826804593e-01
124 5.068824558063e-01
125 5.074269495705e-01
126 5.083663826905e-01
127 5.083785896984e-01
128 5.132884735368e-01
129 5.157615069221e-01
130 5.160508745362e-01
131 5.181707356204e-01
132 5.238960647218e-01
133 5.252979379664e-01
134 5.302238536222e-01
135 5.321812857782e-01
136 5.332917108869e-01
137 5.359328399905e-01
138 5.440683908084e-01
139 5.447494128555e-01
140 5.447811691353e-01
141 5.473257124446e-01
142 5.552128463958e-01
143 5.618483241405e-01
# rank: 0: Eigensolver elapsed time 2.621588518300e+01
# 8 8
