# Hello World! This is dune-eigensolver.
# hardware number of threads is 128 number of threads used is 128
# Smallest eigenvalues performance test

### gen: stw
000 7.268491364343e-16
001 5.604527277606e-03
002 5.604527277606e-03
003 8.364570214432e-03
004 1.867846170122e-02
005 1.998225826971e-02
006 1.998225826974e-02
007 2.019289152698e-02
008 3.249101502342e-02
009 3.360924860507e-02
010 3.360924861355e-02
011 3.488628762234e-02
012 4.663987867090e-02
013 4.820241852509e-02
014 4.820241864136e-02
015 4.983381331748e-02
016 6.142593956673e-02
017 6.335507154180e-02
018 6.335507294175e-02
019 6.536817180663e-02
020 7.676865322163e-02
021 7.904388365137e-02
022 7.904388914682e-02
023 8.140623584224e-02
024 9.261395797953e-02
025 9.521123528594e-02
026 9.521133025229e-02
027 9.789772361094e-02
028 1.089028227944e-01
029 1.117979246382e-01
030 1.117985070707e-01
031 1.147820600159e-01
032 1.255756794490e-01
033 1.287447697735e-01
034 1.287464685139e-01
035 1.320007347558e-01
036 1.425768315536e-01
037 1.459990080547e-01
038 1.460008307199e-01
039 1.494975545073e-01
040 1.598474038889e-01
041 1.634880621979e-01
042 1.635005968796e-01
043 1.672212473194e-01
044 1.773666721185e-01
045 1.812064634799e-01
046 1.814105994257e-01
047 1.851613113539e-01
048 1.951577531832e-01
049 1.991556650959e-01
050 1.992533667345e-01
051 2.033189629394e-01
052 2.131671768835e-01
053 2.171337995462e-01
054 2.176374620556e-01
055 2.218184381190e-01
056 2.317166272091e-01
057 2.357749061125e-01
058 2.362016423287e-01
059 2.406796440044e-01
060 2.501147103452e-01
061 2.549686744320e-01
062 2.563228928688e-01
063 2.602113802242e-01
064 2.700227426024e-01
065 2.756731787384e-01
066 2.769007734339e-01
067 2.799295969836e-01
068 2.918460425909e-01
069 2.963322962749e-01
070 2.999685033499e-01
071 3.037938120496e-01
072 3.194799434194e-01
073 3.212221771047e-01
074 3.254911724207e-01
075 3.321124005125e-01
076 3.421060898807e-01
077 3.441404848450e-01
078 3.539929442848e-01
079 3.629119677972e-01
080 3.685011803583e-01
081 3.779087644732e-01
082 3.890464128698e-01
083 3.950582232173e-01
084 4.000719999329e-01
085 4.151423688820e-01
086 4.260222964836e-01
087 4.375568679103e-01
088 4.468669974526e-01
089 4.569297081809e-01
090 4.681867719007e-01
091 4.838245570749e-01
092 5.231036986092e-01
093 5.271474012302e-01
094 5.355168531312e-01
095 5.449944404838e-01
096 5.576223738927e-01
097 5.711629876071e-01
098 5.865270001447e-01
099 6.065217992637e-01
100 6.252601425035e-01
101 6.461608250340e-01
102 6.598765408998e-01
103 6.947539899736e-01
104 7.036442525333e-01
105 7.173454151351e-01
106 7.276553782769e-01
107 7.379327168805e-01
108 7.473299364241e-01
109 7.708609855301e-01
110 7.819448336011e-01
111 8.031306573819e-01
112 8.189862304266e-01
113 8.278130595235e-01
114 8.294074344310e-01
115 8.401979283659e-01
116 8.477597065598e-01
117 8.602784428044e-01
118 8.712164270781e-01
119 8.760816551838e-01
120 8.866683513115e-01
121 8.904141044230e-01
122 9.029236410145e-01
123 9.182910651787e-01
124 9.252215574755e-01
125 9.315635264285e-01
126 9.358005052651e-01
127 9.363482706349e-01
128 9.428925571425e-01
129 9.496337118476e-01
130 9.553243025611e-01
131 9.570916709274e-01
132 9.611565264331e-01
133 9.618102729923e-01
134 9.644661131951e-01
135 9.699801838342e-01
136 9.700072635291e-01
137 9.774709423803e-01
138 9.796319096746e-01
139 9.806925779840e-01
140 9.839230641133e-01
141 9.852322585059e-01
142 9.861369838274e-01
143 9.877729596508e-01
# rank: 0: Eigensolver elapsed time 3.177286291600e+01
# 8 8
