# Hello World! This is dune-eigensolver.
# hardware number of threads is 128 number of threads used is 1
# Smallest eigenvalues performance test

### gen: ftw
000 1.340941246930e-15
001 5.604527277606e-03
002 5.604527277606e-03
003 8.364570214432e-03
004 1.867846170153e-02
005 1.999952922934e-02
006 2.000626930424e-02
007 2.015160953222e-02
008 3.249107110933e-02
009 3.360919551365e-02
010 3.360924892126e-02
011 3.488628426295e-02
012 4.663988655470e-02
013 4.820241829337e-02
014 4.820244128896e-02
015 4.983378145137e-02
016 6.142596070369e-02
017 6.335537673051e-02
018 6.335661435986e-02
019 6.536627950376e-02
020 7.676864159257e-02
021 7.904394498365e-02
022 7.904443730926e-02
023 8.140542332202e-02
024 9.261681924847e-02
025 9.520978454517e-02
026 9.520979798077e-02
027 9.789644830531e-02
028 1.089023404091e-01
029 1.117968043469e-01
030 1.117997900531e-01
031 1.147769651237e-01
032 1.257764314892e-01
033 1.285470706060e-01
034 1.287318994182e-01
035 1.319907201514e-01
036 1.425635265992e-01
037 1.459775029609e-01
038 1.459881096099e-01
039 1.494634529407e-01
040 1.598265440582e-01
041 1.634426979544e-01
042 1.634550226818e-01
043 1.671414741009e-01
044 1.772589332348e-01
045 1.810866003506e-01
046 1.811900110484e-01
047 1.848837121861e-01
048 1.948465136930e-01
049 1.988368037712e-01
050 1.988375907001e-01
051 2.028936525848e-01
052 2.125246973817e-01
053 2.166233537744e-01
054 2.167712684695e-01
055 2.207038867823e-01
056 2.301913036954e-01
057 2.344347715618e-01
058 2.345328789578e-01
059 2.386679386136e-01
060 2.479080949953e-01
061 2.521291306626e-01
062 2.522018733024e-01
063 2.565847830602e-01
064 2.654457621737e-01
065 2.698283421136e-01
066 2.698419458045e-01
067 2.743114034409e-01
068 2.829000278334e-01
069 2.873494417565e-01
070 2.873571852578e-01
071 2.918587261392e-01
072 3.019692940710e-01
073 3.031263708755e-01
074 3.044762438909e-01
075 3.093342863491e-01
076 3.171830473051e-01
077 3.218147429481e-01
078 3.220258592105e-01
079 3.262706241720e-01
080 3.343498580415e-01
081 3.383172003473e-01
082 3.387134982387e-01
083 3.431670824199e-01
084 3.507621628136e-01
085 3.552823155627e-01
086 3.553063750118e-01
087 3.597685287768e-01
088 3.677815146200e-01
089 3.713360493739e-01
090 3.719468141172e-01
091 3.752643055849e-01
092 3.831356181567e-01
093 3.875969487040e-01
094 3.878656919962e-01
095 3.942913930408e-01
096 3.971388329063e-01
097 4.027721350251e-01
098 4.028352478923e-01
099 4.088774162260e-01
100 4.130685709094e-01
101 4.190160609776e-01
102 4.191957148089e-01
103 4.223947578068e-01
104 4.289381989748e-01
105 4.333921763128e-01
106 4.350431968426e-01
107 4.360742176808e-01
108 4.439649615004e-01
109 4.482587256683e-01
110 4.484598116381e-01
111 4.520189104746e-01
112 4.602972260316e-01
113 4.604338067299e-01
114 4.627271946895e-01
115 4.671602950078e-01
116 4.714140466243e-01
117 4.763035058569e-01
118 4.764267486307e-01
119 4.816854482662e-01
120 4.841552584665e-01
121 4.899057621357e-01
122 4.911402788852e-01
123 4.924210559665e-01
124 5.011168545418e-01
125 5.027847158758e-01
126 5.029892575057e-01
127 5.052547344678e-01
128 5.126382082377e-01
129 5.151862508506e-01
130 5.165096987946e-01
131 5.189311120169e-01
132 5.249490267398e-01
133 5.285756943653e-01
134 5.288223817433e-01
135 5.306592847773e-01
136 5.368896936559e-01
137 5.401370032641e-01
138 5.404347747963e-01
139 5.474217186256e-01
140 5.486016206992e-01
141 5.505017506510e-01
142 5.513313433914e-01
143 5.557728971027e-01
# rank: 0: Eigensolver elapsed time 9.913504522600e+01
# 8 8
