# Hello World! This is dune-eigensolver.
# hardware number of threads is 128 number of threads used is 128
# Smallest eigenvalues performance test

### gen: stw
000 -1.517883041480e-16
001 5.604527277618e-03
002 5.604527277622e-03
003 8.364570214676e-03
004 1.867846176891e-02
005 1.998225839063e-02
006 1.998225844755e-02
007 2.019289168343e-02
008 3.249102026490e-02
009 3.360925434212e-02
010 3.360925921667e-02
011 3.488629787151e-02
012 4.663995978099e-02
013 4.820251290924e-02
014 4.820253594087e-02
015 4.983397796160e-02
016 6.142655421245e-02
017 6.335601033531e-02
018 6.335636413014e-02
019 6.536941876963e-02
020 7.677246469021e-02
021 7.904899372944e-02
022 7.905051479040e-02
023 8.141363309725e-02
024 9.263224502659e-02
025 9.523429533530e-02
026 9.523833905601e-02
027 9.792680236716e-02
028 1.089469165917e-01
029 1.118600487231e-01
030 1.118847124198e-01
031 1.148745774878e-01
032 1.257078481149e-01
033 1.289386739508e-01
034 1.290124864247e-01
035 1.322809552882e-01
036 1.430394905645e-01
037 1.466786854671e-01
038 1.467579455489e-01
039 1.502763603178e-01
040 1.607914031093e-01
041 1.645538844296e-01
042 1.648880138715e-01
043 1.686986402314e-01
044 1.798158538643e-01
045 1.835978827045e-01
046 1.871524965998e-01
047 1.887615123737e-01
048 2.002022821629e-01
049 2.044380256577e-01
050 2.053992947074e-01
051 2.100879163718e-01
052 2.221753614175e-01
053 2.244136875264e-01
054 2.308755871492e-01
055 2.350331518961e-01
056 2.480811495315e-01
057 2.524452427901e-01
058 2.540589979117e-01
059 2.618522015348e-01
060 2.735169078974e-01
061 2.810682817217e-01
062 2.967438426008e-01
063 3.007927882091e-01
064 3.092423559358e-01
065 3.240659892239e-01
066 3.304340029615e-01
067 3.409462029170e-01
068 3.611522388874e-01
069 3.671669182626e-01
070 3.783216483764e-01
071 3.816980274994e-01
072 4.151339083377e-01
073 4.412070652281e-01
074 4.504924860809e-01
075 4.598698958079e-01
076 4.724022219078e-01
077 4.917557011872e-01
078 5.015529914552e-01
079 5.165589267073e-01
080 5.493558437784e-01
081 5.703117346038e-01
082 5.846605412589e-01
083 5.951468469504e-01
084 6.165760268554e-01
085 6.302934679240e-01
086 6.498343195130e-01
087 6.622164523116e-01
088 6.895558209059e-01
089 6.941027265361e-01
090 7.075881024867e-01
091 7.282496371676e-01
092 7.579711895696e-01
093 7.637890501420e-01
094 7.807444894620e-01
095 7.944218769585e-01
096 8.072511414517e-01
097 8.213220730436e-01
098 8.315715982278e-01
099 8.338532693676e-01
100 8.466985266944e-01
101 8.595827165292e-01
102 8.735824277245e-01
103 8.885651510187e-01
104 8.991752667094e-01
105 8.995994630803e-01
106 9.057742357888e-01
107 9.074751907809e-01
108 9.148980780479e-01
109 9.239902754510e-01
110 9.291821414763e-01
111 9.367930317316e-01
112 9.422437713938e-01
113 9.439164653596e-01
114 9.476494485530e-01
115 9.480141132767e-01
116 9.505499537754e-01
117 9.554170030917e-01
118 9.584073522285e-01
119 9.596824431783e-01
120 9.642343130953e-01
121 9.664161957623e-01
122 9.699898819275e-01
123 9.728499148927e-01
124 9.742693836547e-01
125 9.776543091867e-01
126 9.781217065567e-01
127 9.788599070999e-01
128 9.808681962445e-01
129 9.826057879480e-01
130 9.841900254308e-01
131 9.846857324779e-01
132 9.859635276010e-01
133 9.861924686547e-01
134 9.872406047550e-01
135 9.879069735826e-01
136 9.887508372907e-01
137 9.906000833421e-01
138 9.916149300017e-01
139 9.921684989674e-01
140 9.930326249938e-01
141 9.933922162835e-01
142 9.937659754945e-01
143 9.943787586834e-01
# rank: 0: Eigensolver elapsed time 2.661996599700e+01
# 8 8
