# Hello World! This is dune-eigensolver.
# hardware number of threads is 128 number of threads used is 16
# Smallest eigenvalues performance test

### gen: ftw
000 1.544065735947e-09
001 5.626164189805e-03
002 6.890151989569e-03
003 7.933721446131e-03
004 1.941025039368e-02
005 2.107410835424e-02
006 2.109027001051e-02
007 2.927273190713e-02
008 2.933465354520e-02
009 3.092471433616e-02
010 3.698047455501e-02
011 3.974784757449e-02
012 4.970895417970e-02
013 5.025694161194e-02
014 5.163182134598e-02
015 5.531823773916e-02
016 5.734328803127e-02
017 5.872121039708e-02
018 7.003834432672e-02
019 7.333641397456e-02
020 7.505841959599e-02
021 7.943377274162e-02
022 8.183052783666e-02
023 9.292719944990e-02
024 9.480331201291e-02
025 9.753224683737e-02
026 1.036860580388e-01
027 1.048943771212e-01
028 1.063134462490e-01
029 1.113275546882e-01
030 1.150989272316e-01
031 1.327454247906e-01
032 1.393914258925e-01
033 1.395805041770e-01
034 1.433786853021e-01
035 1.437980576002e-01
036 1.680257602613e-01
037 1.723669811150e-01
038 1.723998207176e-01
039 1.729172369541e-01
040 1.743772340494e-01
041 1.763550116607e-01
042 1.794262128180e-01
043 2.066153842284e-01
044 2.161590528921e-01
045 2.176183073568e-01
046 2.308489369065e-01
047 2.405176281261e-01
048 2.430847855018e-01
049 2.536654375943e-01
050 2.650626234474e-01
051 2.812408049668e-01
052 2.938170932580e-01
053 2.948310642746e-01
054 3.202831204145e-01
055 3.277287972257e-01
056 3.309940912207e-01
057 3.608000295686e-01
058 4.004285380700e-01
059 4.101538704775e-01
060 4.225717256170e-01
061 4.479047420004e-01
062 4.647160495935e-01
063 4.718700446904e-01
064 4.946265420833e-01
065 5.066311425910e-01
066 5.506602731958e-01
067 5.508407833676e-01
068 5.702405422555e-01
069 5.738646952650e-01
070 5.759407386410e-01
071 5.775710779641e-01
072 5.801845835821e-01
073 5.836528411825e-01
074 5.841638741923e-01
075 5.856696496871e-01
076 6.015364610464e-01
077 6.030082847399e-01
078 6.197266302532e-01
079 6.235047023354e-01
080 6.265653277119e-01
081 6.300127214377e-01
082 6.372271109959e-01
083 6.412138733003e-01
084 6.549466201485e-01
085 6.779797982902e-01
086 6.978644205728e-01
087 7.004973724267e-01
088 7.042960787975e-01
089 7.193323241447e-01
090 7.205911534734e-01
091 7.230607542135e-01
092 7.265037652776e-01
093 7.304589686006e-01
094 7.376805394881e-01
095 7.477496988383e-01
096 7.529219054928e-01
097 7.537368068353e-01
098 7.573750045917e-01
099 7.650759292354e-01
100 7.763862292686e-01
101 7.802432487493e-01
102 7.810193858074e-01
103 7.844998254003e-01
104 7.870761544574e-01
105 7.905455787198e-01
106 8.030133899603e-01
107 8.059173328400e-01
108 8.063974479929e-01
109 8.069369831525e-01
110 8.091428824111e-01
111 8.167937064258e-01
112 8.242621760754e-01
113 8.251981287119e-01
114 8.262722737125e-01
115 8.275261785375e-01
116 8.311523241878e-01
117 8.314093935440e-01
118 8.346211920661e-01
119 8.382309265892e-01
120 8.413025365739e-01
121 8.449900092593e-01
122 8.450701274091e-01
123 8.591102792174e-01
124 8.627442399352e-01
125 8.645657061680e-01
126 8.650665610888e-01
127 8.653398101077e-01
128 8.659329361526e-01
129 8.661240355526e-01
130 8.669657592874e-01
131 8.713343561804e-01
132 8.719809734026e-01
133 8.741299945668e-01
134 8.743060981799e-01
135 8.772985806743e-01
136 8.776913336749e-01
137 8.779461307248e-01
138 8.849588219254e-01
139 8.902073259581e-01
140 8.904499346167e-01
141 8.988002103783e-01
142 9.042089586502e-01
143 9.208766545911e-01
# rank: 0: Eigensolver elapsed time 3.626638040000e+00
# 8 8
